ID,fracocc_1,fracocc_2,fracocc_3,fracocc_4,fracocc_5,dwell_1,dwell_2,dwell_3,dwell_4,dwell_5
sub-002144a4,0.232558,0.186047,0.255814,0.139535,0.186047,3.333333,2.000000,1.833333,1.500000,2.000000
sub-01f9b016,0.268293,0.317073,0.134146,0.195122,0.085366,2.444444,2.888889,1.571429,1.600000,1.400000
sub-027054b4,0.220779,0.090909,0.116883,0.272727,0.298701,2.428571,1.166667,1.800000,2.333333,2.300000
sub-043cc212,0.133333,0.250000,0.200000,0.283333,0.133333,2.666667,2.500000,2.000000,2.125000,2.000000
sub-04d04ea4,0.187500,0.250000,0.229167,0.229167,0.104167,2.250000,1.714286,1.833333,1.571429,1.666667
sub-04ea294f,0.306452,0.290323,0.096774,0.064516,0.241935,2.375000,2.571429,1.200000,1.000000,2.142857
sub-05a3dcd8,0.173913,0.206522,0.293478,0.130435,0.195652,2.285714,1.900000,2.076923,2.000000,2.250000
sub-05e2a0c1,0.278689,0.213115,0.180328,0.213115,0.114754,2.833333,2.600000,2.200000,2.600000,1.400000
sub-06049101,0.258621,0.189655,0.172414,0.206897,0.172414,2.000000,1.833333,1.818182,1.600000,1.666667
sub-06247dd4,0.121951,0.292683,0.195122,0.121951,0.268293,1.666667,2.400000,2.000000,1.666667,2.200000
sub-067ed1e5,0.191489,0.297872,0.106383,0.212766,0.191489,1.800000,2.333333,1.250000,2.000000,1.800000
sub-0690e761,0.205607,0.308411,0.130841,0.140187,0.214953,2.750000,2.062500,1.555556,1.500000,2.300000
sub-0702da0a,0.216216,0.252252,0.171171,0.189189,0.171171,2.666667,2.153846,1.900000,1.909091,1.727273
sub-07639182,0.073171,0.146341,0.317073,0.146341,0.317073,1.500000,1.500000,2.166667,2.000000,3.250000
sub-07bb0c3d,0.192308,0.166667,0.166667,0.307692,0.166667,2.500000,1.857143,1.857143,2.400000,2.166667
sub-07f81fd1,0.296296,0.333333,0.166667,0.166667,0.037037,3.200000,2.769231,1.636364,1.500000,1.333333
sub-082bf2e9,0.278481,0.189873,0.227848,0.151899,0.151899,2.750000,1.666667,2.571429,1.500000,2.400000
sub-0843ac34,0.275362,0.188406,0.217391,0.188406,0.130435,2.714286,2.166667,3.000000,1.857143,1.800000
sub-0861ebb9,0.358974,0.333333,0.102564,0.111111,0.094017,3.818182,3.545455,1.500000,1.625000,1.375000
sub-0905f56e,0.230088,0.265487,0.194690,0.238938,0.070796,2.166667,2.307692,2.000000,1.928571,1.142857
sub-09ab4ffe,0.301370,0.356164,0.109589,0.027397,0.205479,3.142857,3.714286,1.000000,2.000000,2.142857
sub-09b2bd27,0.208333,0.263889,0.166667,0.236111,0.125000,2.142857,2.375000,1.333333,2.428571,1.125000
sub-0a01b9d9,0.165138,0.192661,0.247706,0.192661,0.201835,2.571429,3.000000,3.000000,2.333333,1.833333
sub-0a588feb,0.245614,0.175439,0.228070,0.157895,0.192982,2.333333,2.000000,2.166667,1.800000,1.833333
sub-0a6b75dd,0.209302,0.279070,0.139535,0.162791,0.209302,1.800000,2.000000,2.000000,1.750000,2.250000
sub-0a6d3b93,0.291262,0.262136,0.165049,0.174757,0.106796,3.000000,3.000000,2.125000,2.000000,1.833333
sub-0c8924f1,0.108696,0.000000,0.369565,0.391304,0.130435,2.500000,NaN,3.400000,3.600000,1.500000
sub-0cb28382,0.291667,0.300000,0.091667,0.125000,0.191667,2.916667,2.400000,1.571429,1.500000,2.555556
sub-0d76c045,0.158537,0.146341,0.317073,0.256098,0.121951,2.166667,2.000000,2.600000,2.625000,1.666667
sub-0d8c474d,0.083333,0.062500,0.333333,0.427083,0.093750,1.600000,1.500000,2.909091,3.153846,1.500000
sub-0e38a13d,0.281250,0.302083,0.177083,0.187500,0.052083,3.000000,2.230769,2.428571,1.636364,1.000000
sub-0ece6939,0.242105,0.115789,0.242105,0.168421,0.231579,2.090909,1.571429,2.300000,2.000000,2.444444
sub-0eeacdcc,0.209302,0.116279,0.162791,0.279070,0.232558,2.250000,1.250000,1.750000,2.400000,2.000000
sub-0fd33fbd,0.283019,0.226415,0.160377,0.056604,0.273585,3.000000,2.400000,1.700000,1.500000,2.230769
sub-100ae6a8,0.403226,0.282258,0.096774,0.080645,0.137097,3.571429,3.500000,2.400000,1.111111,2.125000
sub-102dbf16,0.209302,0.139535,0.325581,0.279070,0.046512,1.800000,1.500000,2.333333,2.400000,1.000000
sub-10cc8e1a,0.247706,0.321101,0.183486,0.155963,0.091743,3.000000,2.500000,1.818182,1.700000,2.000000
sub-10ef2d14,0.178218,0.198020,0.158416,0.217822,0.247525,1.636364,2.222222,1.600000,2.000000,2.083333
sub-111c7d70,0.297521,0.214876,0.115702,0.198347,0.173554,2.250000,2.166667,1.750000,1.600000,2.625000
sub-11ac5d6f,0.153846,0.153846,0.192308,0.173077,0.326923,2.000000,2.000000,2.000000,2.250000,2.125000
sub-11c2856c,0.280374,0.271028,0.158879,0.102804,0.186916,2.307692,2.900000,1.888889,1.833333,2.500000
sub-11d0f29c,0.228070,0.210526,0.228070,0.210526,0.122807,1.625000,2.000000,1.625000,1.500000,2.333333
sub-1312d0ff,0.352459,0.311475,0.081967,0.122951,0.131148,3.307692,3.166667,1.250000,1.500000,2.285714
sub-1320dd84,0.180556,0.152778,0.263889,0.250000,0.152778,1.857143,1.833333,1.900000,2.250000,1.571429
sub-1332af4c,0.166667,0.200000,0.266667,0.183333,0.183333,3.333333,3.000000,2.666667,1.571429,1.833333
sub-15a4b244,0.142857,0.207792,0.246753,0.181818,0.220779,1.833333,2.285714,1.727273,2.000000,2.833333
sub-163d7ed3,0.203390,0.186441,0.237288,0.338983,0.033898,2.000000,1.833333,2.000000,2.500000,1.000000
sub-16433f95,0.182796,0.118280,0.333333,0.322581,0.043011,1.416667,1.222222,2.384615,2.000000,2.000000
sub-16aa832a,0.062500,0.125000,0.375000,0.312500,0.125000,1.500000,1.200000,2.571429,2.142857,1.200000
sub-17a0e410,0.235294,0.196078,0.205882,0.186275,0.176471,2.666667,2.500000,2.625000,1.583333,2.000000
sub-17a748b7,0.250000,0.142857,0.238095,0.190476,0.178571,2.100000,1.500000,2.222222,2.000000,1.875000
sub-17d6eab1,0.173913,0.195652,0.326087,0.304348,0.000000,2.000000,1.800000,2.500000,2.333333,NaN
sub-189c4ed9,0.181818,0.103896,0.272727,0.324675,0.116883,3.500000,1.600000,1.750000,2.500000,1.500000
sub-18ebfa2a,0.238806,0.223881,0.179104,0.298507,0.059701,2.285714,2.142857,2.000000,1.818182,1.333333
sub-199064eb,0.111111,0.174603,0.301587,0.126984,0.285714,1.400000,2.200000,2.375000,2.000000,2.250000
sub-1a220630,0.294118,0.362745,0.107843,0.166667,0.068627,2.500000,4.111111,1.222222,2.125000,1.750000
sub-1a220b08,0.325000,0.316667,0.100000,0.091667,0.166667,3.545455,2.533333,1.500000,1.833333,2.000000
sub-1a554710,0.108696,0.065217,0.369565,0.413043,0.043478,1.250000,1.500000,3.400000,3.800000,1.000000
sub-1ab48098,0.186047,0.186047,0.255814,0.302326,0.069767,4.000000,2.666667,1.833333,2.600000,1.500000
sub-1abb75bb,0.121495,0.121495,0.383178,0.299065,0.074766,1.625000,1.625000,3.727273,2.666667,1.333333
sub-1ad3126c,0.333333,0.333333,0.133333,0.142857,0.057143,5.000000,3.181818,2.000000,1.875000,1.200000
sub-1b04c4e8,0.258929,0.232143,0.232143,0.169643,0.107143,3.222222,2.600000,2.166667,1.900000,2.400000
sub-1b158b53,0.350000,0.330000,0.120000,0.060000,0.140000,3.888889,3.666667,2.000000,2.000000,2.000000
sub-1b26a3a7,0.206897,0.103448,0.362069,0.310345,0.017241,1.714286,2.000000,2.625000,2.571429,1.000000
sub-1b3249e3,0.400000,0.304762,0.076190,0.076190,0.142857,3.230769,2.666667,1.142857,1.142857,1.666667
sub-1b4d987d,0.153846,0.141026,0.217949,0.358974,0.128205,1.200000,1.833333,1.700000,2.545455,2.500000
sub-1ba70ca4,0.290909,0.345455,0.090909,0.163636,0.109091,2.000000,2.714286,1.250000,2.250000,1.500000
sub-1df8b621,0.296296,0.234568,0.185185,0.197531,0.086420,2.400000,1.900000,1.875000,1.777778,1.750000
sub-1f1c771a,0.308824,0.279412,0.161765,0.176471,0.073529,2.625000,2.714286,1.571429,1.500000,1.666667
sub-1f3aff89,0.388889,0.240741,0.148148,0.148148,0.074074,4.200000,2.166667,1.333333,2.000000,1.333333
sub-200e44cf,0.077922,0.116883,0.311688,0.363636,0.129870,1.000000,1.800000,2.400000,2.545455,1.666667
sub-2063f677,0.123457,0.172840,0.296296,0.259259,0.148148,1.428571,2.000000,2.181818,1.750000,1.500000
sub-209adc63,0.221053,0.147368,0.147368,0.189474,0.294737,2.333333,1.750000,1.400000,2.250000,2.800000
sub-20f2c2dc,0.057143,0.100000,0.328571,0.200000,0.314286,1.333333,1.400000,2.300000,1.750000,2.200000
sub-22521d13,0.121951,0.390244,0.097561,0.146341,0.243902,1.666667,2.666667,2.000000,2.000000,2.000000
sub-242e6201,0.134021,0.154639,0.257732,0.340206,0.113402,1.625000,2.142857,2.500000,2.750000,1.375000
sub-28b7fb5c,0.164835,0.263736,0.142857,0.197802,0.230769,1.666667,2.000000,1.444444,1.800000,2.333333
sub-28cb3ca5,0.071429,0.166667,0.357143,0.380952,0.023810,1.500000,1.166667,1.875000,2.000000,1.000000
sub-29113867,0.262712,0.220339,0.169492,0.110169,0.237288,2.583333,2.000000,1.538462,1.444444,2.333333
sub-2ad31d26,0.290909,0.145455,0.145455,0.209091,0.209091,2.666667,2.285714,2.000000,2.300000,2.555556
sub-2b0871d6,0.355372,0.297521,0.115702,0.066116,0.165289,3.583333,3.600000,1.750000,1.142857,1.818182
sub-2b2a6376,0.200000,0.250000,0.225000,0.225000,0.100000,1.600000,1.666667,1.500000,1.800000,1.000000
sub-2bc4d8d2,0.245283,0.169811,0.169811,0.094340,0.320755,2.600000,1.800000,1.800000,1.000000,2.125000
sub-2ca07b08,0.287037,0.305556,0.138889,0.175926,0.092593,2.583333,3.300000,1.363636,1.900000,1.250000
sub-2d4a2c97,0.207921,0.198020,0.198020,0.227723,0.168317,2.625000,2.222222,2.222222,2.300000,2.428571
sub-2dee6861,0.305785,0.363636,0.090909,0.107438,0.132231,3.363636,3.666667,1.375000,1.444444,1.777778
sub-2e76170f,0.102564,0.085470,0.333333,0.358974,0.119658,1.333333,2.000000,3.545455,3.000000,2.000000
sub-2e86e2e1,0.094828,0.120690,0.379310,0.370690,0.034483,1.375000,1.750000,3.384615,2.866667,1.000000
sub-300b9a4e,0.378378,0.283784,0.121622,0.121622,0.094595,4.000000,2.625000,1.800000,2.250000,1.750000
sub-322b1968,0.176471,0.137255,0.176471,0.215686,0.294118,1.800000,2.333333,2.250000,1.833333,2.142857
sub-32ba90c6,0.100000,0.090000,0.380000,0.370000,0.060000,1.250000,1.285714,2.533333,2.466667,1.200000
sub-336c6a14,0.150000,0.225000,0.300000,0.325000,0.000000,2.000000,1.500000,2.400000,3.250000,NaN
sub-3460267b,0.329787,0.404255,0.095745,0.031915,0.138298,2.818182,2.923077,1.500000,1.000000,1.444444
sub-3550eb0f,0.381818,0.345455,0.081818,0.100000,0.090909,3.500000,2.714286,1.500000,1.571429,1.428571
sub-35bbf385,0.122807,0.087719,0.377193,0.289474,0.122807,2.000000,1.666667,3.071429,2.750000,1.555556
sub-3640fe52,0.326531,0.285714,0.153061,0.112245,0.122449,2.909091,2.800000,1.875000,1.375000,1.500000
sub-36519dd0,0.295652,0.243478,0.113043,0.130435,0.217391,3.090909,2.333333,2.166667,1.875000,1.923077
sub-37165862,0.119048,0.214286,0.261905,0.309524,0.095238,1.250000,1.500000,2.200000,2.600000,1.333333
sub-3848b58d,0.155556,0.044444,0.422222,0.288889,0.088889,1.750000,1.000000,2.714286,2.600000,2.000000
sub-38c5639c,0.145161,0.225806,0.274194,0.241935,0.112903,2.250000,2.000000,2.833333,3.000000,1.750000
sub-38f314cd,0.285714,0.309524,0.190476,0.142857,0.071429,2.181818,2.600000,1.777778,1.500000,1.200000
sub-39673a69,0.173913,0.182609,0.217391,0.286957,0.139130,2.222222,1.909091,1.785714,1.833333,1.600000
sub-3994de59,0.262295,0.114754,0.180328,0.229508,0.213115,2.000000,1.750000,1.571429,1.750000,2.166667
sub-3a0daaaf,0.333333,0.271930,0.114035,0.140351,0.140351,3.166667,3.100000,1.625000,1.777778,1.777778
sub-3a2dfb74,0.241071,0.241071,0.214286,0.250000,0.053571,2.454545,2.454545,1.846154,2.545455,1.200000
sub-3a78a22f,0.207547,0.226415,0.207547,0.169811,0.188679,2.200000,2.000000,2.200000,2.250000,2.500000
sub-3b3bd955,0.272727,0.136364,0.159091,0.250000,0.181818,3.000000,1.200000,1.750000,2.200000,2.000000
sub-3cfbfc02,0.116279,0.046512,0.348837,0.232558,0.255814,1.250000,1.000000,2.142857,2.500000,2.200000
sub-3d028654,0.114286,0.171429,0.271429,0.328571,0.114286,1.600000,1.500000,2.111111,2.555556,1.600000
sub-3d210a9b,0.314815,0.314815,0.120370,0.120370,0.129630,2.833333,3.090909,1.300000,1.300000,2.800000
sub-3eb8d3bf,0.048780,0.048780,0.390244,0.390244,0.121951,1.000000,2.000000,2.666667,2.666667,1.666667
sub-40293e84,0.117647,0.058824,0.392157,0.392157,0.039216,1.500000,1.500000,3.333333,2.222222,2.000000
sub-4032cf6b,0.045455,0.015152,0.333333,0.424242,0.181818,1.000000,1.000000,2.750000,2.545455,2.400000
sub-40f47868,0.314286,0.295238,0.190476,0.133333,0.066667,2.750000,2.818182,1.538462,1.750000,1.166667
sub-41220b0b,0.217391,0.289855,0.188406,0.130435,0.173913,2.142857,2.222222,1.857143,1.285714,1.714286
sub-41370528,0.363636,0.290909,0.118182,0.154545,0.072727,3.333333,2.666667,1.857143,1.545455,1.333333
sub-417434b4,0.253968,0.222222,0.158730,0.158730,0.206349,2.285714,1.555556,1.428571,1.666667,2.166667
sub-41856e5d,0.115789,0.178947,0.231579,0.252632,0.221053,1.833333,2.125000,3.142857,2.181818,2.333333
sub-41c3d142,0.250000,0.215909,0.250000,0.215909,0.068182,2.444444,3.166667,2.750000,2.111111,1.000000
sub-41fbc0f3,0.379747,0.303797,0.088608,0.088608,0.139241,2.727273,2.666667,1.166667,1.000000,1.375000
sub-4334c34a,0.363636,0.354545,0.136364,0.090909,0.054545,3.076923,3.900000,1.500000,1.666667,1.500000
sub-437761bd,0.370370,0.407407,0.092593,0.037037,0.092593,2.857143,3.666667,1.666667,2.000000,1.666667
sub-43ebfbbb,0.138614,0.089109,0.376238,0.336634,0.059406,1.750000,1.800000,3.454545,3.400000,1.200000
sub-445369ee,0.313953,0.186047,0.174419,0.139535,0.186047,2.454545,2.285714,2.142857,1.500000,2.000000
sub-4515049b,0.275862,0.258621,0.224138,0.137931,0.103448,2.000000,3.000000,1.857143,1.600000,2.000000
sub-451edb82,0.312500,0.375000,0.083333,0.125000,0.104167,3.750000,3.000000,1.333333,2.000000,1.666667
sub-45963cd9,0.352941,0.352941,0.126050,0.092437,0.075630,2.625000,3.000000,1.666667,1.571429,1.285714
sub-46c94944,0.318841,0.246377,0.159420,0.159420,0.115942,2.000000,2.125000,1.833333,1.222222,1.600000
sub-4705928b,0.086957,0.086957,0.282609,0.413043,0.130435,2.000000,1.000000,1.857143,2.714286,1.500000
sub-47b5cd5d,0.250000,0.350000,0.150000,0.200000,0.050000,2.500000,2.800000,1.500000,1.600000,1.000000
sub-47ff0b5d,0.145455,0.181818,0.200000,0.254545,0.218182,2.000000,2.000000,1.833333,2.800000,1.333333
sub-48301435,0.161290,0.169355,0.258065,0.250000,0.161290,2.500000,1.750000,2.666667,2.384615,1.818182
sub-4892df67,0.215054,0.225806,0.247312,0.215054,0.096774,1.666667,2.333333,2.300000,2.000000,1.500000
sub-48f34a50,0.197674,0.220930,0.174419,0.186047,0.220930,2.428571,2.375000,1.666667,2.285714,1.900000
sub-490a5440,0.098039,0.117647,0.372549,0.117647,0.294118,1.250000,2.000000,2.714286,1.500000,2.500000
sub-4a3363b4,0.222222,0.262626,0.171717,0.181818,0.161616,2.444444,2.000000,1.700000,1.636364,1.600000
sub-4baf4e00,0.025000,0.050000,0.200000,0.425000,0.300000,1.000000,2.000000,2.000000,2.833333,2.400000
sub-4bfc7483,0.380000,0.320000,0.100000,0.140000,0.060000,2.923077,3.200000,2.000000,1.555556,1.500000
sub-4c9e5f08,0.241071,0.285714,0.187500,0.098214,0.187500,2.454545,3.200000,1.500000,1.375000,2.333333
sub-4ce20477,0.040816,0.040816,0.367347,0.510204,0.040816,1.000000,1.000000,2.250000,3.571429,1.000000
sub-4d3ebb1f,0.210526,0.175439,0.122807,0.228070,0.263158,1.714286,1.428571,1.400000,1.857143,1.875000
sub-4d7de89b,0.173913,0.021739,0.326087,0.304348,0.173913,2.000000,1.000000,1.666667,2.333333,1.600000
sub-4d82789f,0.191304,0.226087,0.200000,0.243478,0.139130,2.750000,2.363636,1.916667,2.153846,1.600000
sub-4e66fd00,0.268817,0.301075,0.204301,0.193548,0.032258,2.500000,2.545455,1.583333,1.636364,1.000000
sub-4eb39e66,0.158416,0.237624,0.148515,0.267327,0.188119,2.285714,3.428571,1.666667,1.687500,1.727273
sub-4ee3bec8,0.285714,0.089286,0.285714,0.107143,0.232143,2.666667,1.666667,2.666667,1.200000,2.600000
sub-4fe3efa8,0.166667,0.083333,0.291667,0.319444,0.138889,1.714286,2.000000,2.625000,2.090909,1.666667
sub-503a9485,0.125000,0.166667,0.333333,0.250000,0.125000,1.500000,1.333333,2.666667,2.000000,1.500000
sub-51d4527b,0.210000,0.220000,0.260000,0.250000,0.060000,1.750000,2.444444,2.000000,1.562500,1.500000
sub-536444bd,0.107143,0.071429,0.392857,0.285714,0.142857,1.500000,2.000000,2.750000,2.000000,1.600000
sub-539c0a2c,0.285714,0.267857,0.107143,0.160714,0.178571,2.666667,1.666667,1.200000,1.800000,2.000000
sub-53ca96bd,0.047619,0.166667,0.380952,0.119048,0.285714,1.000000,1.400000,2.285714,1.666667,2.400000
sub-53ebe38a,0.025000,0.150000,0.375000,0.450000,0.000000,1.000000,1.500000,3.000000,2.571429,NaN
sub-546b5793,0.214286,0.228571,0.157143,0.200000,0.200000,1.875000,2.000000,2.200000,2.000000,2.000000
sub-5487a0a4,0.057692,0.038462,0.230769,0.326923,0.346154,1.000000,1.000000,1.500000,1.888889,1.800000
sub-557edca4,0.333333,0.256410,0.038462,0.141026,0.230769,4.333333,2.857143,1.500000,2.200000,2.571429
sub-572ae124,0.262295,0.336066,0.114754,0.106557,0.180328,2.909091,2.928571,1.750000,1.444444,1.833333
sub-57799fa6,0.169231,0.138462,0.230769,0.323077,0.138462,2.200000,1.500000,2.500000,2.625000,1.285714
sub-57a99ec4,0.170732,0.182927,0.304878,0.243902,0.097561,2.000000,1.500000,2.272727,2.500000,2.000000
sub-58599b98,0.078125,0.125000,0.375000,0.312500,0.109375,1.666667,1.142857,2.666667,2.000000,1.400000
sub-58d30253,0.357143,0.309524,0.142857,0.095238,0.095238,2.500000,2.600000,1.200000,1.000000,1.333333
sub-59e8e368,0.152542,0.101695,0.338983,0.372881,0.033898,1.285714,1.500000,2.222222,2.750000,1.000000
sub-5aa627a7,0.173913,0.282609,0.282609,0.173913,0.086957,1.600000,2.166667,3.250000,1.600000,1.333333
sub-5ae55577,0.126126,0.117117,0.144144,0.261261,0.351351,2.333333,1.857143,1.777778,2.636364,2.785714
sub-5b0641bc,0.276596,0.223404,0.191489,0.138298,0.170213,2.600000,2.333333,1.636364,1.857143,1.777778
sub-5bb6dd44,0.190476,0.142857,0.190476,0.238095,0.238095,2.285714,1.500000,2.000000,2.222222,2.000000
sub-5c94d7fd,0.365385,0.346154,0.086538,0.038462,0.163462,3.166667,3.272727,1.000000,2.000000,1.700000
sub-5d19125e,0.087500,0.112500,0.325000,0.337500,0.137500,1.400000,1.500000,2.888889,3.000000,1.833333
sub-5d1f5dbc,0.261364,0.159091,0.147727,0.238636,0.193182,2.090909,2.000000,1.300000,1.909091,2.125000
sub-5d57b43d,0.252336,0.242991,0.158879,0.158879,0.186916,2.250000,2.363636,1.700000,1.416667,1.818182
sub-5d5af7d0,0.178571,0.357143,0.142857,0.107143,0.214286,2.000000,3.333333,2.000000,2.000000,2.000000
sub-5e4930e8,0.241379,0.232759,0.189655,0.172414,0.163793,2.800000,2.700000,2.444444,2.222222,2.111111
sub-5ebaa9b8,0.346154,0.365385,0.019231,0.096154,0.173077,2.571429,3.166667,1.000000,1.000000,2.250000
sub-5f4bcb1e,0.248000,0.304000,0.184000,0.192000,0.072000,3.100000,2.375000,2.090909,1.846154,1.500000
sub-5fc3275a,0.186047,0.197674,0.255814,0.197674,0.162791,3.200000,2.833333,2.750000,2.125000,2.000000
sub-60022f18,0.289157,0.301205,0.168675,0.132530,0.108434,2.400000,3.125000,1.750000,1.375000,1.800000
sub-60416b0f,0.255814,0.232558,0.151163,0.197674,0.162791,2.200000,2.222222,2.166667,1.888889,2.000000
sub-60f9a441,0.300885,0.353982,0.088496,0.132743,0.123894,3.777778,4.000000,2.000000,1.875000,1.400000
sub-61050925,0.096154,0.115385,0.250000,0.230769,0.307692,1.250000,1.200000,1.625000,2.000000,1.777778
sub-617dcfd9,0.256881,0.339450,0.100917,0.165138,0.137615,3.111111,3.363636,1.375000,1.800000,1.875000
sub-62cd11bb,0.263736,0.219780,0.208791,0.175824,0.131868,2.181818,2.857143,1.900000,2.000000,2.000000
sub-6366e0d1,0.245455,0.245455,0.218182,0.236364,0.054545,2.250000,2.700000,2.181818,1.857143,1.500000
sub-642987eb,0.021739,0.086957,0.326087,0.413043,0.152174,1.000000,1.333333,2.142857,3.800000,1.750000
sub-648f436c,0.357143,0.404762,0.238095,0.000000,0.000000,3.750000,3.400000,2.500000,NaN,NaN
sub-66f8a2ac,0.185185,0.203704,0.240741,0.277778,0.092593,1.428571,2.750000,2.600000,2.500000,1.250000
sub-673bb95f,0.250000,0.083333,0.291667,0.062500,0.312500,3.000000,1.000000,2.800000,3.000000,3.000000
sub-681777ef,0.247525,0.257426,0.168317,0.128713,0.198020,2.500000,2.166667,1.888889,1.300000,1.666667
sub-68fb75a6,0.196721,0.180328,0.163934,0.163934,0.295082,2.000000,1.833333,1.666667,2.000000,2.250000
sub-6aea7f4e,0.221154,0.201923,0.153846,0.240385,0.182692,2.875000,2.625000,2.285714,3.125000,1.900000
sub-6af20abb,0.019608,0.098039,0.372549,0.333333,0.176471,1.000000,1.250000,2.714286,2.833333,1.285714
sub-6b5e9346,0.250000,0.223684,0.184211,0.065789,0.276316,2.714286,1.700000,1.555556,1.666667,3.000000
sub-6bece886,0.045455,0.022727,0.431818,0.363636,0.136364,1.000000,1.000000,3.166667,2.285714,1.500000
sub-6d8bf370,0.129630,0.129630,0.314815,0.166667,0.259259,1.400000,1.750000,2.428571,1.500000,2.000000
sub-6ddb35f0,0.107438,0.132231,0.363636,0.280992,0.115702,1.625000,1.600000,3.142857,3.090909,1.400000
sub-6e2c5f17,0.274725,0.230769,0.186813,0.197802,0.109890,3.571429,3.500000,1.888889,1.800000,1.428571
sub-6e536f3e,0.197531,0.246914,0.234568,0.296296,0.024691,1.777778,2.222222,1.727273,2.666667,1.000000
sub-6e8ee48f,0.163462,0.173077,0.240385,0.182692,0.240385,1.888889,1.384615,1.923077,1.583333,2.083333
sub-6eac2893,0.119048,0.095238,0.428571,0.357143,0.000000,1.250000,1.333333,4.500000,3.750000,NaN
sub-6f0d63a9,0.113636,0.045455,0.204545,0.318182,0.318182,1.250000,1.000000,1.800000,2.000000,3.500000
sub-6f4a64d6,0.291262,0.320388,0.126214,0.194175,0.067961,3.333333,4.125000,2.600000,2.500000,3.500000
sub-6fe4c23f,0.307692,0.250000,0.192308,0.211538,0.038462,3.200000,2.166667,2.000000,1.833333,1.000000
sub-7129811d,0.091954,0.137931,0.356322,0.126437,0.287356,1.333333,1.500000,2.066667,1.375000,2.083333
sub-71d507ab,0.403846,0.250000,0.173077,0.096154,0.076923,2.100000,2.166667,1.800000,1.666667,1.333333
sub-72419430,0.254386,0.245614,0.245614,0.070175,0.184211,2.636364,3.500000,2.800000,1.600000,2.333333
sub-72dec9fe,0.339623,0.358491,0.113208,0.113208,0.075472,3.000000,4.750000,1.500000,2.000000,2.000000
sub-72fff8ec,0.111111,0.133333,0.333333,0.355556,0.066667,2.500000,1.500000,1.875000,2.666667,1.000000
sub-733e1964,0.268293,0.121951,0.170732,0.219512,0.219512,2.200000,2.500000,2.333333,1.800000,2.250000
sub-744e48f4,0.253521,0.239437,0.253521,0.183099,0.070423,1.636364,2.125000,2.000000,1.857143,1.250000
sub-74b9e95a,0.320000,0.266667,0.053333,0.133333,0.226667,3.000000,3.333333,1.333333,1.666667,2.428571
sub-74d3a45b,0.321739,0.295652,0.121739,0.095652,0.165217,3.363636,3.400000,1.555556,1.375000,2.111111
sub-74fc8a4c,0.168539,0.123596,0.314607,0.337079,0.056180,1.666667,1.222222,2.545455,2.500000,1.250000
sub-75590b12,0.333333,0.266667,0.186667,0.066667,0.146667,2.777778,2.500000,1.750000,1.666667,1.833333
sub-757a7368,0.276596,0.297872,0.127660,0.234043,0.063830,2.600000,2.333333,1.200000,2.750000,1.500000
sub-757bfead,0.185567,0.206186,0.278351,0.175258,0.154639,2.000000,1.818182,2.250000,2.428571,2.142857
sub-75b56173,0.050000,0.250000,0.200000,0.175000,0.325000,1.000000,2.500000,2.000000,1.400000,2.600000
sub-7797c6e0,0.320000,0.400000,0.140000,0.060000,0.080000,3.200000,2.857143,1.166667,1.500000,1.333333
sub-78abd477,0.285714,0.272727,0.168831,0.181818,0.090909,2.200000,2.100000,1.857143,1.400000,1.750000
sub-78b98932,0.242718,0.291262,0.213592,0.155340,0.097087,1.923077,2.142857,2.000000,1.454545,1.666667
sub-7a6852fe,0.216867,0.204819,0.228916,0.289157,0.060241,2.000000,2.125000,2.111111,2.000000,1.000000
sub-7a6c9f84,0.283951,0.246914,0.160494,0.197531,0.111111,2.300000,2.500000,1.857143,1.777778,1.285714
sub-7b490831,0.166667,0.129630,0.277778,0.277778,0.148148,1.285714,2.333333,1.875000,3.000000,1.333333
sub-7b4fb0a4,0.277108,0.313253,0.132530,0.144578,0.132530,2.300000,2.363636,1.833333,2.000000,1.833333
sub-7c14f81f,0.120482,0.132530,0.265060,0.409639,0.072289,2.000000,1.375000,2.200000,2.833333,1.500000
sub-7c902397,0.301370,0.356164,0.041096,0.109589,0.191781,2.444444,2.888889,1.000000,1.600000,1.750000
sub-7cb89269,0.185714,0.228571,0.257143,0.328571,0.000000,1.857143,2.000000,2.571429,2.090909,NaN
sub-7ce9f494,0.247191,0.235955,0.202247,0.168539,0.146067,3.142857,3.000000,2.000000,2.500000,1.625000
sub-7d2bc2fd,0.268293,0.219512,0.182927,0.195122,0.134146,2.000000,3.000000,2.500000,1.454545,1.833333
sub-7f71fc8c,0.039216,0.078431,0.411765,0.431373,0.039216,1.000000,1.000000,4.200000,3.142857,1.000000
sub-7fb70f97,0.177419,0.241935,0.274194,0.209677,0.096774,2.200000,2.142857,1.888889,2.166667,1.000000
sub-805eaf65,0.142857,0.153846,0.329670,0.329670,0.043956,2.166667,1.750000,2.727273,2.727273,1.000000
sub-80fd1fc5,0.246377,0.246377,0.159420,0.130435,0.217391,2.833333,2.428571,1.222222,1.500000,2.500000
sub-8141a2a4,0.195652,0.304348,0.217391,0.130435,0.152174,1.800000,2.333333,1.666667,2.000000,1.400000
sub-818d22db,0.150685,0.205479,0.342466,0.219178,0.082192,1.571429,1.666667,2.272727,2.000000,1.500000
sub-8196d6cb,0.088889,0.200000,0.288889,0.244444,0.177778,2.000000,1.500000,2.166667,2.750000,2.666667
sub-81a5ea6b,0.122222,0.233333,0.166667,0.166667,0.311111,1.833333,1.909091,1.666667,1.666667,2.545455
sub-8239533c,0.246575,0.164384,0.273973,0.246575,0.068493,1.800000,2.000000,1.818182,2.571429,1.250000
sub-82a5c122,0.215909,0.147727,0.238636,0.318182,0.079545,2.375000,1.857143,2.333333,2.333333,1.166667
sub-83566918,0.223301,0.262136,0.233010,0.223301,0.058252,2.300000,2.076923,1.846154,1.916667,1.500000
sub-83ca9ddb,0.166667,0.125000,0.222222,0.194444,0.291667,2.000000,1.285714,2.666667,2.000000,2.333333
sub-83da2896,0.318584,0.371681,0.106195,0.150442,0.053097,3.600000,3.000000,2.000000,2.428571,1.000000
sub-86014e8c,0.265306,0.244898,0.193878,0.214286,0.081633,2.166667,3.000000,1.583333,2.625000,1.600000
sub-8614d836,0.259615,0.259615,0.086538,0.153846,0.240385,2.454545,3.000000,1.285714,1.777778,2.500000
sub-864ef605,0.289256,0.239669,0.140496,0.099174,0.231405,2.916667,2.416667,2.125000,1.333333,2.333333
sub-8678f9dc,0.258065,0.241935,0.177419,0.129032,0.193548,2.000000,1.500000,1.571429,1.142857,1.714286
sub-8682f3a4,0.093750,0.109375,0.359375,0.203125,0.234375,1.500000,1.166667,2.555556,2.166667,2.142857
sub-87bfd3f2,0.236364,0.254545,0.163636,0.181818,0.163636,2.600000,2.333333,1.500000,1.666667,1.500000
sub-87dcbb1f,0.282353,0.258824,0.117647,0.200000,0.141176,2.666667,2.750000,1.428571,1.888889,1.500000
sub-88869384,0.320755,0.283019,0.141509,0.141509,0.113208,2.428571,2.500000,1.500000,1.500000,1.714286
sub-8992c8ca,0.357143,0.238095,0.190476,0.119048,0.095238,2.500000,2.000000,2.666667,1.000000,1.333333
sub-89b4271c,0.070000,0.100000,0.380000,0.310000,0.140000,1.166667,1.666667,2.923077,2.214286,1.272727
sub-8a4b4481,0.362069,0.293103,0.068966,0.120690,0.155172,3.000000,2.833333,1.333333,1.750000,1.800000
sub-8aab319e,0.317460,0.317460,0.158730,0.015873,0.190476,2.500000,2.857143,1.666667,1.000000,2.000000
sub-8ab7dfa3,0.232558,0.232558,0.209302,0.162791,0.162791,2.000000,2.857143,1.800000,2.333333,2.800000
sub-8ba3922c,0.285714,0.202381,0.119048,0.142857,0.250000,3.000000,2.833333,1.428571,2.000000,2.333333
sub-8bcb6f08,0.184211,0.192982,0.245614,0.289474,0.087719,2.100000,2.444444,2.153846,2.538462,1.428571
sub-8cd782e3,0.114286,0.128571,0.300000,0.257143,0.200000,2.000000,2.250000,2.333333,3.000000,2.000000
sub-8d4c6dc4,0.212389,0.292035,0.203540,0.212389,0.079646,2.666667,2.750000,1.916667,2.666667,1.800000
sub-8d557571,0.142857,0.107143,0.125000,0.250000,0.375000,1.600000,2.000000,2.333333,1.750000,2.333333
sub-8dd4a00a,0.180952,0.152381,0.333333,0.228571,0.104762,1.900000,1.600000,2.333333,1.846154,1.833333
sub-8eec5555,0.229167,0.062500,0.250000,0.229167,0.229167,2.750000,1.000000,2.000000,1.833333,1.833333
sub-8f3c6a08,0.329787,0.308511,0.095745,0.074468,0.191489,3.875000,3.625000,1.500000,1.750000,2.571429
sub-8f4252fd,0.247934,0.206612,0.223140,0.198347,0.123967,3.000000,2.500000,1.928571,2.000000,2.500000
sub-8fe06d8c,0.246154,0.215385,0.153846,0.153846,0.230769,1.777778,1.555556,1.666667,1.666667,2.142857
sub-9038a3a0,0.161290,0.112903,0.370968,0.322581,0.032258,1.666667,1.400000,3.285714,2.857143,1.000000
sub-9088b617,0.265306,0.336735,0.204082,0.132653,0.061224,3.250000,3.666667,2.222222,1.857143,1.200000
sub-90a0827e,0.253968,0.285714,0.253968,0.206349,0.000000,2.666667,3.600000,2.666667,2.600000,NaN
sub-90f92579,0.140845,0.197183,0.225352,0.169014,0.267606,1.666667,2.000000,2.000000,1.714286,2.111111
sub-92da5dcd,0.180180,0.198198,0.288288,0.297297,0.036036,2.000000,2.200000,2.909091,2.750000,1.333333
sub-92e46917,0.080000,0.160000,0.280000,0.213333,0.266667,2.000000,1.714286,2.100000,2.666667,1.818182
sub-94389e60,0.234234,0.288288,0.198198,0.171171,0.108108,3.250000,3.555556,1.692308,1.583333,1.200000
sub-94a7bebf,0.129032,0.193548,0.225806,0.177419,0.274194,1.600000,2.000000,2.000000,2.200000,2.833333
sub-94b11e8a,0.263158,0.175439,0.228070,0.192982,0.140351,2.500000,1.666667,1.857143,2.200000,1.600000
sub-9556911c,0.166667,0.175439,0.175439,0.201754,0.280702,1.900000,2.500000,2.000000,2.090909,3.200000
sub-9626e986,0.266667,0.238095,0.190476,0.161905,0.142857,2.333333,2.777778,2.000000,1.888889,2.142857
sub-963e06ab,0.326316,0.368421,0.073684,0.063158,0.168421,2.583333,3.500000,1.400000,1.000000,2.000000
sub-964fc7b2,0.305263,0.273684,0.157895,0.115789,0.147368,3.222222,2.363636,1.666667,1.833333,1.750000
sub-96511618,0.233333,0.200000,0.166667,0.200000,0.200000,2.000000,1.714286,1.428571,1.333333,2.000000
sub-9657bb4d,0.218182,0.090909,0.218182,0.218182,0.254545,2.000000,1.666667,1.500000,2.400000,2.000000
sub-96a10c83,0.115385,0.102564,0.371795,0.307692,0.102564,1.500000,1.600000,2.636364,2.181818,2.666667
sub-96cf594a,0.250000,0.343750,0.125000,0.140625,0.140625,2.666667,2.444444,1.600000,1.500000,1.800000
sub-977fad27,0.179775,0.146067,0.292135,0.202247,0.179775,1.777778,1.625000,2.166667,1.800000,1.454545
sub-98265ac6,0.056604,0.132075,0.396226,0.301887,0.113208,1.500000,1.400000,2.625000,2.666667,1.500000
sub-98496c1a,0.196970,0.136364,0.196970,0.227273,0.242424,2.166667,1.500000,1.444444,2.142857,2.000000
sub-9897890f,0.259740,0.220779,0.233766,0.246753,0.038961,2.857143,3.400000,2.571429,2.714286,1.500000
sub-98a8f381,0.184783,0.173913,0.282609,0.250000,0.108696,2.428571,2.285714,2.363636,2.090909,1.666667
sub-9981e966,0.133333,0.166667,0.250000,0.216667,0.233333,2.000000,2.500000,2.142857,1.625000,2.333333
sub-9a4da035,0.173077,0.115385,0.307692,0.269231,0.134615,1.800000,1.500000,2.666667,1.750000,1.750000
sub-9bd0bbee,0.229730,0.229730,0.229730,0.216216,0.094595,2.125000,1.888889,1.888889,1.777778,1.400000
sub-9c0707cd,0.022727,0.090909,0.363636,0.477273,0.045455,1.000000,1.000000,2.285714,4.200000,2.000000
sub-9d06c8e3,0.149123,0.210526,0.219298,0.254386,0.166667,2.125000,2.400000,2.272727,2.230769,1.727273
sub-9d372e34,0.160000,0.200000,0.250000,0.140000,0.250000,1.600000,2.500000,2.083333,2.000000,2.500000
sub-9de71122,0.111111,0.222222,0.236111,0.250000,0.180556,1.333333,2.000000,1.888889,2.000000,1.857143
sub-9ee19387,0.234375,0.187500,0.187500,0.203125,0.187500,2.500000,1.500000,1.714286,1.857143,1.500000
sub-9ee70b72,0.196262,0.112150,0.261682,0.289720,0.140187,2.625000,1.500000,2.333333,2.818182,1.666667
sub-9f041651,0.277228,0.366337,0.108911,0.079208,0.168317,3.111111,3.083333,1.833333,1.333333,1.888889
sub-a0d6621a,0.355140,0.383178,0.084112,0.084112,0.093458,3.166667,3.416667,1.285714,1.800000,1.250000
sub-a0e4b7d4,0.204082,0.265306,0.255102,0.183673,0.091837,1.818182,2.888889,1.923077,2.000000,1.800000
sub-a0e73bdd,0.238095,0.317460,0.158730,0.111111,0.174603,2.500000,2.857143,2.500000,1.750000,1.833333
sub-a0f6bdb9,0.048780,0.024390,0.390244,0.195122,0.341463,1.000000,1.000000,3.200000,2.000000,2.333333
sub-a140220d,0.309091,0.290909,0.145455,0.127273,0.127273,2.125000,2.666667,1.600000,1.400000,1.750000
sub-a1e6bde2,0.287234,0.202128,0.170213,0.212766,0.127660,2.454545,1.727273,1.600000,1.818182,1.714286
sub-a1ea13f5,0.265957,0.170213,0.223404,0.138298,0.202128,2.777778,1.777778,2.100000,1.444444,2.714286
sub-a309ec12,0.333333,0.360000,0.106667,0.120000,0.080000,2.777778,3.000000,1.000000,1.800000,1.500000
sub-a3186766,0.102941,0.205882,0.235294,0.161765,0.294118,1.400000,2.000000,1.777778,2.200000,3.333333
sub-a32d1b4e,0.082353,0.094118,0.400000,0.364706,0.058824,1.400000,1.000000,2.125000,2.214286,1.000000
sub-a66ca01c,0.303571,0.312500,0.151786,0.107143,0.125000,2.615385,2.692308,1.416667,1.500000,1.400000
sub-a682716a,0.236364,0.200000,0.254545,0.200000,0.109091,2.600000,1.571429,1.750000,1.833333,2.000000
sub-a725ea5d,0.276596,0.276596,0.148936,0.255319,0.042553,2.166667,2.600000,1.400000,3.000000,1.000000
sub-a801f2fa,0.185185,0.135802,0.234568,0.333333,0.111111,1.875000,1.571429,1.900000,2.454545,1.800000
sub-a82a00af,0.263158,0.197368,0.276316,0.197368,0.065789,2.000000,2.500000,2.100000,1.666667,1.250000
sub-a8565b28,0.270000,0.280000,0.170000,0.100000,0.180000,2.250000,2.800000,1.888889,1.666667,1.800000
sub-a86170a4,0.158730,0.238095,0.190476,0.142857,0.269841,2.000000,2.142857,1.714286,1.500000,2.125000
sub-a8f42977,0.196078,0.254902,0.156863,0.215686,0.176471,2.000000,1.625000,2.000000,1.833333,1.800000
sub-a9213ec5,0.050000,0.050000,0.400000,0.400000,0.100000,1.000000,1.000000,3.200000,4.000000,1.333333
sub-a937a86d,0.211268,0.197183,0.197183,0.197183,0.197183,2.142857,1.750000,2.000000,2.000000,2.000000
sub-a991d3bd,0.263736,0.241758,0.197802,0.153846,0.142857,3.428571,2.000000,2.250000,1.750000,2.166667
sub-a9b4246b,0.210084,0.134454,0.285714,0.302521,0.067227,2.500000,1.454545,2.615385,3.000000,1.600000
sub-aa20b09a,0.200000,0.233333,0.150000,0.166667,0.250000,2.000000,4.666667,1.285714,3.333333,2.500000
sub-aa3fb7aa,0.176471,0.215686,0.235294,0.313725,0.058824,2.250000,2.200000,2.000000,2.285714,1.500000
sub-ab742b1c,0.262136,0.242718,0.174757,0.203883,0.116505,3.000000,2.083333,1.800000,1.750000,1.333333
sub-ab8bd3c9,0.205357,0.250000,0.294643,0.214286,0.035714,2.090909,2.153846,2.357143,2.181818,2.000000
sub-abfb766b,0.314815,0.296296,0.101852,0.129630,0.157407,2.833333,2.909091,1.375000,1.750000,1.888889
sub-ade8fd31,0.297872,0.170213,0.191489,0.234043,0.106383,2.800000,4.000000,3.000000,2.750000,1.250000
sub-af3cda87,0.168539,0.179775,0.235955,0.235955,0.179775,1.875000,1.600000,2.100000,1.909091,1.777778
sub-af59045b,0.295238,0.257143,0.180952,0.133333,0.133333,3.444444,2.454545,2.375000,1.400000,1.555556
sub-af645a4e,0.203390,0.271186,0.211864,0.152542,0.161017,2.666667,2.666667,2.272727,1.636364,2.375000
sub-b0a8f7df,0.288660,0.257732,0.144330,0.123711,0.185567,2.333333,2.500000,2.000000,1.200000,1.800000
sub-b0c38196,0.241935,0.225806,0.209677,0.225806,0.096774,2.727273,2.333333,2.600000,3.111111,1.333333
sub-b1fd8109,0.000000,0.073171,0.292683,0.365854,0.268293,NaN,1.000000,2.400000,2.500000,1.833333
sub-b21a2cb3,0.173913,0.141304,0.315217,0.271739,0.097826,2.285714,1.857143,2.230769,2.500000,1.800000
sub-b29c748a,0.121622,0.243243,0.189189,0.162162,0.283784,2.250000,2.571429,2.000000,2.000000,3.000000
sub-b3157ca6,0.420000,0.240000,0.040000,0.140000,0.160000,3.500000,2.000000,1.000000,1.750000,1.600000
sub-b3cda6f7,0.346667,0.306667,0.106667,0.053333,0.186667,2.363636,2.875000,1.600000,1.000000,1.750000
sub-b5272ec2,0.230769,0.115385,0.250000,0.230769,0.173077,1.714286,2.000000,2.166667,1.714286,3.000000
sub-b54e81a8,0.136986,0.191781,0.260274,0.136986,0.273973,2.500000,1.750000,2.714286,2.000000,2.500000
sub-b596a31b,0.253012,0.204819,0.180723,0.228916,0.132530,2.625000,1.545455,1.363636,1.727273,1.375000
sub-b670c5fc,0.188889,0.177778,0.311111,0.266667,0.055556,2.428571,2.285714,2.800000,2.666667,1.000000
sub-b672fcd0,0.104167,0.208333,0.270833,0.354167,0.062500,1.666667,1.666667,2.166667,2.125000,1.000000
sub-b7e2e197,0.250000,0.204545,0.250000,0.113636,0.181818,1.833333,2.250000,1.833333,1.250000,1.600000
sub-b942eeca,0.207547,0.113208,0.254717,0.273585,0.150943,3.142857,1.714286,1.800000,2.071429,1.454545
sub-b95e8a03,0.310345,0.264368,0.160920,0.149425,0.114943,2.454545,2.300000,1.750000,1.444444,1.428571
sub-ba7713f4,0.180556,0.208333,0.208333,0.263889,0.138889,2.166667,3.000000,1.875000,3.166667,1.428571
sub-baf11154,0.328000,0.256000,0.096000,0.144000,0.176000,2.928571,2.909091,2.000000,2.000000,2.200000
sub-baf211c0,0.237624,0.207921,0.247525,0.198020,0.108911,3.000000,2.333333,2.500000,2.222222,2.200000
sub-bb333d59,0.218750,0.125000,0.234375,0.218750,0.203125,2.333333,2.000000,2.500000,1.750000,1.625000
sub-bb6a82dc,0.150000,0.125000,0.350000,0.350000,0.025000,1.500000,2.500000,2.800000,3.500000,1.000000
sub-bc23e3c1,0.148936,0.191489,0.297872,0.234043,0.127660,1.750000,1.800000,2.800000,1.833333,1.500000
sub-bc2c800c,0.224719,0.213483,0.191011,0.179775,0.191011,2.500000,2.111111,1.700000,1.777778,1.700000
sub-bc821461,0.228916,0.265060,0.216867,0.180723,0.108434,2.714286,2.444444,3.000000,1.875000,1.500000
sub-bd647db1,0.193548,0.193548,0.301075,0.161290,0.150538,1.800000,2.000000,2.800000,2.142857,1.400000
sub-bda589a3,0.238095,0.273810,0.250000,0.059524,0.178571,2.222222,2.555556,2.100000,1.250000,1.666667
sub-bddbe9b1,0.258621,0.189655,0.206897,0.051724,0.293103,2.142857,1.833333,2.000000,1.000000,2.428571
sub-be472f92,0.297297,0.315315,0.153153,0.135135,0.099099,3.300000,2.692308,1.307692,1.666667,1.571429
sub-be5e2e88,0.162791,0.232558,0.186047,0.162791,0.255814,1.166667,2.000000,1.333333,1.750000,2.200000
sub-bec29b78,0.050000,0.075000,0.300000,0.325000,0.250000,1.000000,1.500000,3.000000,3.250000,2.500000
sub-bf2f1abf,0.243243,0.121622,0.229730,0.243243,0.162162,3.000000,1.500000,2.428571,2.250000,2.000000
sub-bf7dc05b,0.254237,0.254237,0.186441,0.203390,0.101695,2.000000,2.500000,1.571429,2.181818,2.000000
sub-bfc56382,0.260870,0.295652,0.200000,0.191304,0.052174,2.727273,3.400000,1.769231,2.200000,1.500000
sub-bfd1c975,0.310000,0.330000,0.120000,0.080000,0.160000,3.100000,2.750000,1.500000,1.600000,2.285714
sub-bff3f42a,0.395349,0.372093,0.046512,0.023256,0.162791,2.833333,3.200000,1.000000,1.000000,1.750000
sub-c0107d53,0.155844,0.116883,0.376623,0.259740,0.090909,1.714286,1.500000,2.416667,2.000000,1.166667
sub-c0c465ec,0.244444,0.155556,0.200000,0.200000,0.200000,2.200000,1.750000,1.500000,2.250000,1.800000
sub-c11229d3,0.210526,0.245614,0.245614,0.157895,0.140351,2.400000,2.333333,2.800000,2.250000,2.000000
sub-c13afce4,0.307018,0.263158,0.149123,0.149123,0.131579,2.500000,3.000000,1.700000,1.888889,1.666667
sub-c26e5113,0.210526,0.105263,0.302632,0.184211,0.197368,2.285714,1.333333,2.555556,1.750000,1.666667
sub-c346bdba,0.259259,0.296296,0.074074,0.049383,0.320988,2.100000,2.666667,1.200000,1.000000,2.363636
sub-c3f70a80,0.268519,0.268519,0.148148,0.148148,0.166667,2.416667,2.636364,1.454545,2.285714,1.800000
sub-c414d437,0.286957,0.226087,0.121739,0.095652,0.269565,3.000000,2.363636,1.750000,1.833333,2.384615
sub-c463dc03,0.166667,0.136364,0.287879,0.106061,0.303030,2.200000,1.500000,2.111111,1.750000,2.222222
sub-c4b8687a,0.298246,0.298246,0.210526,0.140351,0.052632,2.833333,2.428571,1.714286,1.600000,1.500000
sub-c5b2fb19,0.145833,0.208333,0.208333,0.125000,0.312500,2.333333,1.666667,1.666667,2.000000,2.500000
sub-c60ccabc,0.062500,0.041667,0.437500,0.375000,0.083333,1.000000,1.000000,3.000000,3.000000,1.333333
sub-c7846210,0.166667,0.095238,0.333333,0.238095,0.166667,1.166667,1.000000,2.800000,1.666667,2.333333
sub-c7a5384e,0.203252,0.195122,0.235772,0.325203,0.040650,2.777778,2.400000,2.416667,2.666667,1.250000
sub-c9b3cad7,0.288889,0.300000,0.211111,0.055556,0.144444,3.250000,2.454545,2.714286,1.000000,2.166667
sub-c9f3e918,0.153846,0.153846,0.179487,0.170940,0.341880,1.800000,2.000000,2.333333,1.428571,2.857143
sub-ca61232f,0.232323,0.242424,0.181818,0.212121,0.131313,2.555556,2.181818,2.000000,1.909091,1.444444
sub-ca80cb45,0.333333,0.375000,0.083333,0.125000,0.083333,3.636364,3.214286,1.428571,2.142857,1.666667
sub-cb8c1f9c,0.343137,0.372549,0.058824,0.068627,0.156863,3.888889,3.454545,1.200000,1.166667,2.285714
sub-cbb18a08,0.160714,0.178571,0.214286,0.160714,0.285714,1.500000,2.000000,1.714286,2.250000,2.666667
sub-cd862a67,0.237288,0.118644,0.271186,0.271186,0.101695,2.000000,1.750000,2.000000,2.666667,2.000000
sub-cdbd5c56,0.272727,0.303030,0.045455,0.136364,0.242424,2.000000,2.222222,1.500000,1.125000,2.000000
sub-cf784004,0.200000,0.145455,0.172727,0.300000,0.181818,2.444444,2.285714,2.111111,2.357143,1.818182
sub-cfc1cf12,0.205357,0.232143,0.267857,0.276786,0.017857,1.769231,2.600000,2.142857,2.066667,1.000000
sub-d39e106e,0.206522,0.206522,0.206522,0.195652,0.184783,1.583333,2.111111,2.375000,1.636364,1.888889
sub-d3f05b80,0.214286,0.228571,0.285714,0.100000,0.171429,2.142857,3.200000,2.000000,1.750000,2.000000
sub-d40b85b8,0.250000,0.203125,0.187500,0.250000,0.109375,2.285714,1.857143,1.714286,1.777778,1.400000
sub-d54bd4f9,0.422222,0.244444,0.122222,0.133333,0.077778,3.166667,2.444444,1.571429,2.000000,1.166667
sub-d5d91775,0.022222,0.177778,0.311111,0.288889,0.200000,1.000000,1.600000,2.333333,2.600000,2.250000
sub-d67c3379,0.231707,0.134146,0.256098,0.268293,0.109756,1.900000,1.375000,1.909091,2.444444,1.500000
sub-d70cd6ec,0.133333,0.083333,0.250000,0.283333,0.250000,1.333333,1.250000,2.142857,2.833333,2.500000
sub-d7763339,0.242991,0.299065,0.130841,0.084112,0.242991,2.888889,3.200000,2.000000,1.800000,2.363636
sub-d84a5484,0.163934,0.213115,0.196721,0.213115,0.213115,1.428571,1.625000,1.500000,2.166667,1.857143
sub-d93beca8,0.242105,0.210526,0.305263,0.084211,0.157895,2.555556,1.818182,2.416667,1.333333,1.875000
sub-da36a231,0.219178,0.219178,0.232877,0.246575,0.082192,1.777778,1.600000,1.700000,1.800000,1.200000
sub-db19bd9d,0.287234,0.255319,0.085106,0.127660,0.244681,2.700000,2.181818,1.142857,2.000000,2.875000
sub-db1c726a,0.357143,0.369048,0.095238,0.083333,0.095238,3.333333,2.818182,1.142857,2.333333,1.600000
sub-dd291f43,0.040000,0.093333,0.400000,0.200000,0.266667,1.000000,1.750000,3.750000,2.142857,2.500000
sub-df5fab05,0.000000,0.100000,0.225000,0.375000,0.300000,NaN,1.000000,1.800000,2.500000,2.000000
sub-e02145f4,0.333333,0.260870,0.130435,0.217391,0.057971,2.875000,2.571429,1.285714,1.666667,2.000000
sub-e12ed92d,0.250000,0.166667,0.250000,0.250000,0.083333,3.000000,2.000000,2.142857,2.142857,1.250000
sub-e1583be7,0.142857,0.214286,0.190476,0.261905,0.190476,1.500000,1.800000,1.600000,1.833333,1.600000
sub-e28d88b7,0.273504,0.188034,0.213675,0.153846,0.170940,2.909091,2.200000,2.500000,2.000000,2.500000
sub-e306dd64,0.211009,0.146789,0.266055,0.155963,0.220183,2.300000,2.666667,2.900000,2.125000,1.714286
sub-e4d1481a,0.322034,0.296610,0.101695,0.161017,0.118644,3.800000,3.181818,1.333333,2.714286,2.000000
sub-e4d491a6,0.177778,0.122222,0.300000,0.311111,0.088889,2.666667,1.571429,2.454545,2.545455,2.000000
sub-e5e374fd,0.220588,0.161765,0.147059,0.294118,0.176471,2.142857,1.222222,1.666667,2.000000,1.714286
sub-e60d4b07,0.326531,0.285714,0.102041,0.224490,0.061224,2.666667,2.333333,1.666667,1.833333,1.500000
sub-e6194980,0.265060,0.265060,0.168675,0.168675,0.132530,1.833333,3.142857,2.000000,1.750000,1.833333
sub-e74e4c5a,0.275000,0.050000,0.075000,0.225000,0.375000,2.200000,1.000000,1.500000,1.500000,2.500000
sub-e7f50875,0.255814,0.255814,0.069767,0.209302,0.209302,2.750000,2.200000,1.500000,3.000000,2.250000
sub-e84ecd2f,0.255102,0.193878,0.224490,0.173469,0.153061,2.500000,2.375000,2.200000,1.545455,1.875000
sub-e8e47f6c,0.237500,0.237500,0.175000,0.275000,0.075000,2.714286,2.375000,2.000000,1.833333,1.500000
sub-e8fd1865,0.252427,0.194175,0.242718,0.126214,0.184466,2.166667,2.000000,1.562500,1.625000,1.900000
sub-e91691a5,0.285714,0.298701,0.090909,0.220779,0.103896,3.666667,3.285714,1.750000,2.833333,1.600000
sub-ea1ba303,0.168000,0.240000,0.208000,0.240000,0.144000,2.333333,2.500000,2.363636,2.000000,2.250000
sub-ea23f97f,0.086957,0.065217,0.413043,0.195652,0.239130,1.000000,3.000000,2.714286,2.250000,2.750000
sub-ea35c087,0.220339,0.220339,0.220339,0.118644,0.220339,2.600000,2.600000,1.625000,1.400000,2.166667
sub-ea7266a6,0.075000,0.050000,0.325000,0.425000,0.125000,1.500000,1.000000,2.600000,3.400000,1.250000
sub-eaa9a1ea,0.215686,0.156863,0.254902,0.215686,0.156863,2.750000,2.000000,1.857143,1.571429,1.600000
sub-eb0ac895,0.346154,0.230769,0.192308,0.057692,0.173077,2.250000,2.400000,1.666667,1.500000,1.800000
sub-eb2c84ca,0.236111,0.263889,0.166667,0.194444,0.138889,2.833333,2.714286,2.000000,3.500000,2.000000
sub-ec129ac4,0.224490,0.224490,0.122449,0.265306,0.163265,2.200000,2.200000,1.500000,2.600000,2.000000
sub-ec78225b,0.108333,0.166667,0.250000,0.208333,0.266667,1.444444,2.500000,2.500000,2.272727,2.461538
sub-ec96d125,0.280000,0.226667,0.173333,0.120000,0.200000,2.625000,3.400000,2.166667,1.500000,2.500000
sub-ecc7b2ca,0.179104,0.104478,0.238806,0.298507,0.179104,2.000000,3.500000,2.666667,2.222222,2.000000
sub-ecf838ec,0.359375,0.265625,0.187500,0.125000,0.062500,2.300000,2.125000,1.500000,1.333333,1.333333
sub-ed3c7758,0.111111,0.166667,0.305556,0.333333,0.083333,1.600000,2.000000,2.444444,2.666667,1.200000
sub-ed49286a,0.205882,0.176471,0.147059,0.191176,0.279412,2.000000,2.400000,2.000000,2.166667,2.111111
sub-edbcd4df,0.146667,0.146667,0.240000,0.253333,0.213333,1.571429,2.200000,2.000000,3.166667,1.777778
sub-edbf0d4d,0.270000,0.190000,0.200000,0.210000,0.130000,2.454545,1.727273,2.000000,2.100000,1.444444
sub-eeeee0ce,0.346535,0.247525,0.148515,0.099010,0.158416,3.500000,2.777778,2.142857,2.000000,1.777778
sub-ef4645ca,0.185714,0.128571,0.357143,0.300000,0.028571,1.625000,1.285714,2.272727,2.100000,1.000000
sub-efabdd7e,0.205479,0.232877,0.219178,0.068493,0.273973,1.875000,2.833333,2.285714,1.250000,2.857143
sub-efbc90a5,0.227273,0.204545,0.318182,0.181818,0.068182,2.000000,3.000000,2.800000,2.666667,1.500000
sub-f0b6aedf,0.125000,0.196429,0.357143,0.250000,0.071429,1.400000,1.833333,2.857143,1.750000,1.333333
sub-f1876917,0.317460,0.285714,0.095238,0.142857,0.158730,2.857143,2.571429,1.500000,1.800000,1.666667
sub-f1ffb87e,0.295082,0.295082,0.180328,0.196721,0.032787,2.571429,2.250000,1.833333,1.714286,1.000000
sub-f2746a7f,0.376147,0.311927,0.128440,0.091743,0.091743,3.153846,2.833333,2.000000,1.666667,2.000000
sub-f3232eae,0.120000,0.160000,0.300000,0.260000,0.160000,1.500000,1.600000,2.142857,1.857143,1.600000
sub-f3265f63,0.277228,0.237624,0.138614,0.198020,0.148515,2.800000,2.666667,1.555556,2.222222,1.875000
sub-f32b8017,0.185567,0.134021,0.329897,0.247423,0.103093,1.800000,1.625000,2.133333,2.666667,1.428571
sub-f3b907d8,0.300885,0.238938,0.150442,0.132743,0.176991,2.428571,2.250000,1.545455,2.142857,1.818182
sub-f3fa0c24,0.197183,0.225352,0.183099,0.211268,0.183099,2.333333,2.000000,1.625000,2.142857,1.857143
sub-f4a0ea73,0.107692,0.169231,0.292308,0.353846,0.076923,1.166667,1.833333,2.375000,1.916667,1.250000
sub-f5787346,0.478261,0.217391,0.021739,0.065217,0.217391,4.400000,2.500000,1.000000,1.500000,2.000000
sub-f5b31d52,0.309859,0.211268,0.225352,0.211268,0.042254,2.444444,1.666667,1.777778,1.875000,1.000000
sub-f656cba9,0.203540,0.221239,0.238938,0.256637,0.079646,1.769231,3.125000,2.076923,2.230769,1.285714
sub-f66e7c91,0.198198,0.288288,0.198198,0.198198,0.117117,2.200000,2.666667,1.833333,2.000000,1.625000
sub-f6bb94d0,0.126761,0.070423,0.267606,0.352113,0.183099,2.250000,1.250000,1.900000,2.500000,1.625000
sub-f6c1fab2,0.098039,0.039216,0.294118,0.294118,0.274510,1.666667,1.000000,2.142857,2.142857,2.000000
sub-f7418043,0.096386,0.108434,0.361446,0.289157,0.144578,1.600000,1.800000,3.333333,2.666667,1.500000
sub-f75ea85d,0.175439,0.184211,0.263158,0.254386,0.122807,1.818182,2.100000,3.000000,2.416667,1.750000
sub-f82afde4,0.228571,0.214286,0.142857,0.257143,0.157143,2.000000,1.666667,1.428571,2.000000,1.833333
sub-f8d25943,0.206897,0.181034,0.258621,0.086207,0.267241,2.000000,1.909091,2.500000,1.428571,2.214286
sub-f953273b,0.212766,0.212766,0.191489,0.191489,0.191489,2.000000,2.500000,2.250000,1.800000,1.800000
sub-f957c1c8,0.170732,0.109756,0.195122,0.317073,0.207317,1.750000,1.800000,2.000000,3.250000,2.428571
sub-f981e3f5,0.196078,0.215686,0.225490,0.284314,0.078431,2.222222,2.444444,2.555556,2.636364,1.600000
sub-f9f6c4ed,0.218182,0.272727,0.200000,0.236364,0.072727,2.000000,1.875000,1.833333,2.166667,1.333333
sub-fa21e57e,0.253333,0.266667,0.146667,0.066667,0.266667,2.111111,2.500000,1.375000,2.500000,2.500000
sub-fa823b79,0.246914,0.296296,0.172840,0.135802,0.148148,2.222222,3.000000,1.400000,1.571429,1.714286
sub-fab13b8f,0.223881,0.194030,0.208955,0.194030,0.179104,2.142857,2.600000,2.333333,2.166667,1.500000
sub-fbcd9110,0.183333,0.200000,0.200000,0.200000,0.216667,2.200000,1.714286,2.400000,1.714286,2.600000
sub-fc05ba17,0.269663,0.213483,0.202247,0.179775,0.134831,2.400000,2.714286,2.250000,1.777778,1.714286
sub-fc16c19f,0.200000,0.025000,0.125000,0.275000,0.375000,2.666667,1.000000,2.500000,2.200000,3.000000
sub-fcb347e1,0.265306,0.265306,0.163265,0.183673,0.122449,2.600000,2.166667,1.600000,1.500000,1.000000
sub-fd1e3702,0.315789,0.250000,0.210526,0.131579,0.092105,2.666667,2.111111,1.777778,1.428571,1.166667
sub-fdc8479f,0.125000,0.177083,0.197917,0.291667,0.208333,1.714286,1.700000,2.111111,2.000000,1.666667
sub-fdd7a1be,0.135135,0.189189,0.243243,0.279279,0.153153,1.875000,2.100000,2.454545,2.818182,1.888889
sub-fe1c4177,0.262712,0.211864,0.228814,0.203390,0.093220,2.214286,2.500000,2.076923,2.400000,1.571429
