ID,fracocc_1,fracocc_2,fracocc_3,fracocc_4,fracocc_5,dwell_1,dwell_2,dwell_3,dwell_4,dwell_5
sub-002144a4,0.348837,0.395349,0.116279,0.023256,0.116279,5.000000,4.250000,1.250000,1.000000,2.500000
sub-01f9b016,0.195122,0.268293,0.207317,0.219512,0.109756,3.200000,3.142857,2.428571,2.571429,2.250000
sub-027054b4,0.311688,0.285714,0.194805,0.051948,0.155844,2.666667,2.444444,2.500000,2.000000,1.500000
sub-043cc212,0.116667,0.250000,0.266667,0.133333,0.233333,1.400000,2.142857,2.285714,1.333333,2.000000
sub-04d04ea4,0.250000,0.229167,0.187500,0.187500,0.145833,2.000000,2.200000,2.250000,2.250000,1.750000
sub-04ea294f,0.274194,0.258065,0.096774,0.225806,0.145161,2.428571,2.000000,1.200000,2.800000,1.500000
sub-05a3dcd8,0.239130,0.195652,0.184783,0.217391,0.163043,3.142857,2.571429,2.428571,3.333333,2.142857
sub-05e2a0c1,0.295082,0.311475,0.147541,0.147541,0.098361,2.571429,3.166667,1.800000,1.500000,1.200000
sub-06049101,0.284483,0.293103,0.137931,0.086207,0.198276,2.750000,3.090909,1.777778,1.666667,1.916667
sub-06247dd4,0.146341,0.414634,0.121951,0.048780,0.268293,2.000000,2.833333,1.666667,2.000000,1.833333
sub-067ed1e5,0.212766,0.234043,0.212766,0.127660,0.212766,2.000000,1.833333,1.666667,2.000000,2.000000
sub-0690e761,0.130841,0.130841,0.261682,0.271028,0.205607,2.333333,1.750000,2.333333,2.636364,2.444444
sub-0702da0a,0.225225,0.234234,0.189189,0.216216,0.135135,2.500000,2.363636,1.909091,1.846154,1.500000
sub-07639182,0.365854,0.292683,0.048780,0.048780,0.243902,2.500000,2.400000,1.000000,1.000000,2.000000
sub-07bb0c3d,0.269231,0.256410,0.166667,0.179487,0.128205,2.333333,2.857143,1.625000,1.555556,1.666667
sub-07f81fd1,0.398148,0.305556,0.083333,0.092593,0.120370,4.777778,3.000000,1.500000,1.666667,1.857143
sub-082bf2e9,0.189873,0.215190,0.265823,0.151899,0.177215,2.500000,2.428571,2.625000,2.400000,2.000000
sub-0843ac34,0.159420,0.188406,0.246377,0.144928,0.260870,2.200000,1.857143,1.888889,1.428571,2.000000
sub-0861ebb9,0.264957,0.239316,0.205128,0.076923,0.213675,4.428571,3.500000,3.428571,1.800000,3.571429
sub-0905f56e,0.230088,0.230088,0.185841,0.185841,0.168142,2.363636,3.250000,2.333333,3.500000,2.375000
sub-09ab4ffe,0.328767,0.356164,0.150685,0.068493,0.095890,3.428571,3.250000,2.200000,1.250000,1.400000
sub-09b2bd27,0.277778,0.319444,0.166667,0.152778,0.083333,2.857143,2.300000,1.200000,1.833333,3.000000
sub-0a01b9d9,0.238532,0.201835,0.220183,0.119266,0.220183,2.600000,2.200000,3.000000,1.857143,2.000000
sub-0a588feb,0.228070,0.263158,0.192982,0.192982,0.122807,2.600000,5.000000,2.200000,1.833333,1.400000
sub-0a6b75dd,0.116279,0.139535,0.069767,0.302326,0.372093,5.000000,1.500000,1.500000,2.600000,3.200000
sub-0a6d3b93,0.194175,0.242718,0.242718,0.145631,0.174757,2.500000,2.777778,2.083333,1.875000,1.500000
sub-0c8924f1,0.173913,0.239130,0.217391,0.195652,0.173913,2.000000,2.200000,2.500000,2.250000,1.600000
sub-0cb28382,0.241667,0.200000,0.175000,0.166667,0.216667,2.900000,1.846154,1.909091,2.000000,2.000000
sub-0d76c045,0.207317,0.170732,0.231707,0.146341,0.243902,2.125000,1.750000,2.111111,2.000000,2.857143
sub-0d8c474d,0.218750,0.166667,0.208333,0.208333,0.197917,2.100000,1.777778,2.500000,2.222222,1.900000
sub-0e38a13d,0.187500,0.218750,0.260417,0.156250,0.177083,2.250000,2.333333,3.125000,1.666667,2.428571
sub-0ece6939,0.221053,0.305263,0.200000,0.063158,0.210526,2.333333,2.636364,1.900000,1.500000,2.222222
sub-0eeacdcc,0.302326,0.232558,0.139535,0.093023,0.232558,2.166667,2.000000,2.000000,1.333333,2.000000
sub-0fd33fbd,0.254717,0.235849,0.207547,0.141509,0.160377,2.454545,1.923077,1.833333,3.000000,1.700000
sub-100ae6a8,0.362903,0.314516,0.153226,0.088710,0.080645,3.000000,3.250000,1.900000,1.222222,1.666667
sub-102dbf16,0.232558,0.209302,0.232558,0.232558,0.093023,2.000000,1.800000,1.666667,1.666667,2.000000
sub-10cc8e1a,0.247706,0.220183,0.229358,0.155963,0.146789,2.250000,2.181818,1.785714,1.888889,1.600000
sub-10ef2d14,0.346535,0.257426,0.188119,0.099010,0.108911,3.500000,2.888889,2.111111,2.500000,2.200000
sub-111c7d70,0.247934,0.247934,0.181818,0.148760,0.173554,2.307692,3.750000,2.200000,2.571429,2.333333
sub-11ac5d6f,0.307692,0.269231,0.115385,0.096154,0.211538,2.285714,2.333333,1.200000,1.250000,2.750000
sub-11c2856c,0.205607,0.186916,0.224299,0.121495,0.261682,2.444444,2.500000,2.400000,1.857143,2.333333
sub-11d0f29c,0.350877,0.192982,0.087719,0.263158,0.105263,3.333333,1.833333,1.250000,2.500000,1.500000
sub-1312d0ff,0.270492,0.295082,0.163934,0.122951,0.147541,3.000000,4.000000,2.222222,1.875000,2.571429
sub-1320dd84,0.194444,0.194444,0.152778,0.277778,0.180556,1.750000,2.000000,1.375000,2.500000,1.857143
sub-1332af4c,0.200000,0.166667,0.250000,0.083333,0.300000,1.714286,2.000000,1.875000,1.666667,1.800000
sub-15a4b244,0.220779,0.168831,0.207792,0.233766,0.168831,2.428571,2.166667,2.285714,2.000000,1.857143
sub-163d7ed3,0.135593,0.186441,0.152542,0.254237,0.271186,1.600000,1.571429,1.800000,2.142857,2.000000
sub-16433f95,0.258065,0.172043,0.182796,0.204301,0.182796,2.181818,1.454545,2.428571,1.900000,2.428571
sub-16aa832a,0.145833,0.145833,0.208333,0.208333,0.291667,2.333333,2.333333,1.666667,2.000000,2.333333
sub-17a0e410,0.343137,0.254902,0.156863,0.186275,0.058824,3.181818,2.363636,2.000000,2.375000,1.500000
sub-17a748b7,0.250000,0.297619,0.238095,0.059524,0.154762,2.625000,2.500000,2.500000,1.666667,2.166667
sub-17d6eab1,0.239130,0.282609,0.260870,0.086957,0.130435,2.750000,2.600000,2.000000,1.333333,1.500000
sub-189c4ed9,0.311688,0.324675,0.090909,0.090909,0.181818,3.000000,2.272727,1.166667,1.166667,2.000000
sub-18ebfa2a,0.298507,0.253731,0.119403,0.149254,0.179104,2.500000,2.833333,1.333333,1.666667,2.400000
sub-199064eb,0.047619,0.079365,0.301587,0.365079,0.206349,3.000000,1.250000,2.375000,3.285714,2.166667
sub-1a220630,0.254902,0.294118,0.215686,0.058824,0.176471,3.250000,3.333333,2.444444,1.500000,2.571429
sub-1a220b08,0.283333,0.316667,0.116667,0.125000,0.158333,3.400000,2.533333,1.555556,2.142857,2.111111
sub-1a554710,0.260870,0.239130,0.260870,0.065217,0.173913,2.400000,2.750000,3.000000,1.500000,2.000000
sub-1ab48098,0.209302,0.186047,0.255814,0.139535,0.209302,1.800000,1.600000,1.375000,3.000000,2.250000
sub-1abb75bb,0.149533,0.205607,0.271028,0.214953,0.158879,2.000000,2.444444,2.230769,2.300000,2.125000
sub-1ad3126c,0.247619,0.295238,0.114286,0.219048,0.123810,3.714286,3.444444,2.000000,2.875000,1.857143
sub-1b04c4e8,0.276786,0.276786,0.178571,0.133929,0.133929,3.444444,4.428571,2.857143,2.142857,1.666667
sub-1b158b53,0.290000,0.350000,0.100000,0.060000,0.200000,3.625000,3.500000,2.000000,1.500000,2.222222
sub-1b26a3a7,0.362069,0.206897,0.155172,0.137931,0.137931,3.000000,1.500000,1.500000,1.600000,1.600000
sub-1b3249e3,0.314286,0.247619,0.190476,0.200000,0.047619,3.000000,2.000000,2.500000,1.909091,1.250000
sub-1b4d987d,0.282051,0.307692,0.153846,0.141026,0.115385,2.444444,2.666667,2.400000,1.222222,1.500000
sub-1ba70ca4,0.181818,0.163636,0.272727,0.290909,0.090909,2.000000,2.250000,3.000000,2.666667,1.250000
sub-1df8b621,0.234568,0.172840,0.172840,0.197531,0.222222,1.900000,1.750000,1.750000,2.666667,3.000000
sub-1f1c771a,0.352941,0.294118,0.161765,0.132353,0.058824,2.000000,2.500000,1.833333,1.500000,1.333333
sub-1f3aff89,0.388889,0.296296,0.185185,0.111111,0.018519,3.500000,2.666667,2.000000,1.200000,1.000000
sub-200e44cf,0.285714,0.298701,0.129870,0.142857,0.142857,2.200000,3.285714,1.666667,1.375000,1.571429
sub-2063f677,0.185185,0.234568,0.271605,0.197531,0.111111,1.875000,1.727273,2.200000,2.285714,1.800000
sub-209adc63,0.157895,0.200000,0.273684,0.273684,0.094737,2.500000,2.375000,2.600000,3.250000,1.800000
sub-20f2c2dc,0.157143,0.257143,0.200000,0.228571,0.157143,1.833333,2.250000,2.800000,2.000000,1.571429
sub-22521d13,0.243902,0.073171,0.097561,0.414634,0.170732,2.500000,1.500000,2.000000,3.400000,2.333333
sub-242e6201,0.257732,0.226804,0.216495,0.185567,0.113402,2.272727,2.444444,2.333333,1.800000,1.375000
sub-28b7fb5c,0.164835,0.197802,0.142857,0.285714,0.208791,2.500000,2.571429,1.625000,2.166667,1.900000
sub-28cb3ca5,0.071429,0.238095,0.309524,0.023810,0.357143,1.000000,1.666667,2.166667,1.000000,2.500000
sub-29113867,0.220339,0.245763,0.194915,0.144068,0.194915,2.600000,2.071429,1.769231,1.700000,2.300000
sub-2ad31d26,0.354545,0.263636,0.163636,0.109091,0.109091,2.600000,2.636364,2.571429,1.500000,1.333333
sub-2b0871d6,0.322314,0.314050,0.132231,0.123967,0.107438,4.875000,3.454545,2.285714,1.875000,2.166667
sub-2b2a6376,0.225000,0.150000,0.225000,0.125000,0.275000,2.250000,2.000000,2.250000,2.500000,1.833333
sub-2bc4d8d2,0.132075,0.056604,0.132075,0.264151,0.415094,3.500000,1.000000,1.166667,2.800000,2.750000
sub-2ca07b08,0.240741,0.231481,0.157407,0.194444,0.175926,2.363636,2.777778,1.700000,2.333333,2.375000
sub-2d4a2c97,0.178218,0.158416,0.257426,0.267327,0.138614,1.636364,1.600000,2.600000,2.454545,1.750000
sub-2dee6861,0.256198,0.239669,0.181818,0.157025,0.165289,2.818182,2.636364,1.833333,1.727273,1.818182
sub-2e76170f,0.102564,0.145299,0.333333,0.162393,0.256410,1.333333,1.416667,3.000000,1.727273,2.727273
sub-2e86e2e1,0.310345,0.284483,0.198276,0.103448,0.103448,2.769231,2.200000,2.090909,1.500000,1.714286
sub-300b9a4e,0.270270,0.283784,0.175676,0.175676,0.094595,2.500000,2.625000,2.166667,2.166667,2.333333
sub-322b1968,0.196078,0.156863,0.254902,0.078431,0.313725,1.666667,2.666667,2.600000,1.333333,2.285714
sub-32ba90c6,0.160000,0.220000,0.230000,0.250000,0.140000,1.777778,2.000000,2.300000,2.083333,1.166667
sub-336c6a14,0.275000,0.325000,0.150000,0.125000,0.125000,2.200000,2.166667,1.500000,2.500000,1.250000
sub-3460267b,0.255319,0.255319,0.212766,0.180851,0.095745,2.400000,2.181818,1.818182,2.125000,1.285714
sub-3550eb0f,0.318182,0.336364,0.127273,0.109091,0.109091,2.692308,3.083333,1.750000,1.714286,1.333333
sub-35bbf385,0.263158,0.210526,0.166667,0.131579,0.228070,2.307692,4.000000,2.714286,2.142857,3.250000
sub-3640fe52,0.285714,0.244898,0.234694,0.132653,0.102041,2.545455,2.181818,2.300000,1.625000,1.666667
sub-36519dd0,0.278261,0.304348,0.130435,0.173913,0.113043,2.909091,4.375000,2.142857,2.857143,1.857143
sub-37165862,0.214286,0.357143,0.214286,0.166667,0.047619,2.250000,2.500000,2.250000,1.400000,1.000000
sub-3848b58d,0.266667,0.177778,0.177778,0.111111,0.266667,2.000000,1.333333,2.000000,1.250000,2.000000
sub-38c5639c,0.225806,0.177419,0.274194,0.129032,0.193548,1.750000,1.571429,2.125000,1.600000,2.000000
sub-38f314cd,0.214286,0.202381,0.226190,0.178571,0.178571,2.250000,1.888889,2.375000,1.666667,1.875000
sub-39673a69,0.278261,0.278261,0.147826,0.069565,0.226087,2.461538,2.909091,1.700000,1.333333,2.166667
sub-3994de59,0.360656,0.278689,0.147541,0.049180,0.163934,2.444444,1.888889,1.800000,1.500000,1.428571
sub-3a0daaaf,0.394737,0.271930,0.122807,0.078947,0.131579,4.090909,3.100000,1.750000,1.285714,1.500000
sub-3a2dfb74,0.366071,0.401786,0.062500,0.080357,0.089286,3.416667,4.500000,1.750000,1.500000,1.666667
sub-3a78a22f,0.283019,0.245283,0.188679,0.188679,0.094340,2.500000,2.166667,2.000000,2.000000,1.666667
sub-3b3bd955,0.363636,0.272727,0.204545,0.090909,0.068182,2.666667,2.400000,2.250000,2.000000,1.500000
sub-3cfbfc02,0.209302,0.209302,0.162791,0.069767,0.348837,1.500000,2.250000,1.750000,1.500000,2.142857
sub-3d028654,0.300000,0.342857,0.100000,0.142857,0.114286,3.000000,4.000000,1.400000,1.428571,1.600000
sub-3d210a9b,0.314815,0.268519,0.185185,0.157407,0.074074,3.090909,2.900000,2.500000,1.545455,2.000000
sub-3eb8d3bf,0.170732,0.097561,0.195122,0.243902,0.292683,3.500000,1.333333,2.000000,1.666667,3.000000
sub-40293e84,0.450980,0.333333,0.058824,0.000000,0.156863,3.833333,2.428571,1.500000,NaN,1.600000
sub-4032cf6b,0.303030,0.287879,0.121212,0.136364,0.151515,2.500000,3.166667,1.600000,2.250000,1.428571
sub-40f47868,0.342857,0.285714,0.142857,0.104762,0.123810,4.500000,2.500000,2.500000,2.200000,2.166667
sub-41220b0b,0.188406,0.246377,0.217391,0.217391,0.130435,2.166667,2.833333,2.142857,2.142857,1.800000
sub-41370528,0.345455,0.300000,0.081818,0.100000,0.172727,3.454545,2.750000,1.500000,1.833333,2.714286
sub-417434b4,0.253968,0.206349,0.190476,0.142857,0.206349,2.285714,2.166667,1.714286,1.800000,2.166667
sub-41856e5d,0.210526,0.189474,0.168421,0.210526,0.221053,2.222222,2.250000,2.285714,1.666667,2.625000
sub-41c3d142,0.340909,0.295455,0.125000,0.136364,0.102273,3.333333,3.250000,1.833333,2.400000,1.800000
sub-41fbc0f3,0.354430,0.417722,0.113924,0.037975,0.075949,3.111111,3.300000,1.800000,1.000000,1.200000
sub-4334c34a,0.281818,0.227273,0.281818,0.145455,0.063636,3.444444,3.125000,3.100000,1.777778,1.166667
sub-437761bd,0.462963,0.388889,0.037037,0.055556,0.055556,3.571429,3.500000,2.000000,1.000000,1.000000
sub-43ebfbbb,0.346535,0.267327,0.207921,0.029703,0.148515,2.916667,2.700000,2.100000,1.000000,1.875000
sub-445369ee,0.267442,0.290698,0.209302,0.093023,0.139535,2.300000,3.125000,2.250000,1.600000,1.500000
sub-4515049b,0.120690,0.051724,0.379310,0.293103,0.155172,2.333333,1.500000,4.400000,2.428571,2.250000
sub-451edb82,0.395833,0.375000,0.104167,0.000000,0.125000,3.800000,2.571429,1.250000,NaN,1.500000
sub-45963cd9,0.352941,0.352941,0.117647,0.100840,0.075630,3.500000,3.500000,1.750000,2.000000,1.285714
sub-46c94944,0.289855,0.202899,0.246377,0.173913,0.086957,2.500000,1.750000,2.125000,2.000000,1.200000
sub-4705928b,0.108696,0.152174,0.217391,0.217391,0.304348,1.666667,1.400000,2.500000,1.666667,2.000000
sub-47b5cd5d,0.325000,0.300000,0.025000,0.175000,0.175000,3.250000,3.000000,1.000000,1.400000,2.333333
sub-47ff0b5d,0.127273,0.127273,0.272727,0.200000,0.272727,1.750000,1.400000,3.000000,1.833333,1.875000
sub-48301435,0.282258,0.338710,0.145161,0.088710,0.145161,3.888889,3.230769,1.800000,1.833333,2.250000
sub-4892df67,0.247312,0.301075,0.129032,0.182796,0.139785,2.555556,2.800000,2.400000,2.428571,1.857143
sub-48f34a50,0.267442,0.220930,0.162791,0.174419,0.174419,2.090909,2.111111,2.000000,2.142857,1.666667
sub-490a5440,0.078431,0.117647,0.176471,0.215686,0.411765,1.333333,2.000000,1.800000,2.750000,3.000000
sub-4a3363b4,0.262626,0.343434,0.151515,0.121212,0.121212,2.888889,2.833333,1.666667,2.400000,1.333333
sub-4baf4e00,0.425000,0.425000,0.000000,0.075000,0.075000,3.400000,3.400000,NaN,1.500000,1.000000
sub-4bfc7483,0.190000,0.170000,0.280000,0.180000,0.180000,2.375000,1.888889,2.800000,2.571429,2.000000
sub-4c9e5f08,0.205357,0.232143,0.232143,0.196429,0.133929,2.090909,2.888889,2.166667,2.444444,1.875000
sub-4ce20477,0.285714,0.224490,0.244898,0.102041,0.142857,2.333333,2.200000,2.400000,1.666667,1.750000
sub-4d3ebb1f,0.192982,0.263158,0.192982,0.157895,0.192982,1.833333,2.500000,1.833333,2.250000,2.200000
sub-4d7de89b,0.021739,0.043478,0.347826,0.217391,0.369565,1.000000,1.000000,3.200000,1.666667,2.833333
sub-4d82789f,0.200000,0.234783,0.217391,0.200000,0.147826,2.875000,2.700000,2.083333,2.555556,2.125000
sub-4e66fd00,0.172043,0.279570,0.225806,0.236559,0.086022,2.000000,2.888889,2.625000,3.142857,1.142857
sub-4eb39e66,0.138614,0.138614,0.336634,0.217822,0.168317,2.800000,2.000000,4.250000,2.750000,1.888889
sub-4ee3bec8,0.196429,0.071429,0.142857,0.267857,0.321429,2.750000,1.333333,2.000000,2.500000,2.571429
sub-4fe3efa8,0.208333,0.194444,0.194444,0.138889,0.263889,1.875000,1.750000,1.400000,1.666667,1.900000
sub-503a9485,0.208333,0.291667,0.187500,0.145833,0.166667,2.500000,2.800000,2.250000,1.400000,2.000000
sub-51d4527b,0.310000,0.260000,0.180000,0.120000,0.130000,4.428571,2.600000,2.250000,3.000000,1.300000
sub-536444bd,0.125000,0.089286,0.285714,0.160714,0.339286,1.750000,1.250000,2.666667,1.800000,2.375000
sub-539c0a2c,0.142857,0.178571,0.321429,0.125000,0.232143,1.600000,1.428571,2.571429,1.750000,1.857143
sub-53ca96bd,0.119048,0.047619,0.261905,0.166667,0.404762,2.500000,2.000000,2.200000,1.750000,2.833333
sub-53ebe38a,0.200000,0.400000,0.150000,0.075000,0.175000,2.000000,2.000000,1.500000,1.500000,2.333333
sub-546b5793,0.300000,0.300000,0.128571,0.085714,0.185714,2.625000,3.500000,1.500000,1.500000,2.166667
sub-5487a0a4,0.000000,0.000000,0.173077,0.326923,0.500000,NaN,NaN,1.800000,2.428571,3.250000
sub-557edca4,0.179487,0.217949,0.217949,0.282051,0.102564,2.800000,2.428571,2.125000,3.142857,2.000000
sub-572ae124,0.188525,0.172131,0.254098,0.213115,0.172131,2.300000,2.333333,3.875000,2.888889,2.100000
sub-57799fa6,0.230769,0.184615,0.138462,0.230769,0.215385,1.875000,1.500000,2.250000,2.142857,2.333333
sub-57a99ec4,0.182927,0.207317,0.134146,0.268293,0.207317,1.875000,2.833333,2.750000,2.000000,2.833333
sub-58599b98,0.187500,0.250000,0.109375,0.296875,0.156250,2.000000,1.777778,1.400000,2.714286,1.428571
sub-58d30253,0.214286,0.142857,0.357143,0.214286,0.071429,1.500000,1.500000,2.142857,1.800000,1.500000
sub-59e8e368,0.305085,0.152542,0.186441,0.203390,0.152542,2.250000,1.500000,1.571429,1.714286,1.500000
sub-5aa627a7,0.326087,0.260870,0.152174,0.195652,0.065217,3.000000,2.000000,1.400000,1.500000,1.500000
sub-5ae55577,0.252252,0.198198,0.135135,0.180180,0.234234,2.800000,2.200000,1.500000,2.857143,2.600000
sub-5b0641bc,0.255319,0.244681,0.265957,0.191489,0.042553,2.400000,2.555556,2.500000,2.571429,1.333333
sub-5bb6dd44,0.130952,0.107143,0.321429,0.285714,0.154762,1.571429,2.250000,3.000000,2.666667,2.166667
sub-5c94d7fd,0.307692,0.250000,0.144231,0.173077,0.125000,2.461538,2.166667,1.875000,2.000000,1.444444
sub-5d19125e,0.050000,0.125000,0.300000,0.275000,0.250000,1.000000,2.000000,2.400000,2.200000,2.000000
sub-5d1f5dbc,0.215909,0.193182,0.136364,0.193182,0.261364,2.375000,2.428571,1.714286,2.125000,2.300000
sub-5d57b43d,0.196262,0.177570,0.280374,0.233645,0.112150,1.750000,1.900000,2.727273,2.777778,1.714286
sub-5d5af7d0,0.250000,0.214286,0.178571,0.142857,0.214286,2.800000,2.400000,2.500000,1.600000,2.400000
sub-5e4930e8,0.232759,0.284483,0.206897,0.155172,0.120690,2.076923,3.666667,2.181818,2.250000,2.000000
sub-5ebaa9b8,0.192308,0.173077,0.192308,0.192308,0.250000,2.500000,3.000000,2.000000,1.666667,2.166667
sub-5f4bcb1e,0.312000,0.288000,0.168000,0.096000,0.136000,3.545455,3.000000,2.625000,2.000000,1.888889
sub-5fc3275a,0.093023,0.127907,0.267442,0.174419,0.337209,1.142857,2.750000,2.875000,2.500000,2.636364
sub-60022f18,0.289157,0.373494,0.096386,0.096386,0.144578,2.666667,2.818182,1.333333,1.333333,2.000000
sub-60416b0f,0.267442,0.162791,0.255814,0.104651,0.209302,2.300000,2.000000,2.444444,1.500000,2.250000
sub-60f9a441,0.256637,0.309735,0.176991,0.168142,0.088496,2.636364,2.916667,2.222222,2.111111,1.666667
sub-61050925,0.192308,0.153846,0.288462,0.288462,0.076923,1.428571,2.666667,2.142857,2.142857,1.000000
sub-617dcfd9,0.220183,0.302752,0.155963,0.211009,0.110092,3.000000,3.666667,2.125000,2.875000,3.000000
sub-62cd11bb,0.164835,0.219780,0.153846,0.241758,0.219780,1.875000,2.222222,1.750000,2.750000,2.222222
sub-6366e0d1,0.254545,0.245455,0.181818,0.181818,0.136364,2.800000,2.454545,2.222222,2.222222,1.875000
sub-642987eb,0.173913,0.043478,0.217391,0.130435,0.434783,1.600000,1.000000,1.666667,1.500000,2.857143
sub-648f436c,0.333333,0.452381,0.095238,0.047619,0.071429,2.800000,4.750000,2.000000,1.000000,1.500000
sub-66f8a2ac,0.074074,0.092593,0.314815,0.296296,0.222222,1.000000,1.250000,2.833333,2.285714,2.400000
sub-673bb95f,0.333333,0.291667,0.125000,0.041667,0.208333,2.666667,2.333333,2.000000,1.000000,2.500000
sub-681777ef,0.366337,0.297030,0.118812,0.128713,0.089109,5.285714,3.750000,1.500000,2.166667,1.285714
sub-68fb75a6,0.180328,0.147541,0.196721,0.245902,0.229508,1.375000,2.250000,1.714286,2.142857,2.000000
sub-6aea7f4e,0.288462,0.250000,0.211538,0.134615,0.115385,3.750000,3.250000,2.000000,1.750000,1.500000
sub-6af20abb,0.196078,0.235294,0.176471,0.235294,0.156863,1.428571,1.714286,1.500000,2.000000,2.000000
sub-6b5e9346,0.210526,0.223684,0.276316,0.263158,0.026316,2.000000,1.888889,2.333333,2.222222,1.000000
sub-6bece886,0.181818,0.159091,0.295455,0.022727,0.340909,1.600000,1.400000,1.857143,1.000000,2.500000
sub-6d8bf370,0.148148,0.240741,0.222222,0.333333,0.055556,2.666667,2.600000,3.000000,2.000000,1.000000
sub-6ddb35f0,0.272727,0.214876,0.165289,0.173554,0.173554,3.000000,2.888889,2.500000,2.100000,2.333333
sub-6e2c5f17,0.263736,0.175824,0.175824,0.153846,0.230769,2.666667,2.666667,2.000000,2.333333,2.625000
sub-6e536f3e,0.246914,0.246914,0.185185,0.222222,0.098765,2.222222,1.818182,3.000000,1.636364,1.333333
sub-6e8ee48f,0.153846,0.153846,0.115385,0.326923,0.250000,1.777778,1.600000,2.400000,3.400000,2.600000
sub-6eac2893,0.238095,0.190476,0.119048,0.285714,0.166667,2.500000,2.666667,2.500000,3.000000,2.333333
sub-6f0d63a9,0.181818,0.250000,0.181818,0.090909,0.295455,1.333333,2.750000,2.000000,1.333333,2.600000
sub-6f4a64d6,0.300971,0.252427,0.203883,0.135922,0.106796,2.583333,2.166667,2.100000,2.000000,2.200000
sub-6fe4c23f,0.365385,0.346154,0.057692,0.115385,0.115385,2.714286,3.000000,3.000000,1.500000,1.500000
sub-7129811d,0.172414,0.183908,0.264368,0.172414,0.206897,2.142857,2.000000,2.875000,1.875000,2.250000
sub-71d507ab,0.288462,0.250000,0.269231,0.134615,0.057692,2.500000,2.166667,2.800000,1.750000,1.000000
sub-72419430,0.210526,0.245614,0.192982,0.201754,0.149123,2.400000,3.111111,2.750000,2.300000,1.700000
sub-72dec9fe,0.301887,0.207547,0.132075,0.150943,0.207547,2.666667,2.750000,1.750000,1.600000,2.200000
sub-72fff8ec,0.288889,0.311111,0.177778,0.066667,0.155556,2.166667,2.333333,1.600000,1.500000,1.400000
sub-733e1964,0.146341,0.121951,0.317073,0.268293,0.146341,3.000000,2.500000,2.166667,2.750000,3.000000
sub-744e48f4,0.323944,0.225352,0.183099,0.126761,0.140845,2.875000,2.000000,1.857143,2.250000,1.428571
sub-74b9e95a,0.373333,0.253333,0.106667,0.160000,0.106667,3.111111,2.375000,1.600000,1.714286,2.000000
sub-74d3a45b,0.234783,0.191304,0.191304,0.200000,0.182609,3.857143,2.750000,2.000000,2.300000,2.625000
sub-74fc8a4c,0.213483,0.235955,0.235955,0.168539,0.146067,1.900000,2.100000,2.100000,1.500000,1.625000
sub-75590b12,0.253333,0.240000,0.200000,0.173333,0.133333,2.111111,2.250000,2.142857,1.625000,2.000000
sub-757a7368,0.255319,0.361702,0.212766,0.106383,0.063830,2.000000,2.428571,2.000000,1.666667,1.500000
sub-757bfead,0.185567,0.113402,0.154639,0.195876,0.350515,1.636364,1.222222,2.142857,1.583333,2.615385
sub-75b56173,0.375000,0.300000,0.200000,0.025000,0.100000,2.500000,2.400000,1.600000,1.000000,1.333333
sub-7797c6e0,0.220000,0.240000,0.140000,0.260000,0.140000,2.750000,2.400000,1.750000,2.600000,2.333333
sub-78abd477,0.168831,0.116883,0.350649,0.246753,0.116883,2.166667,1.500000,3.000000,2.375000,1.500000
sub-78b98932,0.223301,0.203883,0.213592,0.252427,0.106796,1.769231,2.100000,2.000000,2.000000,1.571429
sub-7a6852fe,0.216867,0.289157,0.180723,0.277108,0.036145,2.571429,2.666667,1.875000,2.555556,1.500000
sub-7a6c9f84,0.246914,0.209877,0.185185,0.234568,0.123457,2.500000,2.125000,3.000000,2.714286,1.666667
sub-7b490831,0.277778,0.203704,0.092593,0.259259,0.166667,3.750000,2.200000,1.250000,2.000000,1.800000
sub-7b4fb0a4,0.240964,0.337349,0.216867,0.192771,0.012048,2.857143,2.800000,2.571429,2.000000,1.000000
sub-7c14f81f,0.301205,0.289157,0.168675,0.144578,0.096386,2.500000,2.666667,2.000000,2.400000,1.333333
sub-7c902397,0.191781,0.178082,0.150685,0.246575,0.232877,2.333333,1.857143,1.571429,2.571429,1.888889
sub-7cb89269,0.271429,0.285714,0.157143,0.142857,0.142857,2.111111,2.500000,1.375000,2.500000,1.666667
sub-7ce9f494,0.325843,0.269663,0.202247,0.134831,0.067416,3.625000,3.428571,2.250000,2.400000,3.000000
sub-7d2bc2fd,0.170732,0.109756,0.341463,0.207317,0.170732,2.333333,1.800000,2.800000,1.888889,2.000000
sub-7f71fc8c,0.137255,0.176471,0.156863,0.196078,0.333333,1.400000,1.800000,1.333333,2.000000,2.833333
sub-7fb70f97,0.209677,0.274194,0.112903,0.193548,0.209677,3.250000,2.125000,2.333333,2.400000,2.166667
sub-805eaf65,0.296703,0.307692,0.131868,0.109890,0.153846,2.454545,2.153846,1.333333,1.666667,1.750000
sub-80fd1fc5,0.318841,0.202899,0.202899,0.144928,0.130435,2.200000,2.000000,1.750000,1.428571,1.500000
sub-8141a2a4,0.195652,0.173913,0.173913,0.239130,0.217391,2.250000,1.600000,1.600000,1.571429,2.500000
sub-818d22db,0.178082,0.164384,0.232877,0.082192,0.342466,3.250000,2.000000,2.428571,1.500000,3.571429
sub-8196d6cb,0.155556,0.244444,0.266667,0.155556,0.177778,1.750000,1.571429,2.000000,1.750000,2.666667
sub-81a5ea6b,0.177778,0.188889,0.144444,0.211111,0.277778,2.000000,2.428571,1.857143,2.375000,2.500000
sub-8239533c,0.397260,0.301370,0.109589,0.054795,0.136986,2.636364,2.750000,1.600000,1.000000,1.666667
sub-82a5c122,0.318182,0.272727,0.147727,0.056818,0.204545,2.333333,2.666667,1.444444,1.250000,2.571429
sub-83566918,0.291262,0.310680,0.165049,0.184466,0.048544,3.000000,2.666667,2.125000,1.900000,1.250000
sub-83ca9ddb,0.111111,0.222222,0.208333,0.180556,0.277778,2.000000,2.000000,2.500000,2.166667,2.222222
sub-83da2896,0.309735,0.345133,0.106195,0.176991,0.061947,2.916667,3.000000,1.500000,2.222222,1.166667
sub-86014e8c,0.214286,0.234694,0.244898,0.163265,0.142857,2.100000,2.555556,2.181818,1.777778,1.555556
sub-8614d836,0.250000,0.163462,0.192308,0.259615,0.134615,3.714286,1.888889,2.222222,3.000000,2.000000
sub-864ef605,0.297521,0.289256,0.198347,0.082645,0.132231,2.769231,3.500000,2.181818,1.666667,1.777778
sub-8678f9dc,0.161290,0.193548,0.145161,0.241935,0.258065,1.666667,2.000000,1.800000,1.875000,1.777778
sub-8682f3a4,0.078125,0.156250,0.250000,0.156250,0.359375,1.250000,1.666667,2.666667,2.500000,2.875000
sub-87bfd3f2,0.309091,0.272727,0.163636,0.145455,0.109091,2.428571,3.000000,1.800000,1.333333,1.500000
sub-87dcbb1f,0.305882,0.411765,0.105882,0.105882,0.070588,2.888889,3.181818,1.125000,2.250000,1.500000
sub-88869384,0.207547,0.198113,0.245283,0.179245,0.169811,1.833333,2.100000,2.166667,2.375000,1.800000
sub-8992c8ca,0.238095,0.333333,0.166667,0.095238,0.166667,1.666667,1.750000,1.750000,1.000000,1.750000
sub-89b4271c,0.140000,0.150000,0.240000,0.250000,0.220000,2.000000,1.666667,2.181818,2.777778,3.142857
sub-8a4b4481,0.327586,0.293103,0.155172,0.137931,0.086207,3.800000,2.833333,2.250000,1.333333,1.250000
sub-8aab319e,0.238095,0.206349,0.206349,0.158730,0.190476,3.000000,1.857143,2.600000,1.666667,1.714286
sub-8ab7dfa3,0.302326,0.267442,0.220930,0.139535,0.069767,3.250000,2.555556,2.375000,3.000000,1.200000
sub-8ba3922c,0.285714,0.178571,0.178571,0.178571,0.178571,2.400000,1.875000,3.000000,2.500000,2.142857
sub-8bcb6f08,0.263158,0.263158,0.149123,0.105263,0.219298,2.307692,2.500000,1.888889,1.500000,1.923077
sub-8cd782e3,0.285714,0.228571,0.185714,0.142857,0.157143,2.222222,2.285714,2.166667,1.666667,1.571429
sub-8d4c6dc4,0.274336,0.300885,0.123894,0.141593,0.159292,3.444444,2.428571,1.750000,2.000000,1.636364
sub-8d557571,0.232143,0.214286,0.071429,0.214286,0.267857,1.857143,2.000000,1.333333,2.000000,2.500000
sub-8dd4a00a,0.285714,0.257143,0.133333,0.123810,0.200000,3.000000,2.250000,2.333333,1.857143,2.333333
sub-8eec5555,0.312500,0.166667,0.229167,0.041667,0.250000,2.142857,2.000000,1.833333,1.000000,2.000000
sub-8f3c6a08,0.319149,0.255319,0.202128,0.127660,0.095745,3.000000,2.400000,1.900000,2.400000,1.285714
sub-8f4252fd,0.247934,0.247934,0.223140,0.157025,0.123967,2.500000,2.500000,2.700000,1.900000,3.000000
sub-8fe06d8c,0.230769,0.200000,0.230769,0.184615,0.153846,1.875000,2.166667,1.875000,1.714286,1.666667
sub-9038a3a0,0.354839,0.322581,0.161290,0.064516,0.096774,3.142857,2.500000,1.666667,1.333333,1.200000
sub-9088b617,0.306122,0.346939,0.112245,0.183673,0.051020,3.750000,3.090909,1.833333,2.571429,1.250000
sub-90a0827e,0.317460,0.222222,0.142857,0.158730,0.158730,5.000000,2.800000,1.800000,1.666667,2.500000
sub-90f92579,0.169014,0.225352,0.267606,0.253521,0.084507,2.000000,2.666667,2.375000,3.000000,1.200000
sub-92da5dcd,0.387387,0.288288,0.090090,0.135135,0.099099,3.071429,3.200000,1.428571,1.875000,1.375000
sub-92e46917,0.200000,0.226667,0.120000,0.226667,0.226667,2.142857,2.428571,1.500000,2.125000,3.400000
sub-94389e60,0.261261,0.234234,0.198198,0.180180,0.126126,2.416667,2.600000,2.444444,2.000000,1.750000
sub-94a7bebf,0.161290,0.112903,0.258065,0.322581,0.145161,2.000000,1.166667,2.000000,2.222222,1.800000
sub-94b11e8a,0.315789,0.157895,0.105263,0.140351,0.280702,3.000000,3.000000,1.500000,2.000000,2.666667
sub-9556911c,0.131579,0.070175,0.175439,0.307018,0.315789,2.142857,1.600000,1.818182,3.181818,2.769231
sub-9626e986,0.304762,0.266667,0.152381,0.114286,0.161905,2.461538,2.545455,2.000000,2.000000,1.416667
sub-963e06ab,0.157895,0.221053,0.231579,0.242105,0.147368,2.142857,2.625000,1.833333,2.555556,2.000000
sub-964fc7b2,0.231579,0.157895,0.263158,0.242105,0.105263,1.833333,1.875000,2.777778,2.300000,1.666667
sub-96511618,0.266667,0.150000,0.283333,0.200000,0.100000,2.285714,1.285714,2.125000,2.400000,1.500000
sub-9657bb4d,0.272727,0.272727,0.163636,0.200000,0.090909,2.500000,2.142857,1.800000,1.375000,1.666667
sub-96a10c83,0.320513,0.346154,0.102564,0.064103,0.166667,2.500000,2.700000,1.142857,1.250000,1.857143
sub-96cf594a,0.140625,0.218750,0.250000,0.218750,0.171875,2.250000,2.000000,2.000000,2.333333,1.833333
sub-977fad27,0.191011,0.157303,0.292135,0.123596,0.235955,2.125000,1.750000,2.888889,1.571429,2.100000
sub-98265ac6,0.056604,0.018868,0.245283,0.377358,0.301887,1.500000,1.000000,2.600000,3.333333,2.666667
sub-98496c1a,0.136364,0.166667,0.045455,0.333333,0.318182,1.500000,1.833333,1.500000,2.200000,3.000000
sub-9897890f,0.298701,0.207792,0.103896,0.259740,0.129870,2.090909,2.000000,1.600000,2.000000,2.000000
sub-98a8f381,0.326087,0.293478,0.097826,0.152174,0.130435,3.333333,2.700000,1.500000,1.400000,2.000000
sub-9981e966,0.300000,0.283333,0.183333,0.133333,0.100000,3.600000,2.833333,1.571429,1.600000,1.500000
sub-9a4da035,0.211538,0.230769,0.134615,0.076923,0.346154,2.200000,2.000000,1.400000,1.333333,2.571429
sub-9bd0bbee,0.283784,0.297297,0.175676,0.148649,0.094595,2.333333,2.200000,1.857143,2.200000,1.750000
sub-9c0707cd,0.204545,0.136364,0.340909,0.113636,0.204545,2.250000,2.000000,3.750000,1.250000,2.250000
sub-9d06c8e3,0.192982,0.254386,0.157895,0.245614,0.149123,2.000000,2.416667,2.250000,2.333333,1.416667
sub-9d372e34,0.220000,0.250000,0.180000,0.220000,0.130000,2.444444,2.083333,2.000000,3.142857,1.857143
sub-9de71122,0.263889,0.305556,0.166667,0.138889,0.125000,3.166667,2.444444,1.714286,1.666667,1.800000
sub-9ee19387,0.265625,0.265625,0.250000,0.140625,0.078125,1.888889,2.833333,1.777778,1.800000,1.000000
sub-9ee70b72,0.317757,0.280374,0.074766,0.102804,0.224299,3.090909,2.307692,1.000000,1.222222,2.666667
sub-9f041651,0.198020,0.188119,0.168317,0.326733,0.118812,2.222222,2.111111,1.888889,3.300000,1.714286
sub-a0d6621a,0.271028,0.242991,0.177570,0.196262,0.112150,2.900000,2.600000,2.375000,2.625000,1.714286
sub-a0e4b7d4,0.265306,0.306122,0.142857,0.132653,0.153061,2.888889,2.500000,1.750000,1.444444,1.875000
sub-a0e73bdd,0.285714,0.285714,0.079365,0.206349,0.142857,2.571429,3.000000,1.666667,1.857143,1.800000
sub-a0f6bdb9,0.390244,0.365854,0.024390,0.073171,0.146341,3.200000,3.000000,1.000000,1.500000,1.500000
sub-a140220d,0.163636,0.200000,0.290909,0.163636,0.181818,1.500000,1.833333,2.285714,1.800000,1.666667
sub-a1e6bde2,0.329787,0.223404,0.138298,0.191489,0.117021,3.875000,1.750000,1.857143,2.250000,2.200000
sub-a1ea13f5,0.265957,0.223404,0.170213,0.148936,0.191489,3.125000,2.100000,1.777778,1.555556,2.000000
sub-a309ec12,0.320000,0.333333,0.173333,0.120000,0.053333,3.000000,3.125000,2.166667,1.500000,2.000000
sub-a3186766,0.220588,0.191176,0.220588,0.205882,0.161765,2.500000,1.625000,2.500000,2.000000,1.833333
sub-a32d1b4e,0.223529,0.200000,0.211765,0.223529,0.141176,1.900000,2.125000,2.250000,2.111111,2.000000
sub-a66ca01c,0.258929,0.250000,0.169643,0.214286,0.107143,2.636364,2.153846,1.900000,2.181818,1.500000
sub-a682716a,0.309091,0.327273,0.181818,0.090909,0.090909,2.428571,2.571429,2.500000,1.666667,1.666667
sub-a725ea5d,0.319149,0.404255,0.191489,0.063830,0.021277,2.500000,2.714286,1.500000,1.500000,1.000000
sub-a801f2fa,0.320988,0.308642,0.111111,0.135802,0.123457,2.888889,2.272727,2.250000,1.375000,1.666667
sub-a82a00af,0.302632,0.315789,0.210526,0.039474,0.131579,2.555556,3.428571,2.000000,1.000000,1.666667
sub-a8565b28,0.250000,0.240000,0.200000,0.200000,0.110000,3.125000,2.181818,2.857143,2.857143,1.571429
sub-a86170a4,0.158730,0.142857,0.222222,0.206349,0.269841,1.666667,1.500000,1.555556,2.166667,2.428571
sub-a8f42977,0.411765,0.352941,0.117647,0.058824,0.058824,2.333333,2.000000,1.200000,1.500000,1.500000
sub-a9213ec5,0.325000,0.150000,0.075000,0.200000,0.250000,2.600000,1.500000,1.000000,2.000000,3.333333
sub-a937a86d,0.225352,0.253521,0.197183,0.098592,0.225352,2.285714,2.000000,2.333333,1.750000,2.666667
sub-a991d3bd,0.274725,0.285714,0.164835,0.109890,0.164835,3.571429,2.888889,1.875000,1.428571,3.000000
sub-a9b4246b,0.226891,0.260504,0.226891,0.176471,0.109244,3.375000,2.583333,3.375000,2.625000,1.857143
sub-aa20b09a,0.050000,0.083333,0.366667,0.316667,0.183333,1.500000,1.000000,2.750000,3.800000,2.200000
sub-aa3fb7aa,0.274510,0.215686,0.196078,0.176471,0.137255,2.333333,2.200000,2.000000,1.800000,1.400000
sub-ab742b1c,0.281553,0.291262,0.145631,0.145631,0.135922,2.900000,2.307692,1.666667,2.142857,2.000000
sub-ab8bd3c9,0.321429,0.401786,0.089286,0.098214,0.089286,4.000000,3.461538,1.428571,1.375000,2.000000
sub-abfb766b,0.240741,0.212963,0.185185,0.203704,0.157407,2.600000,2.090909,1.818182,2.444444,2.125000
sub-ade8fd31,0.127660,0.127660,0.276596,0.106383,0.361702,1.500000,3.000000,1.857143,1.666667,2.428571
sub-af3cda87,0.258427,0.202247,0.179775,0.235955,0.123596,2.555556,2.250000,2.000000,2.625000,2.750000
sub-af59045b,0.276190,0.276190,0.085714,0.152381,0.209524,3.222222,2.636364,1.800000,3.200000,2.000000
sub-af645a4e,0.228814,0.211864,0.220339,0.271186,0.067797,3.000000,2.777778,3.714286,2.666667,1.600000
sub-b0a8f7df,0.123711,0.154639,0.288660,0.278351,0.154639,2.000000,1.875000,2.333333,3.000000,1.666667
sub-b0c38196,0.346774,0.290323,0.120968,0.145161,0.096774,3.071429,3.600000,1.666667,2.250000,2.400000
sub-b1fd8109,0.146341,0.243902,0.195122,0.365854,0.048780,2.000000,2.000000,2.000000,2.500000,1.000000
sub-b21a2cb3,0.369565,0.347826,0.108696,0.141304,0.032609,3.090909,3.200000,1.428571,1.625000,1.500000
sub-b29c748a,0.162162,0.148649,0.175676,0.189189,0.324324,1.500000,1.833333,1.857143,2.000000,3.000000
sub-b3157ca6,0.440000,0.400000,0.060000,0.020000,0.080000,3.666667,4.000000,1.500000,1.000000,1.333333
sub-b3cda6f7,0.253333,0.320000,0.173333,0.120000,0.133333,2.375000,2.666667,2.166667,1.500000,1.428571
sub-b5272ec2,0.192308,0.173077,0.153846,0.173077,0.307692,2.500000,1.500000,2.000000,2.250000,2.285714
sub-b54e81a8,0.260274,0.315068,0.109589,0.123288,0.191781,2.111111,2.555556,1.600000,1.500000,2.333333
sub-b596a31b,0.204819,0.168675,0.289157,0.144578,0.192771,2.125000,2.000000,2.400000,1.714286,1.600000
sub-b670c5fc,0.166667,0.155556,0.266667,0.200000,0.211111,1.666667,1.555556,2.181818,1.800000,1.583333
sub-b672fcd0,0.312500,0.229167,0.208333,0.187500,0.062500,3.750000,2.200000,2.500000,1.800000,1.000000
sub-b7e2e197,0.250000,0.204545,0.204545,0.090909,0.250000,1.833333,1.500000,2.250000,1.333333,2.200000
sub-b942eeca,0.245283,0.216981,0.188679,0.169811,0.179245,2.600000,2.555556,2.222222,2.571429,2.714286
sub-b95e8a03,0.241379,0.241379,0.275862,0.080460,0.160920,2.100000,2.333333,2.181818,1.400000,2.000000
sub-ba7713f4,0.236111,0.166667,0.125000,0.166667,0.305556,1.888889,2.400000,1.500000,1.714286,2.444444
sub-baf11154,0.272000,0.216000,0.192000,0.160000,0.160000,2.615385,3.000000,2.400000,2.222222,1.666667
sub-baf211c0,0.237624,0.247525,0.168317,0.198020,0.148515,3.000000,2.500000,2.125000,2.222222,2.142857
sub-bb333d59,0.187500,0.171875,0.140625,0.171875,0.328125,1.500000,2.200000,1.800000,1.571429,2.333333
sub-bb6a82dc,0.350000,0.325000,0.200000,0.125000,0.000000,2.000000,2.166667,2.000000,1.666667,NaN
sub-bc23e3c1,0.191489,0.191489,0.255319,0.170213,0.191489,1.800000,3.000000,2.000000,1.600000,1.800000
sub-bc2c800c,0.258427,0.370787,0.123596,0.123596,0.123596,2.875000,4.125000,1.833333,1.375000,1.833333
sub-bc821461,0.240964,0.180723,0.253012,0.240964,0.084337,2.222222,1.875000,2.100000,2.222222,1.750000
sub-bd647db1,0.236559,0.279570,0.225806,0.107527,0.150538,3.142857,2.888889,2.625000,1.250000,1.750000
sub-bda589a3,0.261905,0.285714,0.142857,0.202381,0.107143,2.200000,2.181818,1.714286,1.700000,2.250000
sub-bddbe9b1,0.206897,0.241379,0.155172,0.155172,0.241379,1.714286,1.750000,1.500000,1.500000,2.333333
sub-be472f92,0.189189,0.180180,0.171171,0.270270,0.189189,2.333333,1.818182,1.727273,2.500000,2.625000
sub-be5e2e88,0.279070,0.279070,0.186047,0.116279,0.139535,3.000000,3.000000,1.600000,2.500000,1.500000
sub-bec29b78,0.000000,0.075000,0.075000,0.375000,0.475000,NaN,1.500000,3.000000,3.750000,3.800000
sub-bf2f1abf,0.270270,0.256757,0.148649,0.094595,0.229730,2.222222,1.900000,1.571429,1.166667,1.700000
sub-bf7dc05b,0.228814,0.228814,0.228814,0.135593,0.177966,2.454545,3.000000,2.454545,1.777778,3.000000
sub-bfc56382,0.278261,0.330435,0.121739,0.052174,0.217391,2.909091,3.800000,1.555556,2.000000,2.500000
sub-bfd1c975,0.230000,0.170000,0.110000,0.250000,0.240000,2.555556,2.428571,2.200000,3.125000,2.666667
sub-bff3f42a,0.441860,0.395349,0.023256,0.046512,0.093023,3.166667,2.833333,1.000000,1.000000,1.333333
sub-c0107d53,0.155844,0.077922,0.220779,0.272727,0.272727,2.000000,2.000000,1.888889,2.625000,2.625000
sub-c0c465ec,0.311111,0.377778,0.200000,0.044444,0.066667,2.800000,2.428571,1.800000,1.000000,1.500000
sub-c11229d3,0.315789,0.280702,0.087719,0.122807,0.192982,2.571429,3.200000,1.000000,1.750000,2.200000
sub-c13afce4,0.298246,0.271930,0.175439,0.114035,0.140351,3.400000,2.818182,2.222222,1.625000,2.000000
sub-c26e5113,0.184211,0.223684,0.263158,0.236842,0.092105,1.555556,1.888889,2.857143,2.000000,1.750000
sub-c346bdba,0.370370,0.259259,0.123457,0.135802,0.111111,3.000000,2.333333,1.428571,1.571429,1.500000
sub-c3f70a80,0.277778,0.287037,0.138889,0.138889,0.157407,2.727273,2.583333,1.875000,1.500000,2.125000
sub-c414d437,0.252174,0.278261,0.121739,0.217391,0.130435,2.416667,2.461538,2.333333,2.272727,1.666667
sub-c463dc03,0.181818,0.121212,0.075758,0.287879,0.333333,1.714286,1.600000,1.666667,1.900000,3.142857
sub-c4b8687a,0.263158,0.210526,0.228070,0.228070,0.070175,2.500000,2.000000,2.166667,1.857143,2.000000
sub-c5b2fb19,0.250000,0.250000,0.166667,0.125000,0.208333,3.000000,2.400000,2.666667,2.000000,2.000000
sub-c60ccabc,0.333333,0.312500,0.125000,0.166667,0.062500,2.666667,2.142857,2.000000,2.666667,1.000000
sub-c7846210,0.047619,0.119048,0.333333,0.333333,0.166667,1.000000,1.250000,2.800000,2.800000,1.750000
sub-c7a5384e,0.243902,0.235772,0.211382,0.227642,0.081301,5.000000,2.900000,3.250000,4.000000,2.500000
sub-c9b3cad7,0.255556,0.277778,0.188889,0.188889,0.088889,2.300000,2.272727,2.428571,2.125000,1.600000
sub-c9f3e918,0.179487,0.170940,0.273504,0.213675,0.162393,1.615385,2.000000,2.461538,2.500000,1.900000
sub-ca61232f,0.191919,0.202020,0.232323,0.282828,0.090909,2.714286,2.857143,2.300000,2.800000,1.500000
sub-ca80cb45,0.216667,0.225000,0.208333,0.250000,0.100000,2.363636,3.000000,1.923077,3.333333,1.500000
sub-cb8c1f9c,0.215686,0.215686,0.205882,0.245098,0.117647,2.750000,2.750000,2.333333,2.777778,1.714286
sub-cbb18a08,0.267857,0.375000,0.250000,0.071429,0.035714,2.500000,2.333333,1.555556,1.333333,2.000000
sub-cd862a67,0.288136,0.305085,0.135593,0.118644,0.152542,2.428571,2.571429,1.600000,1.750000,1.800000
sub-cdbd5c56,0.303030,0.303030,0.090909,0.166667,0.136364,2.500000,2.500000,1.500000,2.200000,1.125000
sub-cf784004,0.300000,0.281818,0.136364,0.145455,0.136364,3.000000,2.818182,1.875000,1.777778,1.500000
sub-cfc1cf12,0.312500,0.267857,0.187500,0.098214,0.133929,3.181818,2.727273,2.333333,1.833333,1.875000
sub-d39e106e,0.282609,0.228261,0.152174,0.152174,0.184783,2.888889,2.333333,1.555556,2.000000,1.700000
sub-d3f05b80,0.257143,0.300000,0.171429,0.114286,0.157143,2.250000,2.625000,1.500000,1.333333,1.222222
sub-d40b85b8,0.328125,0.343750,0.156250,0.062500,0.109375,3.000000,2.750000,2.500000,2.000000,1.400000
sub-d54bd4f9,0.311111,0.311111,0.188889,0.044444,0.144444,2.545455,3.500000,1.700000,1.333333,1.625000
sub-d5d91775,0.133333,0.133333,0.266667,0.333333,0.133333,2.000000,2.000000,2.400000,3.000000,2.000000
sub-d67c3379,0.256098,0.195122,0.158537,0.207317,0.182927,3.000000,2.666667,1.857143,1.888889,2.142857
sub-d70cd6ec,0.133333,0.233333,0.250000,0.250000,0.133333,2.000000,1.750000,1.666667,2.500000,1.600000
sub-d7763339,0.177570,0.149533,0.299065,0.252336,0.121495,2.375000,1.777778,2.909091,3.000000,1.444444
sub-d84a5484,0.098361,0.163934,0.229508,0.295082,0.213115,1.200000,1.666667,2.000000,3.000000,1.857143
sub-d93beca8,0.189474,0.231579,0.210526,0.178947,0.189474,2.000000,1.571429,1.818182,1.700000,1.800000
sub-da36a231,0.178082,0.246575,0.219178,0.219178,0.136986,2.166667,1.800000,2.285714,2.285714,2.000000
sub-db19bd9d,0.159574,0.180851,0.276596,0.095745,0.287234,1.500000,1.700000,2.600000,1.800000,3.000000
sub-db1c726a,0.226190,0.214286,0.261905,0.142857,0.154762,2.375000,2.571429,2.444444,1.500000,1.857143
sub-dd291f43,0.173333,0.146667,0.213333,0.293333,0.173333,1.625000,1.571429,2.000000,2.750000,2.166667
sub-df5fab05,0.325000,0.275000,0.025000,0.200000,0.175000,1.857143,2.200000,1.000000,1.333333,1.400000
sub-e02145f4,0.260870,0.289855,0.217391,0.072464,0.159420,3.000000,2.000000,2.500000,1.250000,1.833333
sub-e12ed92d,0.316667,0.350000,0.166667,0.050000,0.116667,2.375000,3.500000,2.000000,1.000000,1.400000
sub-e1583be7,0.119048,0.047619,0.309524,0.238095,0.285714,1.250000,2.000000,2.166667,2.000000,2.000000
sub-e28d88b7,0.299145,0.264957,0.094017,0.179487,0.162393,3.181818,3.100000,1.375000,2.625000,1.583333
sub-e306dd64,0.284404,0.266055,0.192661,0.146789,0.110092,2.818182,2.900000,2.333333,2.285714,1.500000
sub-e4d1481a,0.262712,0.279661,0.186441,0.194915,0.076271,2.583333,3.666667,2.750000,2.555556,1.800000
sub-e4d491a6,0.311111,0.366667,0.100000,0.055556,0.166667,2.545455,3.000000,1.285714,1.666667,2.142857
sub-e5e374fd,0.220588,0.250000,0.220588,0.161765,0.147059,1.666667,3.400000,1.875000,1.833333,2.000000
sub-e60d4b07,0.204082,0.183673,0.224490,0.183673,0.204082,1.666667,2.250000,2.750000,1.800000,1.666667
sub-e6194980,0.313253,0.289157,0.132530,0.156627,0.108434,2.363636,2.400000,1.571429,2.166667,1.800000
sub-e74e4c5a,0.225000,0.350000,0.150000,0.125000,0.150000,1.500000,2.333333,1.500000,1.666667,2.000000
sub-e7f50875,0.232558,0.209302,0.325581,0.023256,0.209302,2.000000,1.800000,2.333333,1.000000,1.800000
sub-e84ecd2f,0.306122,0.224490,0.173469,0.132653,0.163265,3.333333,2.750000,1.700000,1.625000,2.000000
sub-e8e47f6c,0.225000,0.212500,0.237500,0.200000,0.125000,3.000000,2.428571,2.375000,2.000000,1.428571
sub-e8fd1865,0.291262,0.252427,0.203883,0.155340,0.097087,2.500000,2.363636,2.100000,1.777778,3.333333
sub-e91691a5,0.142857,0.155844,0.324675,0.311688,0.064935,2.200000,2.000000,4.166667,3.000000,1.250000
sub-ea1ba303,0.144000,0.200000,0.072000,0.240000,0.344000,2.250000,2.272727,1.500000,2.727273,2.687500
sub-ea23f97f,0.173913,0.043478,0.304348,0.217391,0.260870,1.333333,1.000000,1.750000,2.500000,2.000000
sub-ea35c087,0.271186,0.203390,0.220339,0.135593,0.169492,2.285714,2.400000,2.166667,2.666667,2.000000
sub-ea7266a6,0.200000,0.175000,0.250000,0.025000,0.350000,2.000000,2.333333,3.333333,1.000000,2.333333
sub-eaa9a1ea,0.313725,0.294118,0.176471,0.058824,0.156863,2.666667,3.000000,1.500000,1.000000,2.000000
sub-eb0ac895,0.153846,0.057692,0.250000,0.250000,0.288462,1.333333,1.000000,2.166667,1.857143,3.000000
sub-eb2c84ca,0.236111,0.208333,0.111111,0.152778,0.291667,2.833333,1.875000,1.333333,2.750000,3.000000
sub-ec129ac4,0.183673,0.224490,0.183673,0.183673,0.224490,1.800000,1.833333,1.500000,2.250000,1.833333
sub-ec78225b,0.275000,0.266667,0.183333,0.108333,0.166667,2.750000,2.909091,2.750000,1.857143,2.222222
sub-ec96d125,0.293333,0.240000,0.240000,0.160000,0.066667,2.200000,2.571429,2.250000,2.000000,1.250000
sub-ecc7b2ca,0.149254,0.223881,0.253731,0.134328,0.238806,1.666667,2.500000,2.833333,2.250000,4.000000
sub-ecf838ec,0.281250,0.234375,0.140625,0.125000,0.218750,2.250000,1.875000,1.500000,1.600000,1.555556
sub-ed3c7758,0.194444,0.222222,0.263889,0.166667,0.152778,2.333333,3.200000,2.375000,1.714286,1.833333
sub-ed49286a,0.308824,0.338235,0.161765,0.044118,0.147059,2.333333,2.875000,1.571429,1.000000,2.000000
sub-edbcd4df,0.146667,0.306667,0.200000,0.240000,0.106667,2.750000,2.090909,1.875000,2.571429,1.600000
sub-edbf0d4d,0.330000,0.330000,0.140000,0.070000,0.130000,3.666667,2.357143,1.750000,1.400000,1.625000
sub-eeeee0ce,0.356436,0.386139,0.079208,0.108911,0.069307,3.600000,3.545455,2.000000,1.571429,1.166667
sub-ef4645ca,0.328571,0.285714,0.128571,0.157143,0.100000,3.285714,2.500000,1.800000,1.833333,1.750000
sub-efabdd7e,0.273973,0.273973,0.150685,0.164384,0.136986,2.500000,2.500000,1.833333,2.400000,1.428571
sub-efbc90a5,0.295455,0.272727,0.159091,0.068182,0.204545,3.250000,3.000000,1.750000,3.000000,2.250000
sub-f0b6aedf,0.267857,0.267857,0.142857,0.125000,0.196429,2.500000,2.142857,1.333333,1.400000,2.200000
sub-f1876917,0.269841,0.301587,0.222222,0.031746,0.174603,2.428571,2.111111,2.800000,1.000000,1.571429
sub-f1ffb87e,0.311475,0.295082,0.196721,0.163934,0.032787,2.714286,3.000000,2.400000,1.428571,2.000000
sub-f2746a7f,0.403670,0.376147,0.128440,0.018349,0.073394,3.666667,3.153846,2.000000,1.000000,1.333333
sub-f3232eae,0.240000,0.300000,0.200000,0.220000,0.040000,2.000000,1.666667,1.666667,1.833333,1.000000
sub-f3265f63,0.277228,0.297030,0.178218,0.108911,0.138614,2.545455,3.000000,2.000000,1.571429,1.555556
sub-f32b8017,0.123711,0.134021,0.175258,0.288660,0.278351,1.500000,2.166667,1.888889,3.111111,2.454545
sub-f3b907d8,0.185841,0.176991,0.265487,0.256637,0.115044,2.100000,2.000000,2.727273,2.416667,1.857143
sub-f3fa0c24,0.211268,0.211268,0.225352,0.169014,0.183099,2.142857,2.500000,3.200000,2.400000,2.166667
sub-f4a0ea73,0.123077,0.138462,0.200000,0.230769,0.307692,1.600000,1.500000,1.857143,1.875000,2.857143
sub-f5787346,0.195652,0.152174,0.326087,0.043478,0.282609,1.800000,2.333333,2.500000,1.000000,2.166667
sub-f5b31d52,0.394366,0.338028,0.126761,0.112676,0.028169,3.111111,2.400000,1.500000,1.600000,1.000000
sub-f656cba9,0.309735,0.292035,0.106195,0.115044,0.176991,3.500000,3.000000,1.500000,1.444444,2.222222
sub-f66e7c91,0.153153,0.135135,0.234234,0.306306,0.171171,2.428571,3.000000,2.600000,3.777778,2.375000
sub-f6bb94d0,0.154930,0.140845,0.197183,0.169014,0.338028,1.833333,2.000000,2.333333,1.714286,2.666667
sub-f6c1fab2,0.196078,0.254902,0.137255,0.137255,0.274510,1.666667,2.166667,1.400000,1.400000,2.000000
sub-f7418043,0.228916,0.325301,0.192771,0.180723,0.072289,2.111111,2.700000,2.000000,2.500000,1.200000
sub-f75ea85d,0.184211,0.228070,0.271930,0.201754,0.114035,3.000000,2.166667,2.818182,2.875000,2.166667
sub-f82afde4,0.314286,0.271429,0.114286,0.185714,0.114286,2.444444,3.166667,1.600000,2.166667,1.600000
sub-f8d25943,0.301724,0.370690,0.137931,0.103448,0.086207,3.181818,3.583333,2.000000,2.400000,1.250000
sub-f953273b,0.063830,0.063830,0.510638,0.255319,0.106383,1.500000,1.000000,4.000000,3.000000,1.666667
sub-f957c1c8,0.219512,0.231707,0.146341,0.134146,0.268293,2.571429,2.375000,1.714286,1.571429,2.750000
sub-f981e3f5,0.264706,0.313725,0.176471,0.107843,0.137255,3.375000,2.666667,2.571429,1.222222,1.750000
sub-f9f6c4ed,0.272727,0.272727,0.200000,0.163636,0.090909,2.500000,3.000000,1.833333,3.000000,1.666667
sub-fa21e57e,0.133333,0.106667,0.160000,0.226667,0.373333,2.500000,1.600000,3.000000,2.833333,4.000000
sub-fa823b79,0.358025,0.283951,0.037037,0.209877,0.111111,3.222222,2.875000,1.000000,2.428571,1.285714
sub-fab13b8f,0.223881,0.194030,0.313433,0.223881,0.044776,2.142857,2.166667,3.000000,2.142857,1.000000
sub-fbcd9110,0.066667,0.133333,0.266667,0.233333,0.300000,1.333333,1.600000,3.200000,2.000000,2.571429
sub-fc05ba17,0.303371,0.258427,0.224719,0.089888,0.123596,3.000000,2.300000,2.222222,1.333333,2.200000
sub-fc16c19f,0.350000,0.375000,0.025000,0.150000,0.100000,4.666667,3.750000,1.000000,1.500000,2.000000
sub-fcb347e1,0.306122,0.326531,0.081633,0.224490,0.061224,3.750000,2.285714,1.333333,2.750000,1.500000
sub-fd1e3702,0.171053,0.210526,0.276316,0.105263,0.236842,1.857143,1.600000,2.100000,1.600000,1.800000
sub-fdc8479f,0.291667,0.208333,0.177083,0.177083,0.145833,2.800000,1.818182,2.125000,2.428571,1.750000
sub-fdd7a1be,0.225225,0.216216,0.216216,0.171171,0.171171,2.777778,2.666667,2.400000,1.900000,1.583333
sub-fe1c4177,0.271186,0.262712,0.161017,0.144068,0.161017,2.909091,3.444444,1.727273,2.125000,1.727273
