ID,fracocc_1,fracocc_2,fracocc_3,fracocc_4,fracocc_5,dwell_1,dwell_2,dwell_3,dwell_4,dwell_5
sub-0038f6d3,0.261261,0.297297,0.090090,0.162162,0.189189,1.933333,2.357143,1.111111,1.800000,1.750000
sub-0065c4e7,0.272727,0.206612,0.223140,0.165289,0.132231,1.941176,1.470588,1.687500,1.538462,1.600000
sub-00a5f155,0.141304,0.119565,0.336957,0.260870,0.141304,1.444444,1.222222,2.066667,1.500000,1.083333
sub-0103fd3b,0.246575,0.164384,0.273973,0.273973,0.041096,1.285714,1.333333,1.428571,1.428571,1.500000
sub-017bc66c,0.285714,0.151261,0.176471,0.201681,0.184874,1.888889,1.200000,1.615385,1.846154,1.466667
sub-0223ca30,0.324561,0.254386,0.105263,0.122807,0.192982,2.055556,1.611111,1.333333,1.272727,1.375000
sub-0262fb07,0.214953,0.186916,0.158879,0.168224,0.271028,1.642857,1.538462,1.545455,1.800000,1.933333
sub-028396a2,0.169492,0.144068,0.305085,0.101695,0.279661,1.818182,1.416667,2.117647,1.200000,2.200000
sub-02e70592,0.224490,0.153061,0.163265,0.193878,0.265306,1.692308,1.250000,1.230769,1.461538,1.529412
sub-030862f3,0.305785,0.247934,0.148760,0.099174,0.198347,2.055556,1.666667,1.384615,1.500000,1.411765
sub-030a2f21,0.247863,0.307692,0.170940,0.205128,0.068376,1.933333,2.117647,1.666667,2.181818,1.333333
sub-0312aa2f,0.211382,0.219512,0.146341,0.105691,0.317073,1.857143,1.928571,1.500000,1.181818,2.166667
sub-032bc148,0.197368,0.197368,0.328947,0.236842,0.039474,1.363636,1.153846,1.470588,1.636364,1.000000
sub-037ebdea,0.206897,0.293103,0.155172,0.120690,0.224138,1.090909,1.062500,1.125000,1.166667,1.083333
sub-03b4fac2,0.148148,0.037037,0.370370,0.166667,0.277778,1.142857,1.000000,1.538462,1.125000,1.000000
sub-03d5f6b2,0.275862,0.318966,0.129310,0.155172,0.120690,2.285714,2.055556,1.666667,1.800000,1.555556
sub-03dbb3ef,0.365385,0.230769,0.192308,0.192308,0.019231,1.266667,1.090909,1.000000,1.000000,1.000000
sub-0424f0cc,0.363636,0.305785,0.082645,0.107438,0.140496,2.444444,2.466667,1.428571,1.181818,1.416667
sub-0431abda,0.151899,0.265823,0.278481,0.253165,0.050633,1.200000,1.312500,1.692308,1.176471,1.000000
sub-044c81a4,0.284483,0.318966,0.146552,0.155172,0.094828,1.941176,2.055556,1.545455,1.500000,1.222222
sub-04d422d4,0.189873,0.253165,0.265823,0.177215,0.113924,1.363636,1.428571,1.400000,1.400000,1.125000
sub-05804543,0.424000,0.368000,0.088000,0.040000,0.080000,2.650000,2.421053,1.222222,1.000000,1.250000
sub-05b68380,0.232000,0.224000,0.192000,0.144000,0.208000,1.611111,1.555556,1.500000,1.285714,1.529412
sub-05c8148a,0.219298,0.219298,0.254386,0.254386,0.052632,1.666667,1.666667,1.812500,1.933333,1.500000
sub-05da9db8,0.268041,0.371134,0.206186,0.030928,0.123711,1.529412,2.117647,1.666667,1.000000,1.200000
sub-0618a7a8,0.217391,0.217391,0.231884,0.217391,0.115942,1.363636,1.500000,1.333333,1.071429,1.142857
sub-0619f332,0.350000,0.300000,0.066667,0.133333,0.150000,2.625000,2.117647,1.333333,1.333333,1.636364
sub-062a3828,0.252427,0.174757,0.262136,0.252427,0.058252,1.529412,1.384615,1.687500,1.529412,1.000000
sub-063189b9,0.243902,0.158537,0.268293,0.292683,0.036585,1.428571,1.083333,1.466667,1.500000,1.000000
sub-0640fc90,0.357143,0.357143,0.125000,0.035714,0.125000,1.666667,1.428571,1.166667,1.000000,1.166667
sub-0677b0ae,0.285714,0.226891,0.210084,0.210084,0.067227,2.125000,1.800000,1.923077,1.785714,1.142857
sub-074c7ae0,0.349515,0.320388,0.135922,0.106796,0.087379,2.000000,1.736842,1.272727,1.375000,1.285714
sub-075ba38c,0.405172,0.405172,0.051724,0.086207,0.051724,2.764706,3.133333,1.500000,1.666667,1.000000
sub-078d0115,0.162602,0.243902,0.252033,0.292683,0.048780,2.000000,2.142857,2.066667,2.117647,1.200000
sub-079ad0b1,0.232000,0.232000,0.152000,0.128000,0.256000,2.071429,1.705882,1.461538,1.454545,1.882353
sub-08bdadc8,0.183333,0.133333,0.225000,0.166667,0.291667,1.571429,1.600000,1.928571,1.818182,2.333333
sub-08d4a49b,0.158730,0.190476,0.253968,0.222222,0.174603,1.111111,1.333333,1.454545,1.555556,1.375000
sub-08fc6819,0.344000,0.344000,0.024000,0.088000,0.200000,2.150000,1.954545,1.000000,1.222222,1.388889
sub-09378b74,0.211009,0.238532,0.238532,0.238532,0.073394,1.916667,1.857143,1.625000,2.166667,1.333333
sub-09927d73,0.259740,0.272727,0.129870,0.116883,0.220779,1.428571,1.400000,1.111111,1.125000,1.214286
sub-09ff79ff,0.178571,0.178571,0.294643,0.276786,0.071429,1.333333,1.538462,2.062500,1.937500,1.142857
sub-0a249e33,0.190909,0.218182,0.190909,0.200000,0.200000,1.235294,1.333333,1.400000,1.222222,1.571429
sub-0aa36d72,0.318584,0.292035,0.106195,0.123894,0.159292,2.250000,2.200000,1.500000,1.750000,1.636364
sub-0ab8eedd,0.264957,0.239316,0.162393,0.153846,0.179487,1.937500,1.555556,1.583333,1.285714,1.500000
sub-0abfcc01,0.342857,0.323810,0.076190,0.142857,0.114286,1.894737,1.789474,1.333333,1.363636,1.090909
sub-0b35d330,0.239316,0.307692,0.179487,0.222222,0.051282,1.866667,2.250000,1.400000,1.529412,1.200000
sub-0bb849b5,0.186992,0.308943,0.211382,0.105691,0.186992,1.642857,2.111111,1.529412,1.625000,1.352941
sub-0bd59c4e,0.269231,0.250000,0.076923,0.134615,0.269231,1.076923,1.300000,1.000000,1.166667,1.400000
sub-0be9a317,0.188679,0.226415,0.235849,0.113208,0.235849,1.538462,1.500000,1.785714,1.333333,1.562500
sub-0bea5471,0.384615,0.423077,0.076923,0.064103,0.051282,1.500000,1.833333,1.000000,1.250000,1.000000
sub-0c41aed6,0.261905,0.404762,0.095238,0.130952,0.107143,1.466667,2.000000,1.142857,1.222222,1.000000
sub-0c6dd44d,0.288889,0.233333,0.222222,0.155556,0.100000,1.529412,1.500000,1.538462,1.400000,1.285714
sub-0cc78551,0.158537,0.182927,0.256098,0.219512,0.182927,1.300000,1.250000,1.312500,1.500000,1.363636
sub-0d109f78,0.305085,0.254237,0.093220,0.177966,0.169492,1.636364,1.764706,1.571429,1.615385,1.428571
sub-0d4055a4,0.106557,0.147541,0.221311,0.196721,0.327869,1.444444,1.384615,1.687500,2.000000,2.352941
sub-0dd04d8d,0.261905,0.238095,0.119048,0.166667,0.214286,1.466667,1.538462,1.111111,1.272727,1.384615
sub-0e0b5c03,0.200000,0.280000,0.240000,0.240000,0.040000,1.071429,1.400000,1.285714,1.058824,1.500000
sub-0ea01690,0.267857,0.267857,0.151786,0.169643,0.142857,1.764706,1.764706,1.307692,1.357143,1.230769
sub-0ef9a840,0.382609,0.365217,0.069565,0.052174,0.130435,2.200000,2.333333,1.333333,1.200000,1.250000
sub-0f6654ce,0.365854,0.260163,0.097561,0.048780,0.227642,2.500000,2.000000,1.500000,1.200000,2.153846
sub-0feed494,0.213115,0.262295,0.213115,0.147541,0.163934,1.083333,1.333333,1.300000,1.000000,1.000000
sub-0ffb32d2,0.258333,0.258333,0.175000,0.075000,0.233333,2.066667,1.937500,1.909091,1.500000,1.866667
sub-1000f047,0.279661,0.228814,0.118644,0.203390,0.169492,1.833333,1.687500,1.166667,1.500000,1.666667
sub-11094134,0.360656,0.418033,0.073770,0.098361,0.049180,2.444444,2.428571,1.125000,1.333333,1.000000
sub-1112d9df,0.252525,0.303030,0.151515,0.202020,0.090909,1.666667,2.000000,1.153846,1.428571,1.000000
sub-1127e943,0.203125,0.171875,0.203125,0.093750,0.328125,1.083333,1.100000,1.083333,1.000000,1.312500
sub-1208c421,0.155556,0.222222,0.088889,0.288889,0.244444,1.000000,1.111111,1.000000,1.181818,1.222222
sub-13060080,0.166667,0.111111,0.314815,0.203704,0.203704,1.000000,1.000000,1.307692,1.100000,1.375000
sub-143c05b0,0.341463,0.276423,0.146341,0.130081,0.105691,2.470588,1.888889,1.636364,1.333333,1.444444
sub-14921d16,0.272000,0.320000,0.192000,0.112000,0.104000,1.700000,1.904762,1.500000,1.272727,1.300000
sub-156dd92b,0.300813,0.284553,0.073171,0.138211,0.203252,2.466667,2.187500,1.500000,1.545455,1.470588
sub-15a45610,0.206612,0.190083,0.181818,0.247934,0.173554,1.315789,1.642857,2.000000,1.875000,1.500000
sub-15bf4c30,0.336066,0.368852,0.098361,0.180328,0.016393,2.928571,2.647059,1.200000,1.571429,1.000000
sub-15f5f4a4,0.306122,0.285714,0.224490,0.102041,0.081633,2.000000,1.555556,1.692308,1.250000,1.142857
sub-16f7c767,0.216667,0.266667,0.150000,0.291667,0.075000,1.300000,2.285714,1.285714,1.944444,1.125000
sub-1722f709,0.252747,0.252747,0.230769,0.175824,0.087912,1.437500,1.769231,1.312500,1.454545,1.142857
sub-1757dc19,0.181818,0.292929,0.151515,0.131313,0.242424,1.800000,1.933333,1.500000,1.181818,1.846154
sub-175f0243,0.183673,0.183673,0.295918,0.326531,0.010204,1.384615,1.500000,1.812500,2.000000,1.000000
sub-18345449,0.196429,0.214286,0.214286,0.250000,0.125000,1.222222,1.500000,1.200000,1.166667,1.000000
sub-185510a2,0.299145,0.316239,0.188034,0.162393,0.034188,2.058824,2.055556,1.375000,1.266667,1.000000
sub-18843b7b,0.130435,0.141304,0.282609,0.315217,0.130435,1.333333,1.444444,1.529412,2.230769,1.714286
sub-18dcd71e,0.176000,0.168000,0.296000,0.288000,0.072000,1.466667,1.500000,2.312500,2.000000,1.285714
sub-1a0dd2e0,0.292453,0.169811,0.103774,0.141509,0.292453,1.823529,1.384615,1.375000,1.363636,1.937500
sub-1a7ffbab,0.258065,0.169355,0.225806,0.241935,0.104839,1.684211,1.615385,1.555556,2.000000,1.444444
sub-1baacce3,0.276316,0.289474,0.197368,0.118421,0.118421,1.235294,1.466667,1.363636,1.500000,1.285714
sub-1bcbb6c2,0.257143,0.314286,0.114286,0.071429,0.242857,1.384615,1.692308,1.142857,1.000000,1.416667
sub-1bd6ef0e,0.325203,0.357724,0.073171,0.146341,0.097561,2.105263,1.913043,1.125000,1.384615,1.333333
sub-1c9dca29,0.195122,0.276423,0.154472,0.121951,0.252033,1.714286,1.700000,1.900000,1.666667,2.066667
sub-1cab9f59,0.283186,0.256637,0.123894,0.088496,0.247788,1.882353,1.933333,1.400000,1.250000,1.555556
sub-1cae716e,0.214286,0.122449,0.336735,0.244898,0.081633,1.312500,1.200000,1.736842,1.600000,1.142857
sub-1cb849c3,0.308511,0.329787,0.138298,0.138298,0.085106,1.933333,1.937500,1.444444,1.625000,1.333333
sub-1ce73965,0.203883,0.242718,0.203883,0.271845,0.077670,1.615385,2.272727,1.166667,1.750000,1.333333
sub-1d0cc3f0,0.170455,0.147727,0.340909,0.125000,0.215909,1.250000,1.300000,1.500000,1.375000,1.461538
sub-1e7394f2,0.293103,0.241379,0.155172,0.198276,0.112069,2.428571,1.866667,1.500000,1.769231,1.083333
sub-1e7b5201,0.202128,0.202128,0.212766,0.276596,0.106383,1.266667,1.357143,1.428571,1.625000,1.250000
sub-1e805bd2,0.162602,0.170732,0.292683,0.284553,0.089431,1.333333,1.750000,2.117647,2.058824,1.375000
sub-1e8256cb,0.123077,0.169231,0.307692,0.261538,0.138462,1.000000,1.000000,1.333333,1.307692,1.285714
sub-1f00664b,0.283333,0.283333,0.100000,0.083333,0.250000,1.416667,1.416667,1.200000,1.250000,1.500000
sub-1f35e406,0.365854,0.439024,0.097561,0.048780,0.048780,1.071429,1.058824,1.000000,1.000000,1.000000
sub-1f45c28e,0.352273,0.329545,0.136364,0.102273,0.079545,1.722222,1.812500,1.500000,1.125000,1.000000
sub-1f989207,0.268293,0.276423,0.121951,0.162602,0.170732,2.062500,2.125000,1.500000,1.428571,1.500000
sub-1fb22c1e,0.378378,0.387387,0.090090,0.054054,0.090090,2.470588,2.047619,1.250000,1.000000,1.111111
sub-1fe27156,0.208791,0.186813,0.219780,0.241758,0.142857,1.357143,1.307692,1.428571,1.466667,1.444444
sub-1fe834f0,0.297872,0.297872,0.106383,0.117021,0.180851,1.866667,1.866667,1.250000,1.222222,1.416667
sub-1fead018,0.184874,0.176471,0.252101,0.277311,0.109244,1.833333,1.750000,1.764706,1.833333,1.444444
sub-200785b5,0.202899,0.202899,0.086957,0.173913,0.333333,1.166667,1.272727,1.000000,1.333333,1.642857
sub-2016203f,0.285714,0.342857,0.142857,0.142857,0.085714,1.333333,1.411765,1.000000,1.250000,1.000000
sub-20a17075,0.136000,0.176000,0.184000,0.216000,0.288000,1.307692,1.375000,1.642857,1.588235,2.117647
sub-20a2b1b4,0.200000,0.152000,0.216000,0.120000,0.312000,1.923077,1.461538,2.076923,1.500000,1.950000
sub-20b7485e,0.120968,0.112903,0.153226,0.266129,0.346774,1.250000,1.400000,1.900000,2.200000,2.388889
sub-20d43624,0.235772,0.203252,0.235772,0.268293,0.056911,1.812500,1.666667,1.812500,1.833333,1.166667
sub-20e346fc,0.252174,0.260870,0.130435,0.191304,0.165217,1.933333,1.875000,1.363636,1.571429,1.583333
sub-20ee3cab,0.272727,0.303030,0.141414,0.141414,0.141414,1.928571,1.764706,1.400000,1.400000,1.166667
sub-213f175e,0.250000,0.232143,0.250000,0.232143,0.035714,1.166667,1.181818,1.166667,1.181818,1.000000
sub-21465080,0.274725,0.241758,0.197802,0.263736,0.021978,1.666667,1.833333,1.500000,2.181818,1.000000
sub-21bdd5ba,0.258621,0.327586,0.120690,0.172414,0.120690,1.153846,1.583333,1.166667,1.250000,1.166667
sub-22622dde,0.407407,0.342593,0.120370,0.064815,0.064815,2.200000,2.055556,1.625000,1.000000,1.750000
sub-22c762ef,0.440000,0.344000,0.096000,0.064000,0.056000,2.619048,2.263158,1.200000,1.142857,1.000000
sub-23826a62,0.243902,0.357724,0.154472,0.113821,0.130081,1.875000,2.588235,1.727273,1.400000,1.600000
sub-23ae845f,0.280992,0.272727,0.157025,0.173554,0.115702,1.888889,1.650000,1.461538,1.615385,1.555556
sub-24458446,0.295455,0.318182,0.159091,0.159091,0.068182,1.368421,1.647059,1.272727,1.400000,1.200000
sub-24995e17,0.265487,0.247788,0.106195,0.194690,0.185841,2.142857,1.750000,1.200000,1.692308,1.909091
sub-24a7c6ca,0.372549,0.333333,0.078431,0.078431,0.137255,1.357143,1.307692,1.000000,1.000000,1.000000
sub-24c13105,0.392000,0.376000,0.112000,0.088000,0.032000,2.578947,2.350000,1.400000,1.100000,1.000000
sub-24ed9807,0.435484,0.395161,0.104839,0.048387,0.016129,3.000000,2.722222,1.300000,1.200000,1.000000
sub-257bbec9,0.298387,0.290323,0.177419,0.161290,0.072581,2.312500,2.250000,1.571429,1.333333,1.125000
sub-270cd2b7,0.272727,0.290909,0.090909,0.236364,0.109091,1.071429,1.066667,1.000000,1.300000,1.200000
sub-27aeb32c,0.237500,0.200000,0.200000,0.237500,0.125000,1.357143,1.230769,1.333333,1.357143,1.111111
sub-27e590b8,0.324675,0.259740,0.142857,0.103896,0.168831,1.923077,1.428571,1.375000,1.142857,1.300000
sub-28a0fdd3,0.307018,0.245614,0.157895,0.157895,0.131579,1.842105,1.647059,1.636364,1.384615,1.363636
sub-28c7360d,0.425000,0.350000,0.108333,0.016667,0.100000,2.217391,2.210526,1.300000,1.000000,1.500000
sub-29454e82,0.303030,0.303030,0.151515,0.212121,0.030303,1.333333,1.666667,1.000000,1.076923,1.000000
sub-2954dc06,0.369863,0.273973,0.068493,0.082192,0.205479,1.800000,1.333333,1.250000,1.000000,1.363636
sub-29855626,0.141593,0.132743,0.283186,0.079646,0.362832,1.454545,1.363636,2.133333,1.285714,2.157895
sub-29cb7cfb,0.200000,0.222222,0.222222,0.155556,0.200000,1.125000,1.111111,1.000000,1.166667,1.285714
sub-2a1d84ce,0.203704,0.166667,0.277778,0.148148,0.203704,1.222222,1.000000,1.363636,1.000000,1.100000
sub-2a6b2e84,0.183908,0.229885,0.195402,0.149425,0.241379,1.454545,1.538462,1.545455,1.300000,1.750000
sub-2a9aa446,0.244898,0.295918,0.214286,0.112245,0.132653,1.333333,1.705882,1.500000,1.100000,1.181818
sub-2b2dc874,0.242105,0.252632,0.231579,0.252632,0.021053,1.642857,1.263158,1.692308,1.500000,1.000000
sub-2b4ee1eb,0.208000,0.336000,0.112000,0.136000,0.208000,1.857143,2.625000,1.555556,1.214286,1.625000
sub-2b90d30e,0.120690,0.137931,0.293103,0.379310,0.068966,1.166667,1.333333,1.307692,1.692308,1.000000
sub-2bad3f29,0.323529,0.264706,0.147059,0.161765,0.102941,1.375000,1.200000,1.428571,1.100000,1.000000
sub-2bee75ef,0.153153,0.252252,0.162162,0.288288,0.144144,1.416667,1.555556,1.500000,1.777778,1.600000
sub-2ca8e629,0.208000,0.208000,0.184000,0.200000,0.200000,1.625000,1.857143,1.437500,1.785714,1.666667
sub-2cfd2032,0.195652,0.217391,0.282609,0.271739,0.032609,1.500000,1.818182,1.625000,1.666667,1.500000
sub-2d70f07a,0.304878,0.329268,0.048780,0.231707,0.085366,1.388889,1.588235,1.000000,1.357143,1.166667
sub-2e02a615,0.278689,0.221311,0.163934,0.114754,0.221311,1.888889,1.687500,1.428571,1.400000,1.687500
sub-2e2c9089,0.304000,0.272000,0.176000,0.176000,0.072000,2.111111,2.125000,1.466667,1.375000,1.285714
sub-2e3e0575,0.304348,0.347826,0.072464,0.173913,0.101449,1.615385,1.600000,1.000000,1.090909,1.166667
sub-2ec9ef3f,0.254545,0.236364,0.200000,0.072727,0.236364,1.166667,1.083333,1.100000,1.000000,1.181818
sub-2eea391b,0.275000,0.212500,0.212500,0.212500,0.087500,1.375000,1.307692,1.307692,1.416667,1.166667
sub-2f67216f,0.024390,0.097561,0.292683,0.390244,0.195122,1.000000,1.000000,1.200000,1.333333,1.000000
sub-2ffd1498,0.303571,0.321429,0.133929,0.169643,0.071429,1.700000,2.250000,1.363636,1.266667,1.000000
sub-300f964c,0.268293,0.280488,0.170732,0.243902,0.036585,1.375000,1.642857,1.272727,1.666667,1.000000
sub-30a73542,0.260163,0.325203,0.170732,0.186992,0.056911,2.461538,2.222222,1.909091,1.769231,1.166667
sub-30ab196e,0.300000,0.258333,0.133333,0.125000,0.183333,2.117647,2.214286,1.454545,1.500000,1.692308
sub-3109bf1c,0.253731,0.238806,0.104478,0.194030,0.208955,1.307692,1.454545,1.166667,1.300000,1.272727
sub-31394e7a,0.195122,0.000000,0.073171,0.390244,0.341463,1.142857,NaN,1.000000,1.142857,1.166667
sub-3177bea8,0.352459,0.336066,0.065574,0.106557,0.139344,2.529412,2.277778,1.333333,1.181818,1.416667
sub-317bb08e,0.294118,0.313725,0.137255,0.196078,0.058824,1.875000,2.133333,1.166667,1.538462,1.200000
sub-3199a8c6,0.285714,0.238095,0.119048,0.214286,0.142857,1.090909,1.000000,1.000000,1.125000,1.000000
sub-31c71fe5,0.067227,0.142857,0.336134,0.327731,0.126050,1.333333,1.545455,2.000000,2.437500,1.500000
sub-329ec5d1,0.329268,0.292683,0.158537,0.097561,0.121951,1.687500,1.714286,1.083333,1.333333,1.428571
sub-32ad6734,0.218487,0.218487,0.176471,0.218487,0.168067,1.857143,1.625000,1.750000,1.857143,1.538462
sub-32b0b746,0.224138,0.241379,0.172414,0.051724,0.310345,1.444444,1.000000,1.000000,1.500000,1.636364
sub-3319088e,0.392857,0.333333,0.130952,0.035714,0.107143,1.941176,2.000000,1.222222,1.000000,1.500000
sub-333c69b6,0.337079,0.337079,0.134831,0.134831,0.056180,2.000000,2.142857,1.333333,1.200000,1.000000
sub-3380a3f8,0.280702,0.236842,0.140351,0.184211,0.157895,2.000000,1.687500,1.454545,1.312500,1.285714
sub-33aa81b1,0.384000,0.328000,0.088000,0.144000,0.056000,2.285714,2.050000,1.375000,1.384615,1.400000
sub-33fad75a,0.194805,0.129870,0.155844,0.207792,0.311688,1.363636,1.000000,1.090909,1.777778,1.263158
sub-3405c96d,0.126050,0.126050,0.193277,0.193277,0.361345,1.250000,1.250000,1.769231,1.642857,2.866667
sub-34416bde,0.190000,0.300000,0.230000,0.160000,0.120000,1.583333,2.500000,1.642857,1.600000,2.000000
sub-34458bb9,0.306452,0.362903,0.064516,0.072581,0.193548,2.111111,2.250000,1.000000,1.285714,1.846154
sub-34539ef6,0.181818,0.140496,0.297521,0.322314,0.057851,1.466667,1.214286,1.800000,2.052632,1.166667
sub-34568da1,0.282609,0.260870,0.163043,0.141304,0.152174,1.857143,1.600000,1.153846,1.444444,1.400000
sub-34834c97,0.386364,0.386364,0.068182,0.136364,0.022727,1.214286,1.307692,1.000000,1.000000,1.000000
sub-34b27343,0.330275,0.302752,0.100917,0.110092,0.155963,2.117647,1.833333,1.375000,1.200000,1.214286
sub-34eda375,0.257143,0.352381,0.180952,0.200000,0.009524,1.687500,1.850000,1.357143,1.235294,1.000000
sub-3513bb29,0.219512,0.182927,0.134146,0.182927,0.280488,1.285714,1.250000,1.222222,1.153846,1.769231
sub-351f5911,0.201923,0.192308,0.259615,0.230769,0.115385,1.500000,1.538462,1.800000,1.846154,1.714286
sub-353604a7,0.202899,0.231884,0.275362,0.217391,0.072464,1.400000,1.333333,1.461538,1.363636,1.250000
sub-3579c837,0.170455,0.181818,0.238636,0.204545,0.204545,1.153846,1.454545,1.500000,1.384615,1.384615
sub-363fef83,0.283333,0.216667,0.066667,0.150000,0.283333,2.266667,1.857143,1.333333,1.200000,2.266667
sub-364e27da,0.140845,0.169014,0.253521,0.323944,0.112676,1.000000,1.090909,1.200000,1.642857,1.000000
sub-36812311,0.153226,0.112903,0.266129,0.258065,0.209677,1.727273,1.400000,1.941176,1.777778,1.857143
sub-36e8c5ee,0.404959,0.338843,0.099174,0.132231,0.024793,2.041667,2.050000,1.200000,1.333333,1.000000
sub-372f7c97,0.500000,0.347826,0.043478,0.086957,0.021739,1.437500,1.230769,1.000000,1.333333,1.000000
sub-37370aac,0.260504,0.210084,0.176471,0.092437,0.260504,2.066667,1.785714,1.500000,1.222222,1.937500
sub-373f0ffd,0.351064,0.404255,0.074468,0.095745,0.074468,1.833333,2.000000,1.000000,1.125000,1.000000
sub-38428731,0.254545,0.300000,0.181818,0.200000,0.063636,1.473684,1.500000,1.428571,1.466667,1.166667
sub-390829f4,0.320000,0.340000,0.180000,0.160000,0.000000,1.230769,1.214286,1.125000,1.333333,NaN
sub-3948081f,0.416000,0.400000,0.048000,0.064000,0.072000,2.888889,2.631579,1.000000,1.142857,1.125000
sub-395cc66e,0.327273,0.345455,0.136364,0.081818,0.109091,2.571429,2.235294,1.500000,1.285714,1.500000
sub-39df6d4d,0.314607,0.191011,0.146067,0.168539,0.179775,1.473684,1.700000,1.181818,1.250000,1.454545
sub-39e13aaf,0.074766,0.028037,0.317757,0.168224,0.411215,1.142857,1.000000,2.000000,1.500000,2.315789
sub-39ec2b3a,0.120968,0.177419,0.193548,0.266129,0.241935,1.500000,1.571429,2.181818,1.941176,2.142857
sub-3a64891e,0.239669,0.198347,0.231405,0.132231,0.198347,2.230769,1.411765,1.750000,1.454545,2.000000
sub-3ab13149,0.108333,0.091667,0.266667,0.233333,0.300000,1.300000,1.375000,2.000000,1.555556,2.117647
sub-3afc22be,0.157895,0.219298,0.157895,0.166667,0.298246,1.384615,1.666667,1.636364,1.583333,2.125000
sub-3b099e7c,0.339450,0.321101,0.055046,0.064220,0.220183,2.055556,1.666667,1.200000,1.166667,1.714286
sub-3b0bbcca,0.245098,0.186275,0.156863,0.156863,0.254902,1.470588,1.727273,1.454545,1.230769,1.625000
sub-3b897a16,0.340659,0.362637,0.065934,0.043956,0.186813,1.722222,1.571429,1.200000,1.000000,1.214286
sub-3bea84e7,0.264463,0.297521,0.140496,0.157025,0.140496,2.000000,2.250000,1.416667,1.461538,1.545455
sub-3c0c48f6,0.288660,0.319588,0.175258,0.195876,0.020619,1.866667,2.066667,1.545455,1.266667,1.000000
sub-3c412bbf,0.296000,0.296000,0.144000,0.160000,0.104000,1.947368,2.312500,1.384615,1.538462,1.083333
sub-3c46c07f,0.264000,0.192000,0.200000,0.224000,0.120000,2.200000,1.714286,1.315789,1.647059,1.666667
sub-3cc48bce,0.144231,0.221154,0.278846,0.269231,0.086538,1.363636,1.437500,1.933333,1.647059,1.500000
sub-3ccd2419,0.323529,0.308824,0.132353,0.147059,0.088235,1.692308,1.615385,1.125000,1.111111,1.200000
sub-3cdeee8a,0.272727,0.220779,0.194805,0.077922,0.233766,1.235294,1.214286,1.153846,1.000000,1.500000
sub-3d2a195e,0.327869,0.286885,0.155738,0.081967,0.147541,2.500000,2.058824,1.727273,1.000000,1.500000
sub-3dcc96bf,0.245098,0.215686,0.245098,0.235294,0.058824,1.470588,1.692308,1.785714,1.600000,1.000000
sub-3e8e8f70,0.198347,0.247934,0.181818,0.099174,0.272727,1.846154,1.666667,1.571429,1.200000,2.062500
sub-3ef55793,0.281250,0.281250,0.166667,0.156250,0.114583,1.588235,1.588235,1.333333,1.250000,1.222222
sub-3f20cb2f,0.204301,0.225806,0.268817,0.225806,0.075269,1.357143,1.500000,2.272727,1.615385,1.166667
sub-3f2c7881,0.313433,0.313433,0.164179,0.089552,0.119403,1.312500,1.500000,1.100000,1.000000,1.333333
sub-3f9845b7,0.308411,0.252336,0.056075,0.196262,0.186916,1.833333,1.687500,1.200000,1.500000,1.428571
sub-3fa321e5,0.241935,0.241935,0.177419,0.193548,0.145161,1.875000,2.500000,1.692308,2.181818,1.636364
sub-3fc89bdf,0.389831,0.322034,0.118644,0.016949,0.152542,1.642857,1.266667,1.000000,1.000000,1.000000
sub-3fdf00ec,0.134454,0.151261,0.336134,0.352941,0.025210,1.230769,1.285714,2.222222,3.000000,1.500000
sub-3fe4c8be,0.393443,0.459016,0.065574,0.032787,0.049180,1.411765,1.647059,1.000000,1.000000,1.000000
sub-3febaacb,0.345455,0.290909,0.072727,0.136364,0.154545,2.111111,2.000000,1.333333,1.500000,1.545455
sub-40480d87,0.303571,0.267857,0.214286,0.071429,0.142857,1.888889,1.666667,1.846154,1.142857,1.230769
sub-40a8af30,0.196721,0.221311,0.237705,0.286885,0.057377,1.411765,1.687500,1.611111,1.750000,1.400000
sub-40cd38aa,0.120000,0.128000,0.256000,0.352000,0.144000,1.666667,1.454545,1.882353,2.750000,1.636364
sub-4116e37f,0.144068,0.127119,0.245763,0.220339,0.262712,1.416667,1.363636,1.933333,1.529412,2.066667
sub-41837856,0.123967,0.107438,0.247934,0.280992,0.239669,1.250000,1.625000,1.666667,2.266667,2.230769
sub-41c65311,0.198347,0.206612,0.214876,0.157025,0.223140,1.714286,1.562500,1.625000,1.357143,1.800000
sub-41c80295,0.127273,0.181818,0.290909,0.363636,0.036364,1.400000,1.111111,1.454545,1.666667,1.000000
sub-41d5f210,0.185185,0.296296,0.092593,0.166667,0.259259,1.111111,1.230769,1.250000,1.000000,1.272727
sub-42313275,0.230088,0.176991,0.283186,0.283186,0.026549,1.444444,1.538462,1.777778,2.000000,1.000000
sub-424816de,0.322034,0.338983,0.093220,0.144068,0.101695,1.652174,1.904762,1.222222,1.545455,1.200000
sub-42be1b79,0.104839,0.112903,0.153226,0.241935,0.387097,1.444444,1.272727,1.583333,2.142857,2.526316
sub-42ff619b,0.233871,0.290323,0.153226,0.088710,0.233871,2.071429,1.800000,1.583333,1.100000,2.230769
sub-43223fee,0.256410,0.162393,0.230769,0.128205,0.222222,1.875000,1.266667,1.800000,1.153846,1.625000
sub-43687c63,0.214876,0.206612,0.280992,0.247934,0.049587,1.529412,1.666667,2.000000,2.000000,1.200000
sub-4377ba37,0.225352,0.225352,0.154930,0.253521,0.140845,1.454545,1.777778,1.222222,1.636364,1.111111
sub-43e6771c,0.394958,0.352941,0.067227,0.100840,0.084034,2.238095,2.625000,1.333333,1.500000,1.250000
sub-43fec3ba,0.280899,0.269663,0.123596,0.056180,0.269663,1.470588,1.333333,1.222222,1.250000,1.411765
sub-4507f914,0.256000,0.240000,0.088000,0.128000,0.288000,1.777778,1.875000,1.375000,1.142857,2.000000
sub-459d2f41,0.194444,0.259259,0.305556,0.212963,0.027778,1.500000,1.473684,1.571429,1.533333,1.000000
sub-459f502f,0.397260,0.438356,0.082192,0.068493,0.013699,1.933333,1.882353,1.200000,1.000000,1.000000
sub-45bcc689,0.296000,0.320000,0.048000,0.152000,0.184000,2.176471,2.352941,1.000000,1.357143,1.769231
sub-45c1d1f7,0.295652,0.304348,0.156522,0.113043,0.130435,1.888889,2.187500,1.285714,1.181818,1.153846
sub-45c73ddd,0.169492,0.237288,0.262712,0.288136,0.042373,1.538462,1.647059,1.722222,1.619048,1.250000
sub-45d3f841,0.378151,0.336134,0.117647,0.117647,0.050420,1.956522,2.352941,1.166667,1.166667,1.200000
sub-46dec161,0.230000,0.230000,0.130000,0.220000,0.190000,1.277778,1.533333,1.444444,2.000000,1.583333
sub-477fa3ad,0.338710,0.274194,0.032258,0.096774,0.258065,2.100000,1.789474,1.000000,1.333333,1.684211
sub-479ffa4f,0.202899,0.304348,0.159420,0.144928,0.188406,1.400000,1.500000,1.375000,1.111111,1.444444
sub-481c79cc,0.319672,0.327869,0.106557,0.065574,0.180328,1.950000,1.904762,1.300000,1.333333,1.375000
sub-48374184,0.128713,0.128713,0.287129,0.227723,0.227723,1.444444,1.300000,1.611111,1.437500,1.533333
sub-485dfbea,0.094595,0.189189,0.297297,0.189189,0.229730,1.000000,1.555556,1.466667,1.400000,1.416667
sub-485ec574,0.350000,0.341667,0.100000,0.150000,0.058333,2.333333,2.562500,1.500000,1.200000,1.166667
sub-486257c7,0.174312,0.229358,0.266055,0.302752,0.027523,1.461538,1.785714,1.933333,1.736842,1.000000
sub-48aef4b5,0.222222,0.333333,0.179487,0.136752,0.128205,2.166667,2.166667,1.500000,2.000000,1.250000
sub-48b8b0e4,0.304000,0.352000,0.096000,0.120000,0.128000,2.235294,2.315789,1.090909,1.250000,1.333333
sub-48deeaa7,0.296875,0.265625,0.078125,0.156250,0.203125,1.583333,1.700000,1.000000,1.111111,1.083333
sub-496a509f,0.241379,0.252874,0.149425,0.241379,0.114943,1.312500,1.375000,1.444444,1.400000,1.111111
sub-49efd909,0.216667,0.133333,0.233333,0.216667,0.200000,1.444444,1.142857,1.166667,1.181818,1.200000
sub-49f63af2,0.236559,0.268817,0.204301,0.086022,0.204301,1.571429,1.562500,1.461538,1.142857,1.583333
sub-4a3f09d6,0.318966,0.318966,0.094828,0.086207,0.181034,2.312500,2.312500,1.222222,1.428571,1.400000
sub-4ac4cb0a,0.258333,0.166667,0.258333,0.275000,0.041667,2.066667,1.428571,2.384615,1.736842,1.000000
sub-4ac8cb38,0.403509,0.421053,0.087719,0.070175,0.017544,2.421053,2.823529,1.250000,1.000000,1.000000
sub-4b1369b2,0.350000,0.316667,0.091667,0.125000,0.116667,2.800000,2.235294,1.375000,1.363636,1.400000
sub-4b356b3c,0.016949,0.169492,0.440678,0.118644,0.254237,1.000000,1.428571,1.857143,1.166667,1.250000
sub-4ba48d87,0.320755,0.264151,0.122642,0.122642,0.169811,1.619048,1.647059,1.181818,1.300000,1.384615
sub-4c422d32,0.152381,0.152381,0.276190,0.200000,0.219048,1.454545,1.454545,1.705882,1.400000,2.090909
sub-4cc4718f,0.162791,0.139535,0.372093,0.209302,0.116279,1.000000,1.200000,1.142857,1.000000,1.000000
sub-4cff45db,0.177966,0.161017,0.228814,0.279661,0.152542,1.750000,1.727273,2.250000,2.062500,1.384615
sub-4d7b20c6,0.064516,0.129032,0.250000,0.201613,0.354839,1.600000,1.230769,2.214286,1.785714,2.315789
sub-4dc75872,0.409091,0.381818,0.072727,0.090909,0.045455,2.142857,2.210526,1.142857,1.250000,1.000000
sub-4ddbfa65,0.283333,0.175000,0.116667,0.250000,0.175000,2.125000,1.500000,1.400000,1.764706,1.750000
sub-4df0773d,0.321101,0.321101,0.146789,0.137615,0.073394,1.842105,1.944444,1.333333,1.500000,1.000000
sub-4e349387,0.153226,0.185484,0.250000,0.233871,0.177419,1.357143,1.769231,1.937500,1.933333,1.571429
sub-4e43f365,0.203125,0.171875,0.218750,0.140625,0.265625,1.300000,1.375000,1.555556,1.285714,1.545455
sub-4e658572,0.263158,0.245614,0.166667,0.122807,0.201754,1.875000,1.750000,1.461538,1.555556,1.769231
sub-4e6e7db0,0.328000,0.360000,0.160000,0.120000,0.032000,2.411765,2.500000,1.538462,1.250000,1.333333
sub-4e9d2d10,0.302521,0.252101,0.151261,0.075630,0.218487,1.894737,1.875000,1.285714,1.800000,2.000000
sub-4ea3be7a,0.154762,0.178571,0.261905,0.119048,0.285714,1.300000,1.500000,1.466667,1.428571,1.500000
sub-4ead75cf,0.227723,0.217822,0.217822,0.168317,0.168317,1.352941,1.692308,1.466667,1.307692,1.545455
sub-4eb75032,0.228261,0.271739,0.119565,0.195652,0.184783,1.400000,1.666667,1.833333,1.200000,1.545455
sub-4f49b1b4,0.173913,0.165217,0.208696,0.208696,0.243478,1.666667,1.583333,2.400000,1.714286,1.647059
sub-4f51173e,0.253333,0.173333,0.280000,0.226667,0.066667,1.461538,1.181818,1.615385,1.307692,1.250000
sub-4f5238cb,0.266129,0.266129,0.072581,0.137097,0.258065,2.062500,2.062500,1.125000,1.307692,2.133333
sub-4f52e463,0.245614,0.035088,0.192982,0.263158,0.263158,1.400000,1.000000,1.222222,1.250000,1.500000
sub-4fc3e74e,0.086207,0.181034,0.275862,0.241379,0.215517,1.111111,1.909091,1.882353,1.647059,1.923077
sub-4fc5145f,0.360000,0.320000,0.160000,0.060000,0.100000,1.285714,1.454545,1.142857,1.000000,1.000000
sub-4fc822e3,0.283333,0.241667,0.225000,0.241667,0.008333,1.789474,1.812500,1.800000,1.812500,1.000000
sub-501a5ca8,0.282051,0.273504,0.170940,0.162393,0.111111,1.941176,2.133333,1.818182,1.461538,1.300000
sub-503252d4,0.243697,0.243697,0.142857,0.201681,0.168067,1.611111,1.812500,1.214286,1.500000,1.666667
sub-50537bb4,0.162393,0.367521,0.264957,0.094017,0.111111,1.727273,2.263158,1.631579,1.571429,1.300000
sub-50dcaf86,0.247423,0.278351,0.113402,0.103093,0.257732,1.846154,1.687500,1.100000,1.111111,1.785714
sub-512e75ea,0.226087,0.260870,0.147826,0.139130,0.226087,1.625000,2.142857,1.700000,1.333333,2.166667
sub-5176c157,0.116279,0.023256,0.372093,0.302326,0.186047,1.000000,1.000000,1.142857,1.181818,1.142857
sub-51e8ab97,0.087719,0.114035,0.245614,0.342105,0.210526,1.250000,1.181818,1.750000,1.950000,1.714286
sub-5205b2fb,0.229885,0.229885,0.206897,0.218391,0.114943,1.666667,1.666667,1.285714,1.357143,1.250000
sub-525c3545,0.130435,0.195652,0.293478,0.119565,0.260870,1.200000,1.384615,1.687500,1.222222,1.714286
sub-529a0294,0.211864,0.271186,0.127119,0.118644,0.271186,1.666667,1.777778,1.363636,1.400000,1.882353
sub-52a829d7,0.242718,0.252427,0.174757,0.184466,0.145631,1.923077,1.625000,1.384615,1.727273,1.363636
sub-52aa46c0,0.247619,0.228571,0.219048,0.104762,0.200000,1.625000,1.714286,1.352941,1.571429,1.500000
sub-52bbae05,0.298246,0.219298,0.140351,0.175439,0.166667,2.266667,1.562500,1.230769,1.538462,1.727273
sub-52cd90b2,0.285714,0.306122,0.204082,0.204082,0.000000,1.076923,1.500000,1.111111,1.111111,NaN
sub-53072377,0.313559,0.322034,0.152542,0.186441,0.025424,2.176471,2.000000,1.384615,1.466667,1.000000
sub-5346a1ba,0.230769,0.285714,0.208791,0.153846,0.120879,1.615385,1.733333,1.266667,1.400000,1.375000
sub-534f8709,0.367347,0.336735,0.122449,0.091837,0.081633,2.117647,1.941176,1.200000,1.285714,1.142857
sub-542ae25a,0.186275,0.156863,0.215686,0.186275,0.254902,1.583333,1.333333,1.466667,1.357143,1.625000
sub-5447d53e,0.118280,0.225806,0.225806,0.225806,0.204301,1.222222,1.615385,1.400000,1.400000,1.357143
sub-554535d0,0.154472,0.130081,0.276423,0.154472,0.284553,1.357143,1.230769,2.000000,1.727273,2.058824
sub-5568cf0b,0.172131,0.196721,0.237705,0.221311,0.172131,1.615385,1.714286,1.812500,1.500000,1.500000
sub-5575829d,0.304348,0.231884,0.086957,0.144928,0.231884,1.400000,1.454545,1.200000,1.250000,1.333333
sub-559c0e69,0.319588,0.268041,0.175258,0.216495,0.020619,1.823529,1.625000,1.545455,1.615385,1.000000
sub-563b43ed,0.159664,0.168067,0.285714,0.184874,0.201681,1.357143,1.333333,2.000000,1.692308,1.600000
sub-565f562c,0.262295,0.368852,0.172131,0.155738,0.040984,2.285714,2.647059,1.909091,1.583333,1.250000
sub-56c7496a,0.292308,0.384615,0.123077,0.076923,0.123077,1.727273,1.785714,1.142857,1.000000,1.000000
sub-56e0ac2b,0.203252,0.203252,0.219512,0.130081,0.243902,1.666667,1.562500,2.076923,1.600000,1.578947
sub-56fb32cf,0.456790,0.382716,0.074074,0.037037,0.049383,2.176471,1.823529,1.000000,1.000000,1.333333
sub-57636d13,0.189873,0.126582,0.101266,0.265823,0.316456,1.250000,1.111111,1.142857,1.615385,1.785714
sub-576cf5b1,0.364486,0.355140,0.102804,0.121495,0.056075,1.772727,1.727273,1.222222,1.300000,1.200000
sub-5785591b,0.333333,0.341463,0.073171,0.138211,0.113821,2.928571,2.333333,1.285714,1.307692,1.555556
sub-57c4e05a,0.160714,0.241071,0.214286,0.294643,0.089286,1.285714,1.500000,1.500000,1.736842,1.111111
sub-57c8968f,0.241667,0.333333,0.183333,0.066667,0.175000,1.812500,2.000000,1.466667,1.333333,1.312500
sub-583b83af,0.316239,0.299145,0.119658,0.128205,0.136752,1.761905,2.058824,1.166667,1.363636,1.454545
sub-585b8040,0.316667,0.241667,0.066667,0.133333,0.241667,1.809524,1.705882,1.000000,1.142857,1.705882
sub-588d313c,0.310345,0.379310,0.068966,0.103448,0.137931,1.200000,1.294118,1.000000,1.000000,1.000000
sub-58de2806,0.247863,0.213675,0.162393,0.119658,0.256410,1.450000,1.470588,1.266667,1.272727,1.764706
sub-596a32bf,0.095238,0.023810,0.357143,0.047619,0.476190,1.000000,1.000000,1.153846,1.000000,1.333333
sub-59d3b6ea,0.333333,0.333333,0.101010,0.121212,0.111111,1.833333,1.833333,1.428571,1.090909,1.222222
sub-5a17c30b,0.279661,0.288136,0.118644,0.050847,0.262712,1.736842,1.888889,1.166667,1.000000,2.066667
sub-5a1bf2c5,0.322034,0.305085,0.084746,0.237288,0.050847,1.266667,1.285714,1.000000,1.272727,1.500000
sub-5a2e3da1,0.232558,0.209302,0.220930,0.244186,0.093023,1.428571,1.384615,1.187500,1.615385,1.142857
sub-5a312fd5,0.229358,0.220183,0.220183,0.073394,0.256881,1.785714,2.000000,1.600000,1.142857,1.866667
sub-5ac87eeb,0.262295,0.213115,0.139344,0.172131,0.213115,1.882353,1.857143,1.545455,1.400000,1.529412
sub-5b32d62f,0.241071,0.267857,0.133929,0.125000,0.232143,1.588235,1.666667,1.500000,1.166667,1.625000
sub-5bf7016d,0.297521,0.322314,0.099174,0.082645,0.198347,2.000000,2.600000,1.333333,1.111111,1.600000
sub-5c5475c5,0.181034,0.215517,0.215517,0.155172,0.232759,1.615385,1.666667,1.785714,1.800000,1.928571
sub-5c99d342,0.256000,0.200000,0.232000,0.112000,0.200000,1.882353,1.470588,2.071429,1.555556,1.562500
sub-5ca5829f,0.113821,0.211382,0.260163,0.178862,0.235772,1.400000,1.625000,2.285714,1.571429,2.071429
sub-5cd51685,0.405063,0.354430,0.088608,0.037975,0.113924,1.600000,1.400000,1.000000,1.000000,1.125000
sub-5d1e130f,0.418803,0.418803,0.051282,0.042735,0.068376,2.450000,2.450000,1.200000,1.250000,1.333333
sub-5dd303b2,0.227642,0.195122,0.203252,0.300813,0.073171,2.000000,1.600000,1.562500,2.176471,1.125000
sub-5e1d9c42,0.208000,0.176000,0.144000,0.216000,0.256000,1.733333,1.571429,1.636364,1.800000,1.882353
sub-5e1f7ed3,0.320000,0.296000,0.136000,0.056000,0.192000,2.105263,1.850000,1.416667,1.750000,1.600000
sub-5e3c3afb,0.256000,0.272000,0.216000,0.168000,0.088000,2.000000,2.125000,1.350000,1.235294,1.375000
sub-5e51d572,0.200000,0.236364,0.218182,0.236364,0.109091,1.222222,1.083333,1.090909,1.083333,1.200000
sub-5e9dcb61,0.105691,0.130081,0.162602,0.325203,0.276423,1.625000,1.454545,1.666667,2.352941,2.125000
sub-5ef7c611,0.420455,0.329545,0.068182,0.125000,0.056818,2.642857,1.933333,1.500000,1.100000,1.000000
sub-5f032887,0.294118,0.196078,0.176471,0.078431,0.254902,1.363636,1.000000,1.125000,1.000000,1.181818
sub-5f0402f7,0.237705,0.221311,0.172131,0.122951,0.245902,1.933333,1.500000,1.750000,1.875000,1.666667
sub-5f1d259b,0.142857,0.210084,0.142857,0.252101,0.252101,1.416667,1.470588,1.416667,1.764706,1.764706
sub-60c87b50,0.172414,0.103448,0.241379,0.172414,0.310345,1.000000,1.000000,1.076923,1.111111,1.285714
sub-60e4dbc3,0.256000,0.336000,0.088000,0.104000,0.216000,2.285714,2.333333,1.375000,1.300000,1.800000
sub-6104407d,0.352000,0.296000,0.144000,0.176000,0.032000,2.588235,2.176471,1.200000,2.000000,1.333333
sub-6112bc46,0.161765,0.191176,0.279412,0.102941,0.264706,1.375000,1.300000,1.266667,1.166667,1.500000
sub-614b9e3e,0.242105,0.189474,0.284211,0.231579,0.052632,1.642857,1.200000,1.800000,1.571429,1.250000
sub-6155c1e5,0.258929,0.250000,0.125000,0.142857,0.223214,1.812500,1.647059,1.272727,1.600000,1.923077
sub-615d62df,0.216216,0.243243,0.189189,0.175676,0.175676,1.230769,1.384615,1.555556,1.300000,1.083333
sub-61d78bb2,0.320000,0.296000,0.088000,0.072000,0.224000,2.222222,2.176471,1.222222,1.125000,1.866667
sub-61eac6f3,0.250000,0.183333,0.250000,0.250000,0.066667,1.875000,1.375000,1.666667,1.500000,1.000000
sub-629c251b,0.142857,0.116071,0.303571,0.223214,0.214286,1.230769,1.300000,2.615385,1.923077,2.000000
sub-6308aaa8,0.231884,0.260870,0.101449,0.144928,0.260870,1.454545,1.636364,1.166667,1.250000,1.500000
sub-633e6b98,0.156863,0.176471,0.352941,0.117647,0.196078,1.000000,1.125000,1.285714,1.000000,1.250000
sub-63a7b87c,0.394958,0.394958,0.084034,0.067227,0.058824,2.611111,2.611111,1.666667,1.000000,1.166667
sub-64a3a945,0.237705,0.221311,0.245902,0.090164,0.204918,1.812500,1.928571,1.764706,1.375000,1.923077
sub-64fc196a,0.125000,0.097222,0.180556,0.291667,0.305556,1.000000,1.000000,1.083333,1.312500,1.692308
sub-65a6bc4c,0.275000,0.183333,0.141667,0.100000,0.300000,1.941176,1.466667,1.700000,1.500000,2.250000
sub-65ecc1be,0.264151,0.301887,0.122642,0.169811,0.141509,1.647059,1.777778,1.300000,1.800000,1.250000
sub-663ac8a2,0.226415,0.292453,0.179245,0.122642,0.179245,1.411765,2.066667,1.461538,1.625000,1.583333
sub-66512678,0.125000,0.250000,0.275000,0.200000,0.150000,1.250000,1.111111,1.000000,1.000000,1.000000
sub-66675fc2,0.304348,0.206522,0.184783,0.076087,0.228261,2.000000,1.727273,1.307692,1.400000,1.500000
sub-6677628c,0.152381,0.190476,0.161905,0.123810,0.371429,1.454545,1.538462,1.545455,1.181818,1.950000
sub-66c1d953,0.292035,0.371681,0.123894,0.115044,0.097345,1.833333,2.100000,1.555556,1.625000,1.375000
sub-66deda53,0.426829,0.390244,0.121951,0.012195,0.048780,2.333333,1.777778,1.250000,1.000000,1.000000
sub-67ae9678,0.330189,0.330189,0.141509,0.037736,0.160377,2.058824,2.500000,1.500000,1.000000,1.700000
sub-6823669d,0.162791,0.116279,0.186047,0.372093,0.162791,1.166667,1.000000,1.000000,1.142857,1.166667
sub-682e92c6,0.304348,0.333333,0.115942,0.188406,0.057971,1.500000,1.277778,1.142857,1.300000,1.000000
sub-683beff3,0.296296,0.240741,0.240741,0.074074,0.148148,1.230769,1.083333,1.000000,1.000000,1.142857
sub-685b7d1e,0.219178,0.164384,0.109589,0.273973,0.232877,1.333333,1.090909,1.000000,1.333333,1.416667
sub-68dd5689,0.393617,0.414894,0.053191,0.074468,0.063830,1.850000,2.052632,1.000000,1.000000,1.000000
sub-6915f78a,0.202899,0.231884,0.246377,0.188406,0.130435,1.166667,1.333333,1.545455,1.181818,1.125000
sub-691a4577,0.201835,0.146789,0.311927,0.321101,0.018349,1.294118,1.333333,1.789474,2.058824,1.000000
sub-692b19b9,0.347826,0.333333,0.144928,0.101449,0.072464,1.500000,1.642857,1.000000,1.000000,1.000000
sub-6944d2a3,0.329412,0.094118,0.129412,0.223529,0.223529,1.647059,1.000000,1.222222,1.727273,1.461538
sub-69480fce,0.265957,0.351064,0.085106,0.095745,0.202128,1.666667,1.833333,1.333333,1.000000,1.266667
sub-6af6e0f1,0.373913,0.295652,0.147826,0.182609,0.000000,2.529412,2.125000,1.700000,1.312500,NaN
sub-6b6b9836,0.120690,0.086207,0.284483,0.189655,0.318966,1.272727,1.111111,2.357143,1.692308,1.947368
sub-6b6e11f5,0.147727,0.136364,0.329545,0.295455,0.090909,1.300000,1.090909,1.705882,1.444444,1.142857
sub-6b998730,0.146552,0.103448,0.250000,0.172414,0.327586,1.416667,1.500000,1.812500,1.538462,1.809524
sub-6bc464da,0.135593,0.110169,0.288136,0.347458,0.118644,1.066667,1.300000,2.000000,2.050000,1.272727
sub-6bd517ea,0.128713,0.178218,0.297030,0.168317,0.227723,1.300000,1.500000,1.875000,1.416667,1.769231
sub-6bd58939,0.298246,0.263158,0.114035,0.184211,0.140351,2.125000,2.000000,1.300000,1.615385,1.454545
sub-6bdfd645,0.100000,0.191667,0.241667,0.175000,0.291667,1.333333,1.437500,1.705882,1.500000,1.944444
sub-6c6a1f71,0.245902,0.245902,0.163934,0.081967,0.262295,1.071429,1.250000,1.111111,1.000000,1.230769
sub-6c813377,0.275510,0.255102,0.173469,0.173469,0.122449,1.928571,1.470588,1.545455,1.307692,1.090909
sub-6c86dde0,0.423077,0.384615,0.057692,0.057692,0.076923,2.315789,2.500000,1.000000,1.000000,1.333333
sub-6ce2c563,0.354839,0.395161,0.080645,0.120968,0.048387,2.750000,2.333333,1.111111,1.363636,1.200000
sub-6ce2fd06,0.207921,0.178218,0.217822,0.099010,0.297030,1.400000,2.000000,1.833333,1.111111,2.000000
sub-6cee4e1a,0.382022,0.438202,0.056180,0.056180,0.067416,1.545455,1.772727,1.000000,1.000000,1.000000
sub-6cffa7ab,0.201681,0.168067,0.168067,0.159664,0.302521,1.714286,1.428571,1.428571,1.727273,2.000000
sub-6d1c00b7,0.142857,0.134454,0.310924,0.285714,0.126050,1.416667,1.600000,2.642857,1.888889,1.500000
sub-6d36bb8b,0.358491,0.377358,0.150943,0.037736,0.075472,2.111111,2.000000,1.333333,1.000000,1.000000
sub-6d602a07,0.239669,0.173554,0.198347,0.181818,0.206612,1.611111,1.400000,1.600000,1.375000,1.785714
sub-6d6b950c,0.305085,0.245763,0.144068,0.228814,0.076271,1.894737,1.705882,1.416667,1.687500,1.500000
sub-6d76b349,0.129630,0.111111,0.333333,0.277778,0.148148,1.000000,1.000000,1.384615,1.153846,1.333333
sub-6db06aa3,0.245763,0.279661,0.254237,0.177966,0.042373,1.705882,1.434783,1.666667,1.400000,1.000000
sub-6ddb196d,0.298246,0.298246,0.096491,0.149123,0.157895,1.700000,2.125000,1.375000,1.700000,1.500000
sub-6de5446e,0.145455,0.127273,0.272727,0.272727,0.181818,1.230769,1.400000,2.142857,1.875000,1.538462
sub-6e5fa079,0.265060,0.240964,0.216867,0.120482,0.156627,1.692308,1.428571,1.384615,1.428571,1.444444
sub-6e7b5c24,0.233333,0.222222,0.144444,0.144444,0.255556,1.615385,1.333333,1.444444,1.181818,1.533333
sub-6fb0f8d7,0.147826,0.104348,0.321739,0.200000,0.226087,1.700000,1.200000,2.466667,2.090909,2.000000
sub-6fb39ec0,0.382114,0.341463,0.073171,0.121951,0.081301,2.611111,3.000000,1.285714,1.363636,1.111111
sub-70d49e3d,0.212121,0.202020,0.131313,0.262626,0.191919,1.500000,1.333333,1.181818,1.444444,1.727273
sub-716525e1,0.090000,0.160000,0.140000,0.220000,0.390000,1.285714,1.600000,1.272727,1.692308,1.950000
sub-71b4b2c4,0.247788,0.247788,0.238938,0.221239,0.044248,1.750000,1.866667,1.687500,1.785714,1.250000
sub-726c5c90,0.295082,0.213115,0.196721,0.139344,0.155738,2.400000,1.625000,1.600000,1.545455,1.461538
sub-72783f7b,0.175439,0.192982,0.166667,0.175439,0.289474,1.428571,1.833333,1.583333,1.538462,2.357143
sub-72a38adb,0.283582,0.268657,0.194030,0.179104,0.074627,1.461538,1.384615,1.181818,1.333333,1.000000
sub-730420ef,0.268519,0.296296,0.166667,0.074074,0.194444,1.611111,1.684211,1.125000,1.600000,1.400000
sub-7313c72c,0.112903,0.120968,0.241935,0.137097,0.387097,1.400000,1.250000,2.500000,1.888889,3.000000
sub-733cb8fe,0.183333,0.166667,0.191667,0.175000,0.283333,1.375000,1.818182,1.642857,1.750000,2.125000
sub-737f0fee,0.208333,0.229167,0.177083,0.187500,0.197917,1.666667,1.375000,1.214286,1.384615,1.727273
sub-73c6811b,0.171053,0.171053,0.210526,0.013158,0.434211,1.444444,1.444444,1.333333,1.000000,2.538462
sub-745f0879,0.145161,0.225806,0.193548,0.209677,0.225806,1.500000,1.076923,1.200000,1.083333,1.272727
sub-75251924,0.230769,0.307692,0.179487,0.205128,0.076923,1.500000,1.846154,1.400000,1.777778,1.200000
sub-752a59c6,0.280488,0.268293,0.073171,0.195122,0.182927,1.769231,1.294118,1.000000,1.142857,1.500000
sub-756d664c,0.140187,0.214953,0.168224,0.140187,0.336449,1.250000,1.642857,1.636364,1.666667,1.894737
sub-75b501f4,0.190000,0.220000,0.200000,0.140000,0.250000,1.461538,1.466667,1.333333,1.272727,1.666667
sub-75bb5553,0.376000,0.320000,0.048000,0.112000,0.144000,2.238095,2.222222,1.500000,1.400000,1.384615
sub-76e13175,0.318584,0.256637,0.238938,0.097345,0.088496,2.000000,1.812500,1.588235,1.571429,1.250000
sub-7747c61c,0.085106,0.159574,0.244681,0.255319,0.255319,1.000000,1.250000,1.533333,1.500000,1.714286
sub-7757fd50,0.100000,0.114286,0.271429,0.171429,0.342857,1.400000,1.142857,1.266667,1.200000,1.600000
sub-77c583ae,0.329670,0.329670,0.219780,0.043956,0.076923,1.764706,1.666667,1.333333,1.000000,1.000000
sub-77cb3435,0.262136,0.242718,0.242718,0.126214,0.126214,1.500000,1.666667,1.666667,1.181818,1.300000
sub-7814effe,0.320388,0.310680,0.194175,0.116505,0.058252,1.833333,1.523810,1.428571,1.200000,1.200000
sub-78ebedd2,0.105691,0.105691,0.211382,0.349593,0.227642,1.444444,1.181818,1.857143,3.071429,1.555556
sub-793cb691,0.172414,0.146552,0.241379,0.206897,0.232759,1.818182,1.307692,1.647059,1.600000,1.500000
sub-7954d561,0.192982,0.175439,0.245614,0.210526,0.175439,1.100000,1.000000,1.272727,1.200000,1.250000
sub-7a1418be,0.119266,0.284404,0.165138,0.174312,0.256881,1.300000,1.631579,1.384615,1.583333,1.750000
sub-7a9bd64f,0.297521,0.347107,0.115702,0.066116,0.173554,2.000000,2.210526,1.750000,1.000000,1.400000
sub-7adaf0db,0.160000,0.240000,0.160000,0.200000,0.240000,1.666667,2.000000,1.666667,1.923077,1.666667
sub-7aee16bc,0.298387,0.330645,0.145161,0.161290,0.064516,1.947368,1.782609,1.384615,1.666667,1.142857
sub-7b18b386,0.320000,0.280000,0.093333,0.106667,0.200000,1.714286,1.312500,1.000000,1.333333,1.500000
sub-7b21550b,0.316832,0.287129,0.128713,0.138614,0.128713,1.777778,1.705882,1.300000,1.400000,1.181818
sub-7bb3c4d7,0.201613,0.241935,0.185484,0.129032,0.241935,1.666667,2.000000,1.642857,1.230769,2.000000
sub-7c447b7f,0.198113,0.207547,0.235849,0.254717,0.103774,1.400000,1.466667,1.250000,1.500000,1.222222
sub-7c89df60,0.232558,0.290698,0.197674,0.162791,0.116279,1.538462,1.388889,1.307692,1.166667,1.428571
sub-7cc7ef7f,0.247059,0.282353,0.188235,0.141176,0.141176,1.400000,2.000000,1.333333,1.200000,1.333333
sub-7cd8552d,0.301205,0.265060,0.168675,0.144578,0.120482,1.666667,1.571429,1.400000,1.333333,1.250000
sub-7d1a4a50,0.209877,0.246914,0.209877,0.172840,0.160494,1.416667,1.538462,1.416667,1.272727,1.300000
sub-7d1efb79,0.217391,0.139130,0.260870,0.121739,0.260870,1.562500,1.454545,1.875000,1.272727,1.875000
sub-7d9b9cd6,0.215517,0.215517,0.275862,0.267241,0.025862,1.785714,1.785714,2.000000,1.937500,1.500000
sub-7e17b2e0,0.288288,0.243243,0.153153,0.243243,0.072072,2.133333,1.588235,1.133333,1.687500,1.142857
sub-7e6092e9,0.196429,0.267857,0.303571,0.196429,0.035714,1.000000,1.000000,1.307692,1.100000,1.000000
sub-7eea71d8,0.224000,0.320000,0.168000,0.144000,0.144000,1.750000,2.666667,1.235294,1.285714,1.500000
sub-7f1a99a8,0.202381,0.107143,0.297619,0.261905,0.130952,1.214286,1.000000,1.562500,1.466667,1.100000
sub-7f3a85eb,0.327869,0.327869,0.122951,0.131148,0.090164,2.500000,2.857143,1.250000,1.600000,1.100000
sub-7f94c42b,0.165049,0.165049,0.262136,0.106796,0.300971,1.214286,1.416667,1.500000,1.222222,1.823529
sub-7fee8697,0.191919,0.232323,0.202020,0.181818,0.191919,1.583333,1.769231,1.538462,1.636364,1.727273
sub-8012fd9b,0.128205,0.243590,0.230769,0.294872,0.102564,1.000000,1.266667,1.384615,1.437500,1.142857
sub-8044a762,0.177778,0.355556,0.177778,0.155556,0.133333,1.142857,1.142857,1.142857,1.000000,1.000000
sub-8085a954,0.432432,0.360360,0.081081,0.063063,0.063063,2.666667,2.500000,1.125000,1.750000,1.166667
sub-80894abd,0.250000,0.321429,0.116071,0.214286,0.098214,1.750000,1.894737,1.625000,1.714286,1.375000
sub-810edeef,0.351852,0.379630,0.111111,0.101852,0.055556,2.235294,2.050000,1.200000,1.375000,1.000000
sub-818c4a36,0.280702,0.333333,0.157895,0.087719,0.140351,1.777778,2.000000,1.636364,1.111111,1.333333
sub-81d23338,0.257732,0.247423,0.164948,0.144330,0.185567,1.562500,1.714286,1.230769,1.272727,1.500000
sub-82746982,0.211382,0.203252,0.211382,0.138211,0.235772,1.529412,1.562500,1.625000,1.700000,1.705882
sub-82825229,0.256000,0.240000,0.200000,0.272000,0.032000,1.882353,1.875000,1.923077,2.000000,1.000000
sub-829d3b5f,0.390805,0.367816,0.057471,0.114943,0.068966,1.700000,1.684211,1.250000,1.000000,1.000000
sub-83080cc6,0.348315,0.370787,0.101124,0.134831,0.044944,2.214286,2.062500,1.125000,1.200000,1.333333
sub-83285a20,0.098214,0.098214,0.178571,0.357143,0.267857,1.375000,1.571429,1.538462,2.222222,2.000000
sub-83586c4d,0.305556,0.277778,0.138889,0.166667,0.111111,1.833333,1.666667,1.363636,1.384615,1.500000
sub-83ae2faf,0.265625,0.234375,0.171875,0.203125,0.125000,1.545455,1.071429,1.375000,1.181818,1.142857
sub-83db705c,0.196581,0.222222,0.213675,0.102564,0.264957,1.642857,1.529412,1.785714,1.500000,1.823529
sub-83fee1a8,0.174757,0.223301,0.242718,0.271845,0.087379,1.285714,1.533333,1.666667,1.473684,1.285714
sub-8411712f,0.225000,0.275000,0.208333,0.208333,0.083333,1.928571,2.062500,1.785714,1.923077,1.000000
sub-8428de6b,0.109091,0.236364,0.109091,0.272727,0.272727,1.000000,1.181818,1.000000,1.153846,1.363636
sub-84691a8d,0.270588,0.294118,0.164706,0.247059,0.023529,1.642857,1.562500,1.166667,1.400000,1.000000
sub-850c9540,0.253165,0.189873,0.202532,0.253165,0.101266,1.333333,1.500000,1.230769,1.428571,1.000000
sub-852c0f5b,0.312500,0.239583,0.135417,0.072917,0.239583,1.578947,1.642857,1.857143,1.400000,1.533333
sub-85592030,0.202128,0.202128,0.180851,0.212766,0.202128,1.583333,1.900000,1.700000,1.428571,1.461538
sub-8566bafc,0.152000,0.200000,0.152000,0.184000,0.312000,1.461538,1.562500,1.461538,1.437500,2.437500
sub-85e64ddb,0.235294,0.218487,0.226891,0.210084,0.109244,2.333333,1.444444,1.800000,1.562500,1.625000
sub-861893b0,0.146552,0.181034,0.258621,0.250000,0.163793,1.416667,1.400000,1.764706,1.812500,1.727273
sub-8654789d,0.172414,0.129310,0.250000,0.275862,0.172414,1.428571,1.250000,2.230769,1.684211,1.333333
sub-86be733a,0.240000,0.200000,0.160000,0.208000,0.192000,2.142857,1.666667,1.538462,2.166667,2.000000
sub-87561528,0.193878,0.153061,0.142857,0.265306,0.244898,1.583333,1.153846,1.076923,1.529412,2.000000
sub-876fc880,0.242991,0.233645,0.177570,0.121495,0.224299,1.733333,2.083333,1.266667,1.300000,2.000000
sub-88925b80,0.276423,0.325203,0.113821,0.146341,0.138211,2.125000,2.222222,1.400000,1.800000,1.545455
sub-88bfc200,0.205882,0.264706,0.166667,0.107843,0.254902,1.615385,1.928571,1.416667,1.222222,1.857143
sub-88dc1dcf,0.190083,0.190083,0.231405,0.198347,0.190083,1.769231,1.533333,1.555556,1.600000,1.437500
sub-8904b7ad,0.266667,0.133333,0.190476,0.161905,0.247619,1.750000,1.750000,1.818182,1.214286,1.857143
sub-89977442,0.321429,0.339286,0.107143,0.125000,0.107143,1.384615,1.266667,1.200000,1.000000,1.200000
sub-89e0a235,0.180723,0.204819,0.265060,0.192771,0.156627,1.250000,1.416667,1.466667,1.600000,1.181818
sub-8a8e58c7,0.232143,0.232143,0.232143,0.196429,0.107143,1.625000,1.625000,1.857143,1.692308,1.200000
sub-8ab1fb97,0.287671,0.342466,0.136986,0.205479,0.027397,1.312500,1.388889,1.111111,1.153846,1.000000
sub-8ae25413,0.076923,0.170940,0.264957,0.358974,0.128205,1.500000,1.538462,1.937500,2.000000,1.666667
sub-8b339985,0.336000,0.296000,0.144000,0.096000,0.128000,2.100000,1.761905,1.384615,1.200000,1.600000
sub-8b5c184b,0.208333,0.258333,0.225000,0.200000,0.108333,1.785714,1.937500,1.421053,1.500000,1.181818
sub-8bed797c,0.216216,0.198198,0.261261,0.198198,0.126126,1.600000,1.466667,1.705882,1.571429,1.400000
sub-8c27b6a0,0.255319,0.265957,0.159574,0.042553,0.276596,1.500000,1.315789,1.153846,1.000000,1.733333
sub-8c4414a7,0.138889,0.166667,0.222222,0.194444,0.277778,1.111111,1.090909,1.142857,1.400000,1.428571
sub-8c4e9db4,0.391667,0.375000,0.075000,0.125000,0.033333,2.350000,2.500000,1.125000,1.500000,1.333333
sub-8c5de839,0.285714,0.326531,0.122449,0.244898,0.020408,1.750000,2.000000,1.333333,1.714286,1.000000
sub-8c9437ca,0.155556,0.177778,0.244444,0.244444,0.177778,1.000000,1.000000,1.100000,1.222222,1.000000
sub-8c9f12d7,0.137097,0.225806,0.137097,0.193548,0.306452,1.416667,1.866667,1.700000,1.714286,2.111111
sub-8cb711d8,0.304878,0.317073,0.134146,0.146341,0.097561,1.388889,1.733333,1.571429,1.090909,1.142857
sub-8cf9cabb,0.147541,0.254098,0.147541,0.172131,0.278689,1.384615,1.823529,1.500000,1.500000,2.125000
sub-8d089883,0.177419,0.145161,0.161290,0.201613,0.314516,1.375000,2.000000,1.538462,1.923077,2.294118
sub-8dd8aae9,0.264000,0.216000,0.224000,0.256000,0.040000,2.200000,1.687500,1.555556,1.777778,1.250000
sub-8e2bf258,0.401709,0.299145,0.025641,0.111111,0.162393,2.611111,2.500000,1.000000,1.300000,1.357143
sub-8ea25180,0.244898,0.285714,0.173469,0.153061,0.142857,1.600000,1.750000,1.545455,1.875000,1.555556
sub-8ed3da91,0.203252,0.186992,0.211382,0.138211,0.260163,1.785714,1.642857,1.733333,1.700000,2.000000
sub-8ed731e8,0.189474,0.189474,0.178947,0.263158,0.178947,1.285714,1.500000,1.416667,1.562500,1.545455
sub-8ef356b5,0.385321,0.321101,0.091743,0.119266,0.082569,2.100000,2.058824,1.250000,1.300000,1.125000
sub-8f4474ef,0.193277,0.159664,0.176471,0.285714,0.184874,1.437500,1.357143,1.750000,2.000000,1.692308
sub-8f7715d7,0.222222,0.233333,0.211111,0.166667,0.166667,1.428571,1.500000,1.583333,1.500000,1.153846
sub-8f875876,0.135135,0.121622,0.270270,0.337838,0.135135,1.428571,1.500000,1.666667,1.923077,1.428571
sub-8fc60c3e,0.153846,0.128205,0.307692,0.205128,0.205128,1.333333,1.250000,1.846154,1.454545,1.333333
sub-8fec9609,0.260163,0.186992,0.178862,0.154472,0.219512,1.777778,1.769231,1.833333,1.727273,1.687500
sub-901564ff,0.225000,0.225000,0.208333,0.141667,0.200000,1.350000,1.588235,1.666667,1.214286,1.411765
sub-90647b29,0.177966,0.211864,0.144068,0.203390,0.262712,1.615385,1.666667,1.307692,1.714286,2.214286
sub-90716faf,0.277108,0.277108,0.192771,0.144578,0.108434,1.642857,1.769231,1.230769,1.200000,1.125000
sub-9092ef73,0.290909,0.309091,0.145455,0.145455,0.109091,1.142857,1.214286,1.000000,1.142857,1.200000
sub-9096f672,0.196721,0.229508,0.245902,0.172131,0.155738,1.600000,1.647059,1.764706,1.500000,1.461538
sub-90eaa6c9,0.297872,0.361702,0.127660,0.127660,0.085106,1.166667,1.307692,1.000000,1.000000,1.000000
sub-90fb217e,0.222222,0.247863,0.136752,0.153846,0.239316,1.444444,1.812500,1.454545,1.384615,1.750000
sub-917ef236,0.101852,0.194444,0.277778,0.175926,0.250000,1.375000,1.500000,1.666667,1.727273,1.928571
sub-91afcb45,0.180723,0.204819,0.144578,0.180723,0.289157,1.250000,1.416667,1.333333,1.363636,1.500000
sub-91b76f88,0.222222,0.194444,0.152778,0.180556,0.250000,1.454545,1.272727,1.000000,1.181818,1.285714
sub-91f6cb54,0.309735,0.318584,0.097345,0.053097,0.221239,1.944444,2.250000,1.222222,1.200000,1.562500
sub-923f6d69,0.281553,0.281553,0.165049,0.077670,0.194175,1.933333,1.812500,1.545455,1.333333,1.428571
sub-92645ffb,0.215686,0.254902,0.147059,0.186275,0.196078,1.375000,1.857143,1.363636,1.461538,1.666667
sub-9314f13e,0.358025,0.320988,0.135802,0.098765,0.086420,1.611111,1.857143,1.100000,1.142857,1.166667
sub-93b15938,0.189189,0.175676,0.189189,0.189189,0.256757,1.166667,1.181818,1.272727,1.400000,1.266667
sub-93f05d08,0.309735,0.309735,0.194690,0.097345,0.088496,2.187500,2.333333,1.692308,1.375000,1.250000
sub-94035ab0,0.317308,0.365385,0.067308,0.144231,0.105769,2.357143,1.900000,1.000000,1.250000,1.100000
sub-941fc5cd,0.238532,0.220183,0.256881,0.119266,0.165138,1.857143,1.714286,1.866667,1.181818,1.285714
sub-945bf396,0.070707,0.070707,0.434343,0.383838,0.040404,1.166667,1.000000,2.866667,2.923077,1.000000
sub-94785f0d,0.348624,0.339450,0.091743,0.082569,0.137615,2.111111,1.947368,1.666667,1.000000,1.250000
sub-9484da79,0.272727,0.329545,0.102273,0.170455,0.125000,2.000000,2.230769,1.285714,1.666667,1.375000
sub-9504cb5a,0.349593,0.333333,0.065041,0.154472,0.097561,2.047619,1.952381,1.142857,1.266667,1.714286
sub-950d9af4,0.172727,0.145455,0.272727,0.109091,0.300000,1.900000,1.230769,1.875000,1.500000,2.200000
sub-95206ec5,0.103774,0.113208,0.254717,0.216981,0.311321,1.100000,1.200000,1.928571,1.437500,1.650000
sub-9579fc69,0.136986,0.232877,0.232877,0.328767,0.068493,1.111111,1.307692,1.545455,1.500000,1.250000
sub-96188e61,0.235849,0.179245,0.169811,0.188679,0.226415,1.785714,1.461538,1.636364,1.666667,1.846154
sub-965e0b39,0.396694,0.338843,0.082645,0.074380,0.107438,2.400000,2.277778,1.111111,1.125000,1.300000
sub-9677d29e,0.263158,0.273684,0.136842,0.084211,0.242105,1.785714,1.733333,1.181818,1.333333,1.437500
sub-96af5d3c,0.260163,0.268293,0.235772,0.211382,0.024390,2.000000,2.200000,1.812500,1.733333,1.000000
sub-97594e87,0.237705,0.172131,0.172131,0.221311,0.196721,1.611111,1.615385,1.909091,1.800000,1.600000
sub-976c58d9,0.322314,0.371901,0.173554,0.107438,0.024793,2.294118,2.500000,1.750000,1.300000,1.000000
sub-97910eaf,0.352000,0.328000,0.096000,0.136000,0.088000,2.444444,1.952381,1.333333,1.307692,1.375000
sub-97cf1a68,0.163934,0.155738,0.204918,0.155738,0.319672,1.666667,1.461538,1.923077,1.357143,2.166667
sub-985ef253,0.308333,0.225000,0.075000,0.233333,0.158333,2.055556,2.076923,1.285714,2.153846,1.900000
sub-98d3f087,0.258065,0.241935,0.080645,0.145161,0.274194,2.000000,2.142857,1.250000,1.500000,1.789474
sub-99b5018c,0.311475,0.368852,0.122951,0.098361,0.098361,2.111111,3.000000,1.666667,1.714286,1.200000
sub-99eeeb14,0.233010,0.300971,0.203883,0.184466,0.077670,1.500000,1.937500,1.615385,1.187500,1.000000
sub-9a791d03,0.250000,0.314815,0.055556,0.212963,0.166667,1.687500,1.888889,1.200000,1.769231,1.285714
sub-9a7bb6e8,0.169492,0.279661,0.169492,0.237288,0.144068,1.176471,1.833333,1.666667,1.866667,1.700000
sub-9aa5814f,0.206897,0.267241,0.172414,0.103448,0.250000,1.846154,1.550000,1.538462,1.500000,1.611111
sub-9acb1fd7,0.327434,0.353982,0.123894,0.123894,0.070796,2.055556,1.904762,1.166667,1.076923,1.333333
sub-9b2c8458,0.229508,0.245902,0.147541,0.245902,0.131148,1.866667,1.764706,1.200000,1.666667,1.600000
sub-9b353500,0.178947,0.157895,0.200000,0.157895,0.305263,1.307692,1.363636,1.357143,1.363636,1.812500
sub-9b74c8eb,0.179487,0.196581,0.307692,0.170940,0.145299,1.400000,1.352941,1.894737,1.538462,1.888889
sub-9b76802e,0.200000,0.240000,0.200000,0.160000,0.200000,1.250000,1.090909,1.250000,1.142857,1.000000
sub-9b8257bc,0.304000,0.344000,0.168000,0.168000,0.016000,2.000000,1.954545,1.909091,1.400000,2.000000
sub-9bcea9fc,0.298387,0.298387,0.153226,0.169355,0.080645,2.055556,2.176471,1.357143,1.312500,1.111111
sub-9c80ad67,0.254545,0.209091,0.236364,0.290909,0.009091,1.750000,1.642857,1.529412,1.882353,1.000000
sub-9d44a037,0.185841,0.292035,0.141593,0.150442,0.230088,1.615385,2.200000,1.600000,1.700000,1.733333
sub-9d4ff737,0.224000,0.224000,0.112000,0.168000,0.272000,1.750000,2.000000,1.750000,1.400000,2.125000
sub-9d61a3eb,0.340909,0.340909,0.113636,0.045455,0.159091,1.764706,2.000000,1.250000,1.333333,1.166667
sub-9d8846de,0.436620,0.436620,0.056338,0.028169,0.042254,2.066667,1.823529,1.000000,1.000000,1.500000
sub-9d8fced5,0.270270,0.171171,0.243243,0.261261,0.054054,2.000000,1.461538,1.588235,1.705882,1.200000
sub-9db0a7f0,0.296000,0.248000,0.128000,0.216000,0.112000,2.176471,1.722222,1.600000,1.687500,1.272727
sub-9dbf5788,0.228070,0.289474,0.157895,0.087719,0.236842,1.733333,1.736842,1.500000,1.428571,1.928571
sub-9e0ea943,0.172840,0.209877,0.197531,0.111111,0.308642,1.555556,1.700000,1.230769,1.125000,1.923077
sub-9e24a8ff,0.100840,0.151261,0.403361,0.336134,0.008403,1.333333,1.200000,2.526316,2.500000,1.000000
sub-9e2b9c23,0.178862,0.203252,0.186992,0.081301,0.349593,1.466667,1.785714,1.352941,1.666667,2.529412
sub-9e34055d,0.138211,0.211382,0.178862,0.268293,0.203252,1.133333,1.529412,1.692308,1.833333,2.083333
sub-9e6499e6,0.370000,0.400000,0.100000,0.030000,0.100000,2.055556,2.352941,1.428571,1.000000,1.666667
sub-9e88a570,0.370968,0.306452,0.096774,0.209677,0.016129,1.533333,1.187500,1.000000,1.444444,1.000000
sub-9ea1ceca,0.323529,0.264706,0.147059,0.107843,0.156863,2.200000,1.800000,1.666667,1.222222,1.230769
sub-9fb17436,0.402299,0.321839,0.091954,0.091954,0.091954,2.187500,1.647059,1.000000,1.000000,1.142857
sub-a069f6ed,0.137615,0.110092,0.293578,0.146789,0.311927,1.500000,1.333333,2.133333,1.333333,1.789474
sub-a1093cbb,0.290323,0.298387,0.161290,0.072581,0.177419,1.894737,1.681818,1.333333,1.000000,1.571429
sub-a10bcedd,0.336957,0.250000,0.195652,0.141304,0.076087,1.631579,1.642857,1.500000,1.083333,1.166667
sub-a10cac19,0.220183,0.220183,0.238532,0.220183,0.100917,1.846154,1.714286,1.733333,1.600000,1.375000
sub-a129f7e8,0.100000,0.133333,0.341667,0.108333,0.316667,1.500000,1.454545,2.157895,1.181818,2.235294
sub-a12abf72,0.380952,0.428571,0.071429,0.083333,0.035714,1.600000,1.800000,1.000000,1.166667,1.000000
sub-a1b620d8,0.350515,0.206186,0.092784,0.185567,0.164948,1.888889,1.333333,1.500000,2.000000,1.230769
sub-a1b767d5,0.283333,0.258333,0.158333,0.158333,0.141667,1.888889,1.550000,1.357143,1.357143,1.545455
sub-a1b9680d,0.300000,0.340000,0.120000,0.140000,0.100000,2.000000,2.000000,1.200000,1.555556,1.250000
sub-a2097526,0.137500,0.087500,0.350000,0.300000,0.125000,1.375000,1.166667,1.473684,1.411765,1.428571
sub-a21927f3,0.200000,0.241667,0.258333,0.275000,0.025000,1.500000,1.812500,1.722222,1.941176,1.500000
sub-a2944031,0.105691,0.211382,0.333333,0.146341,0.203252,1.181818,1.733333,2.562500,1.500000,2.083333
sub-a358a3a4,0.317073,0.333333,0.105691,0.162602,0.081301,1.772727,2.050000,1.181818,1.428571,1.000000
sub-a37de315,0.266129,0.282258,0.201613,0.153226,0.096774,2.062500,1.944444,1.785714,1.583333,1.000000
sub-a3a2b217,0.272727,0.363636,0.200000,0.090909,0.072727,1.071429,1.333333,1.000000,1.000000,1.000000
sub-a40e8135,0.232877,0.219178,0.164384,0.287671,0.095890,1.214286,1.333333,1.090909,1.500000,1.000000
sub-a44221e6,0.099010,0.168317,0.316832,0.207921,0.207921,1.666667,1.214286,2.000000,1.400000,1.615385
sub-a499063f,0.350000,0.400000,0.066667,0.116667,0.066667,1.500000,1.846154,1.000000,1.400000,1.000000
sub-a4b79d0f,0.355556,0.333333,0.155556,0.066667,0.088889,1.230769,1.363636,1.000000,1.000000,1.000000
sub-a4dfe556,0.372881,0.372881,0.084746,0.110169,0.059322,2.095238,2.588235,1.666667,1.083333,1.000000
sub-a54f7b78,0.279661,0.279661,0.152542,0.220339,0.067797,1.941176,1.833333,1.800000,1.857143,1.000000
sub-a568e7d2,0.258621,0.215517,0.163793,0.163793,0.198276,1.875000,1.923077,1.583333,1.583333,1.642857
sub-a62cd127,0.230769,0.307692,0.098901,0.120879,0.241758,1.750000,1.866667,1.125000,1.222222,1.466667
sub-a68050b1,0.250000,0.339286,0.125000,0.116071,0.169643,1.473684,1.900000,1.076923,1.181818,1.727273
sub-a6845558,0.150943,0.179245,0.283019,0.358491,0.028302,1.600000,1.900000,2.000000,2.111111,1.000000
sub-a6fbbfc9,0.348485,0.424242,0.090909,0.075758,0.060606,1.533333,2.000000,1.200000,1.000000,1.333333
sub-a703404d,0.194915,0.228814,0.237288,0.110169,0.228814,1.769231,1.588235,1.866667,1.444444,2.454545
sub-a71c7da1,0.104000,0.104000,0.240000,0.232000,0.320000,1.300000,1.625000,2.142857,2.071429,2.222222
sub-a728fc66,0.264000,0.280000,0.152000,0.192000,0.112000,1.941176,2.187500,1.583333,1.714286,1.272727
sub-a76e64fe,0.356164,0.328767,0.123288,0.123288,0.068493,1.625000,1.600000,1.285714,1.285714,1.000000
sub-a776f0bc,0.174603,0.158730,0.269841,0.095238,0.301587,1.100000,1.111111,1.416667,1.000000,1.357143
sub-a7d28b7c,0.065574,0.163934,0.221311,0.204918,0.344262,1.142857,1.250000,1.588235,1.666667,2.210526
sub-a8082cd3,0.295238,0.247619,0.209524,0.161905,0.085714,1.937500,1.625000,1.833333,1.700000,1.285714
sub-a921246d,0.295082,0.270492,0.196721,0.172131,0.065574,1.800000,1.941176,1.714286,1.400000,1.333333
sub-a93794f2,0.268293,0.284553,0.227642,0.178862,0.040650,1.736842,2.187500,1.866667,1.692308,1.250000
sub-aa6ddfbb,0.200000,0.228571,0.200000,0.133333,0.238095,1.500000,1.846154,1.615385,1.166667,1.470588
sub-aa8a3cb1,0.290323,0.298387,0.193548,0.137097,0.080645,1.714286,1.681818,1.500000,1.133333,1.250000
sub-aab026ac,0.288660,0.298969,0.154639,0.123711,0.134021,2.000000,1.526316,1.250000,1.090909,1.181818
sub-ab6ee487,0.127273,0.309091,0.290909,0.254545,0.018182,1.000000,1.700000,1.142857,1.076923,1.000000
sub-ab99f3ae,0.291667,0.275000,0.208333,0.083333,0.141667,1.944444,1.650000,1.666667,1.111111,1.214286
sub-aba69b83,0.367347,0.387755,0.061224,0.061224,0.122449,1.384615,1.266667,1.500000,1.000000,1.000000
sub-ac05b320,0.323232,0.383838,0.111111,0.101010,0.080808,2.461538,2.235294,1.100000,1.428571,1.000000
sub-acf4a0a9,0.358974,0.358974,0.153846,0.038462,0.089744,1.473684,1.750000,1.500000,1.000000,1.166667
sub-ad9ff17c,0.371681,0.318584,0.123894,0.115044,0.070796,2.100000,2.117647,1.400000,1.083333,1.333333
sub-ae1c4ac0,0.150943,0.132075,0.245283,0.301887,0.169811,1.000000,1.166667,1.181818,1.142857,1.285714
sub-aec865ff,0.241667,0.250000,0.125000,0.158333,0.225000,1.705882,1.764706,1.363636,1.461538,1.687500
sub-aefe2b86,0.288000,0.344000,0.128000,0.000000,0.240000,2.400000,2.150000,1.333333,NaN,1.875000
sub-af240e16,0.235772,0.252033,0.219512,0.227642,0.065041,1.933333,1.722222,1.687500,1.866667,1.600000
sub-af434b5d,0.292453,0.301887,0.188679,0.160377,0.056604,1.631579,1.882353,1.538462,1.416667,1.000000
sub-af7fa8b2,0.132743,0.106195,0.238938,0.265487,0.256637,1.363636,1.200000,1.800000,2.142857,2.071429
sub-afb13951,0.172414,0.189655,0.275862,0.293103,0.068966,1.111111,1.100000,1.066667,1.062500,1.000000
sub-aff59dff,0.306452,0.314516,0.161290,0.169355,0.048387,2.235294,1.772727,1.818182,1.312500,1.000000
sub-b012e893,0.163934,0.139344,0.196721,0.163934,0.336066,1.428571,1.416667,1.500000,1.666667,2.050000
sub-b08c1f61,0.225000,0.241667,0.108333,0.175000,0.250000,2.076923,2.900000,1.625000,1.909091,2.142857
sub-b0eed788,0.340426,0.297872,0.106383,0.127660,0.127660,1.777778,1.866667,1.250000,1.200000,1.200000
sub-b117f65e,0.255319,0.244681,0.180851,0.170213,0.148936,1.846154,1.769231,1.307692,1.333333,1.555556
sub-b2ac5f9e,0.056452,0.048387,0.443548,0.419355,0.032258,1.000000,1.000000,2.750000,2.888889,1.000000
sub-b317bcc8,0.144000,0.176000,0.256000,0.256000,0.168000,1.800000,1.833333,2.133333,1.882353,1.400000
sub-b363e5d9,0.169811,0.141509,0.207547,0.207547,0.273585,1.285714,1.250000,1.466667,1.571429,2.071429
sub-b3854719,0.272000,0.280000,0.144000,0.168000,0.136000,2.125000,2.500000,1.384615,1.750000,1.214286
sub-b3ae415f,0.200000,0.184000,0.248000,0.096000,0.272000,2.083333,1.352941,1.722222,1.090909,1.888889
sub-b3bde5cc,0.354167,0.333333,0.145833,0.093750,0.072917,2.615385,2.000000,1.272727,1.285714,1.166667
sub-b3df074c,0.295652,0.269565,0.113043,0.147826,0.173913,1.888889,1.550000,1.300000,1.416667,1.333333
sub-b4669213,0.252101,0.201681,0.193277,0.100840,0.252101,1.666667,1.500000,1.533333,1.200000,2.000000
sub-b4671281,0.144231,0.115385,0.307692,0.230769,0.201923,1.500000,1.714286,2.000000,1.600000,1.312500
sub-b481fb9d,0.270492,0.295082,0.098361,0.139344,0.196721,1.941176,2.000000,1.500000,1.416667,1.846154
sub-b5c1cb94,0.200000,0.254545,0.218182,0.272727,0.054545,1.571429,1.750000,1.600000,1.875000,1.200000
sub-b7328dba,0.132075,0.160377,0.283019,0.320755,0.103774,2.000000,1.214286,1.875000,1.789474,1.100000
sub-b76b7e8d,0.463415,0.512195,0.000000,0.024390,0.000000,1.266667,1.615385,NaN,1.000000,NaN
sub-b76cf101,0.214953,0.242991,0.252336,0.242991,0.046729,1.533333,1.368421,1.687500,1.857143,1.250000
sub-b79be773,0.254098,0.229508,0.245902,0.057377,0.213115,1.823529,1.866667,2.000000,1.166667,1.733333
sub-b7ddd33f,0.200000,0.255556,0.222222,0.122222,0.200000,1.200000,1.533333,1.428571,1.222222,1.285714
sub-b82b95dd,0.247706,0.284404,0.229358,0.146789,0.091743,1.500000,2.214286,1.250000,1.333333,1.111111
sub-b84803bf,0.157025,0.181818,0.272727,0.157025,0.231405,1.357143,1.466667,2.062500,1.461538,1.400000
sub-b85c090a,0.333333,0.315315,0.144144,0.063063,0.144144,1.947368,2.058824,1.230769,1.166667,1.600000
sub-b8a61685,0.184211,0.171053,0.184211,0.223684,0.236842,1.400000,1.300000,1.400000,1.416667,1.384615
sub-b8e0a9a5,0.321429,0.261905,0.178571,0.071429,0.166667,1.500000,1.466667,1.363636,1.200000,1.272727
sub-b950b436,0.305085,0.313559,0.161017,0.093220,0.127119,2.117647,2.055556,1.583333,1.375000,1.500000
sub-b9667750,0.283333,0.383333,0.100000,0.133333,0.100000,2.000000,2.705882,1.090909,1.230769,1.500000
sub-b987e5c4,0.461538,0.448718,0.038462,0.000000,0.051282,2.117647,2.187500,1.000000,NaN,1.000000
sub-b9f8cd4b,0.258333,0.291667,0.166667,0.158333,0.125000,2.384615,2.187500,1.250000,1.266667,1.363636
sub-ba3277f2,0.270492,0.262295,0.057377,0.155738,0.254098,1.736842,1.777778,1.166667,2.111111,2.066667
sub-ba56b6ca,0.142857,0.089286,0.276786,0.187500,0.303571,1.142857,1.428571,1.937500,1.750000,2.125000
sub-ba827232,0.276316,0.210526,0.131579,0.105263,0.276316,1.400000,1.333333,1.111111,2.000000,1.500000
sub-ba8b2709,0.336207,0.379310,0.112069,0.112069,0.060345,2.600000,2.588235,1.300000,1.625000,1.166667
sub-bacb2baa,0.230769,0.230769,0.131868,0.120879,0.285714,1.400000,1.235294,1.200000,1.375000,2.000000
sub-badec2c8,0.294118,0.319328,0.159664,0.109244,0.117647,1.842105,1.809524,1.461538,1.181818,1.555556
sub-bae3ff6c,0.373134,0.373134,0.044776,0.134328,0.074627,1.315789,1.666667,1.000000,1.125000,1.000000
sub-baf53535,0.155172,0.129310,0.215517,0.206897,0.293103,1.500000,1.500000,1.562500,1.714286,2.125000
sub-baf8d2e7,0.316667,0.383333,0.125000,0.175000,0.000000,2.000000,2.190476,1.250000,1.400000,NaN
sub-bb0c5b34,0.222222,0.273504,0.170940,0.136752,0.196581,1.625000,1.600000,1.538462,1.333333,1.352941
sub-bbad4adc,0.290909,0.281818,0.109091,0.009091,0.309091,1.684211,1.823529,1.090909,1.000000,1.789474
sub-bbd1c58b,0.306667,0.226667,0.186667,0.146667,0.133333,1.533333,1.416667,1.400000,1.100000,1.250000
sub-bc95a335,0.234375,0.250000,0.187500,0.156250,0.171875,1.250000,1.333333,1.090909,1.000000,1.000000
sub-bcbc742a,0.215517,0.224138,0.206897,0.241379,0.112069,1.666667,1.625000,1.846154,1.750000,1.300000
sub-bd1fa320,0.144231,0.134615,0.221154,0.278846,0.221154,1.250000,1.555556,1.533333,1.611111,1.916667
sub-bdd5be7e,0.219298,0.166667,0.192982,0.140351,0.280702,1.666667,1.357143,1.466667,1.230769,1.600000
sub-bdf448af,0.241935,0.209677,0.201613,0.209677,0.137097,1.875000,1.733333,2.083333,1.444444,1.545455
sub-be11549d,0.209091,0.190909,0.172727,0.218182,0.209091,1.642857,1.500000,1.266667,1.600000,1.437500
sub-be3e3f39,0.258333,0.266667,0.208333,0.208333,0.058333,2.066667,2.000000,2.083333,1.785714,1.000000
sub-bf2215fd,0.292453,0.198113,0.150943,0.122642,0.235849,2.214286,1.750000,1.454545,1.444444,1.666667
sub-bf23e532,0.267241,0.284483,0.206897,0.146552,0.094828,1.937500,2.062500,1.714286,1.416667,1.222222
sub-bf675255,0.136364,0.090909,0.290909,0.181818,0.300000,1.363636,1.250000,1.882353,1.818182,1.941176
sub-bf8006d0,0.137097,0.145161,0.298387,0.298387,0.120968,1.545455,1.200000,2.312500,1.850000,1.071429
sub-bfd08f6e,0.296000,0.264000,0.096000,0.096000,0.248000,1.947368,1.833333,1.200000,1.500000,1.937500
sub-bfeb12b9,0.225000,0.250000,0.275000,0.250000,0.000000,1.285714,1.000000,1.000000,1.111111,NaN
sub-c0b2c562,0.228261,0.173913,0.250000,0.228261,0.119565,1.166667,1.142857,1.533333,1.166667,1.571429
sub-c1df6983,0.152542,0.220339,0.228814,0.161017,0.237288,1.800000,2.166667,2.250000,1.583333,2.000000
sub-c20f83ee,0.279661,0.186441,0.254237,0.245763,0.033898,1.833333,1.692308,2.000000,1.933333,1.333333
sub-c210b68c,0.333333,0.371429,0.114286,0.095238,0.085714,2.187500,2.437500,1.090909,1.250000,1.125000
sub-c2521f04,0.258824,0.235294,0.211765,0.082353,0.211765,1.571429,1.428571,1.500000,1.166667,1.285714
sub-c25d1a8e,0.181818,0.212121,0.191919,0.282828,0.131313,1.125000,1.400000,1.461538,1.647059,1.181818
sub-c26e55bb,0.227723,0.168317,0.287129,0.287129,0.029703,1.437500,1.545455,1.812500,1.526316,1.000000
sub-c2c97c8f,0.139785,0.182796,0.215054,0.311828,0.150538,1.083333,1.307692,1.250000,1.812500,1.272727
sub-c2e5cbcb,0.367816,0.310345,0.114943,0.183908,0.022989,1.777778,1.500000,1.666667,1.230769,1.000000
sub-c2ff1ab8,0.201681,0.193277,0.252101,0.100840,0.252101,1.500000,1.642857,1.666667,1.333333,1.875000
sub-c34ed4ce,0.367347,0.306122,0.122449,0.142857,0.061224,1.200000,1.250000,1.200000,1.166667,1.000000
sub-c3c62849,0.204918,0.245902,0.172131,0.098361,0.278689,1.666667,1.875000,1.500000,1.200000,1.888889
sub-c3e64802,0.373984,0.373984,0.113821,0.081301,0.056911,2.190476,2.090909,1.555556,1.428571,1.166667
sub-c46b226c,0.229167,0.187500,0.208333,0.229167,0.145833,1.100000,1.000000,1.250000,1.222222,1.166667
sub-c4847e59,0.326923,0.336538,0.182692,0.134615,0.019231,1.888889,1.666667,1.266667,1.166667,1.000000
sub-c4852797,0.160000,0.176000,0.248000,0.120000,0.296000,1.428571,1.571429,1.722222,1.363636,2.176471
sub-c5361f39,0.339130,0.391304,0.130435,0.052174,0.086957,2.294118,2.250000,1.500000,1.000000,1.250000
sub-c5b15a9c,0.086957,0.130435,0.336957,0.358696,0.086957,1.000000,1.090909,1.823529,1.736842,1.142857
sub-c5be11b4,0.250000,0.215909,0.215909,0.102273,0.215909,1.833333,1.727273,1.187500,1.500000,1.583333
sub-c6067bf1,0.271186,0.254237,0.169492,0.161017,0.144068,2.000000,1.764706,1.428571,1.583333,1.700000
sub-c62bf411,0.283333,0.233333,0.166667,0.150000,0.166667,1.307692,1.272727,1.250000,1.125000,1.000000
sub-c70590fd,0.224138,0.103448,0.327586,0.043103,0.301724,1.733333,1.333333,2.000000,1.000000,2.058824
sub-c8209d6c,0.176991,0.150442,0.150442,0.159292,0.362832,1.818182,1.416667,1.307692,1.636364,2.277778
sub-c86d49c9,0.271186,0.322034,0.135593,0.067797,0.203390,1.230769,1.357143,1.142857,1.000000,1.090909
sub-c8afc8aa,0.301205,0.325301,0.120482,0.084337,0.168675,1.562500,1.928571,1.250000,1.166667,1.272727
sub-c8b05e81,0.200000,0.155556,0.288889,0.300000,0.055556,1.800000,1.400000,1.733333,1.588235,1.000000
sub-c8c5d7a3,0.358974,0.350427,0.111111,0.059829,0.119658,2.625000,2.050000,1.181818,1.166667,1.272727
sub-c8e4e16a,0.090000,0.140000,0.300000,0.320000,0.150000,1.500000,1.400000,1.875000,2.000000,1.363636
sub-c8f57d40,0.263158,0.219298,0.201754,0.175439,0.140351,1.666667,1.470588,1.533333,1.538462,1.454545
sub-c9c11d4f,0.151261,0.252101,0.277311,0.210084,0.109244,1.384615,1.875000,2.062500,1.923077,1.181818
sub-c9cf8bdb,0.142857,0.190476,0.142857,0.238095,0.285714,1.000000,1.000000,1.000000,1.000000,1.000000
sub-c9e2f056,0.312500,0.291667,0.197917,0.145833,0.052083,2.000000,1.750000,1.583333,1.076923,1.000000
sub-ca7beb92,0.214953,0.168224,0.271028,0.242991,0.102804,1.277778,1.500000,1.705882,1.625000,1.100000
sub-cab70ce6,0.178947,0.200000,0.231579,0.063158,0.326316,1.307692,1.583333,1.571429,1.000000,2.066667
sub-cb0dc161,0.196721,0.278689,0.114754,0.196721,0.213115,1.714286,2.125000,1.750000,1.600000,1.733333
sub-cb5b6306,0.221311,0.081967,0.147541,0.155738,0.393443,1.800000,1.250000,1.500000,1.583333,2.666667
sub-cb923e06,0.206612,0.256198,0.132231,0.157025,0.247934,1.785714,1.823529,1.600000,1.727273,1.666667
sub-cbbfd413,0.347107,0.272727,0.132231,0.066116,0.181818,1.909091,1.941176,1.600000,1.333333,1.571429
sub-ccbad9d3,0.319588,0.319588,0.103093,0.092784,0.164948,1.823529,1.722222,1.111111,1.000000,1.777778
sub-cdf017d8,0.225806,0.322581,0.118280,0.193548,0.139785,1.500000,1.666667,1.571429,1.500000,1.181818
sub-ce750484,0.252033,0.252033,0.178862,0.081301,0.235772,1.722222,1.937500,1.571429,1.250000,2.230769
sub-ce7557cd,0.245902,0.286885,0.196721,0.172131,0.098361,1.875000,1.944444,1.500000,1.909091,1.714286
sub-ce94d8e0,0.276423,0.317073,0.105691,0.146341,0.154472,2.266667,2.166667,1.444444,1.285714,1.461538
sub-ce9b62aa,0.077922,0.129870,0.246753,0.259740,0.285714,1.200000,1.111111,1.266667,1.428571,1.466667
sub-cf22611c,0.214286,0.380952,0.071429,0.119048,0.214286,1.125000,1.230769,1.000000,1.000000,1.125000
sub-cf96c936,0.176471,0.151261,0.134454,0.252101,0.285714,1.400000,1.500000,1.454545,2.000000,2.266667
sub-cfc821c0,0.252252,0.261261,0.090090,0.207207,0.189189,1.555556,1.812500,1.666667,1.642857,1.312500
sub-cfc90fc2,0.238938,0.238938,0.132743,0.159292,0.230088,1.421053,1.687500,1.500000,1.200000,1.444444
sub-cff4915b,0.191919,0.101010,0.242424,0.272727,0.191919,1.461538,1.250000,1.600000,1.500000,1.727273
sub-d0036534,0.260870,0.260870,0.246377,0.231884,0.000000,1.125000,1.500000,1.133333,1.230769,NaN
sub-d04b3811,0.272000,0.200000,0.224000,0.152000,0.152000,1.545455,1.666667,2.000000,1.583333,1.266667
sub-d0af181f,0.169014,0.183099,0.169014,0.295775,0.183099,1.200000,1.181818,1.200000,1.235294,1.083333
sub-d0ccda46,0.375000,0.358333,0.141667,0.075000,0.050000,2.647059,2.687500,1.545455,1.500000,1.200000
sub-d10de4ad,0.126582,0.164557,0.253165,0.139241,0.316456,1.000000,1.181818,1.250000,1.222222,1.666667
sub-d1342c50,0.066667,0.093333,0.333333,0.400000,0.106667,1.000000,1.166667,1.562500,1.764706,1.142857
sub-d145ffa8,0.260870,0.217391,0.200000,0.200000,0.121739,1.428571,1.562500,1.642857,1.769231,1.750000
sub-d19a4e50,0.287234,0.234043,0.074468,0.074468,0.329787,1.687500,1.571429,1.166667,1.750000,1.631579
sub-d1d5df0d,0.241935,0.241935,0.169355,0.145161,0.201613,1.875000,2.142857,1.400000,1.800000,1.666667
sub-d2205a7c,0.163636,0.163636,0.200000,0.263636,0.209091,1.285714,1.200000,1.692308,1.705882,1.769231
sub-d22f8855,0.244681,0.202128,0.202128,0.265957,0.085106,1.352941,1.727273,1.727273,1.785714,1.142857
sub-d240713e,0.388889,0.296296,0.129630,0.185185,0.000000,1.615385,1.333333,1.400000,1.428571,NaN
sub-d2718ecf,0.237288,0.203390,0.118644,0.194915,0.245763,1.866667,1.600000,1.272727,1.769231,1.933333
sub-d27ee639,0.298851,0.298851,0.160920,0.091954,0.149425,1.733333,2.000000,1.272727,1.333333,1.300000
sub-d28cae76,0.289157,0.253012,0.096386,0.192771,0.168675,1.714286,1.615385,1.333333,1.230769,1.166667
sub-d2ad3f86,0.276423,0.292683,0.146341,0.203252,0.081301,2.000000,2.000000,1.500000,1.785714,1.428571
sub-d2beb4ec,0.126214,0.116505,0.194175,0.203883,0.359223,1.300000,1.090909,1.666667,1.615385,2.176471
sub-d2c47f13,0.155738,0.204918,0.245902,0.172131,0.221311,1.461538,1.562500,2.142857,1.750000,1.800000
sub-d32938f9,0.415929,0.407080,0.053097,0.035398,0.088496,2.611111,2.300000,1.200000,1.000000,1.000000
sub-d35069ed,0.169355,0.145161,0.282258,0.362903,0.040323,1.615385,1.636364,2.692308,2.500000,1.000000
sub-d3547b05,0.259259,0.277778,0.203704,0.138889,0.120370,1.750000,1.666667,1.466667,1.500000,1.300000
sub-d3dbca3b,0.285714,0.378151,0.050420,0.092437,0.193277,1.789474,2.812500,1.000000,1.375000,1.642857
sub-d49d1590,0.302326,0.302326,0.139535,0.081395,0.174419,1.857143,2.000000,1.500000,1.166667,1.250000
sub-d4c76aa8,0.096154,0.076923,0.211538,0.307692,0.307692,1.250000,1.000000,1.100000,1.333333,1.333333
sub-d540a226,0.247059,0.223529,0.164706,0.129412,0.235294,1.312500,1.357143,1.272727,1.375000,1.428571
sub-d54a444e,0.166667,0.158333,0.191667,0.266667,0.216667,1.666667,1.583333,1.352941,1.684211,1.733333
sub-d6711207,0.184211,0.131579,0.219298,0.263158,0.201754,1.312500,1.250000,1.923077,1.500000,1.642857
sub-d6874ecf,0.318182,0.300000,0.063636,0.090909,0.227273,1.842105,1.736842,1.000000,1.111111,1.666667
sub-d788ab03,0.169492,0.194915,0.194915,0.211864,0.228814,1.333333,1.437500,1.642857,1.666667,1.687500
sub-d7e0b542,0.258333,0.175000,0.158333,0.191667,0.216667,1.937500,1.909091,1.583333,1.642857,1.733333
sub-d7ec9ae3,0.271186,0.186441,0.186441,0.211864,0.144068,2.000000,1.833333,1.571429,1.785714,1.545455
sub-d86c6aeb,0.147541,0.139344,0.237705,0.213115,0.262295,1.200000,1.416667,1.526316,1.625000,1.684211
sub-d8a64c8c,0.382979,0.372340,0.063830,0.063830,0.117021,1.800000,1.750000,1.500000,1.200000,1.375000
sub-d8ab4fef,0.130841,0.074766,0.308411,0.233645,0.252336,1.166667,1.142857,1.500000,1.666667,1.800000
sub-d8e8d03c,0.200000,0.233333,0.125000,0.141667,0.300000,1.500000,2.000000,1.153846,1.307692,2.400000
sub-d8fc0059,0.225225,0.198198,0.261261,0.027027,0.288288,1.562500,1.375000,1.812500,1.000000,1.882353
sub-d9505f7f,0.122951,0.163934,0.311475,0.221311,0.180328,1.666667,1.818182,2.375000,1.928571,1.833333
sub-d9574447,0.264957,0.222222,0.170940,0.179487,0.162393,1.823529,1.529412,2.000000,1.615385,1.357143
sub-d9630463,0.211009,0.256881,0.128440,0.247706,0.155963,1.642857,1.647059,1.272727,1.687500,1.545455
sub-d982eae7,0.289720,0.280374,0.224299,0.168224,0.037383,1.722222,1.666667,1.500000,1.500000,1.000000
sub-d9a7dde8,0.310924,0.319328,0.142857,0.084034,0.142857,2.055556,2.111111,1.545455,1.250000,1.307692
sub-d9b78521,0.073171,0.170732,0.292683,0.317073,0.146341,1.000000,1.000000,1.090909,1.300000,1.000000
sub-d9c89f13,0.351351,0.432432,0.121622,0.054054,0.040541,1.529412,1.882353,1.285714,1.000000,1.000000
sub-da07befd,0.215054,0.215054,0.301075,0.215054,0.053763,1.666667,1.428571,1.647059,1.666667,1.250000
sub-da14debe,0.339130,0.347826,0.147826,0.060870,0.104348,2.294118,2.352941,1.307692,1.400000,1.333333
sub-da85b0d2,0.279661,0.254237,0.161017,0.135593,0.169492,1.941176,1.875000,1.727273,1.454545,1.428571
sub-daabdc32,0.326531,0.295918,0.081633,0.183673,0.112245,1.684211,1.705882,1.000000,1.125000,1.222222
sub-db1f60e2,0.148760,0.107438,0.305785,0.371901,0.066116,2.250000,1.444444,2.312500,2.368421,1.333333
sub-db2e962f,0.207547,0.358491,0.226415,0.169811,0.037736,1.100000,1.583333,1.000000,1.000000,1.000000
sub-db320f85,0.176471,0.215686,0.205882,0.303922,0.098039,1.285714,1.833333,1.750000,2.214286,1.250000
sub-dbb68f25,0.307692,0.338462,0.230769,0.076923,0.046154,1.538462,1.466667,1.363636,1.000000,1.000000
sub-dbc308f2,0.104167,0.114583,0.343750,0.343750,0.093750,1.428571,1.100000,1.941176,1.736842,1.000000
sub-dc7bd768,0.122807,0.149123,0.280702,0.192982,0.254386,1.272727,1.545455,1.684211,1.466667,2.071429
sub-dc7df6e2,0.162162,0.225225,0.243243,0.261261,0.108108,1.384615,1.785714,1.800000,1.705882,1.500000
sub-dccd40f8,0.300885,0.283186,0.185841,0.159292,0.070796,2.125000,2.133333,1.615385,1.636364,2.000000
sub-dcdce7a1,0.192000,0.112000,0.224000,0.120000,0.352000,1.600000,1.272727,1.750000,1.500000,2.315789
sub-dcfb2aef,0.268908,0.243697,0.168067,0.184874,0.134454,2.133333,1.812500,1.666667,1.375000,1.454545
sub-dd72baf9,0.239316,0.196581,0.179487,0.213675,0.170940,1.866667,1.642857,1.909091,1.666667,1.666667
sub-dd7cd3aa,0.160494,0.222222,0.271605,0.320988,0.024691,1.181818,1.500000,1.571429,1.857143,1.000000
sub-ddd0e508,0.227273,0.227273,0.136364,0.109091,0.300000,1.562500,1.388889,1.363636,1.500000,1.736842
sub-de0c6ad8,0.216000,0.232000,0.136000,0.120000,0.296000,1.928571,2.071429,1.700000,1.500000,2.176471
sub-de6898bc,0.333333,0.365854,0.113821,0.105691,0.081301,2.157895,2.647059,1.555556,1.300000,2.000000
sub-dea6252e,0.210084,0.226891,0.302521,0.176471,0.084034,1.470588,2.250000,2.117647,1.909091,1.428571
sub-deb86e8a,0.313043,0.330435,0.113043,0.139130,0.104348,2.250000,2.111111,1.444444,2.285714,1.333333
sub-dee0f991,0.416667,0.435185,0.037037,0.027778,0.083333,2.647059,2.937500,1.000000,1.500000,1.285714
sub-df08b50d,0.280488,0.109756,0.243902,0.134146,0.231707,1.533333,1.500000,1.666667,1.375000,1.266667
sub-df2ff0b3,0.148760,0.165289,0.223140,0.239669,0.223140,1.384615,1.176471,1.588235,2.230769,2.250000
sub-df3aaa51,0.378641,0.291262,0.048544,0.067961,0.213592,2.052632,1.875000,1.000000,1.000000,1.692308
sub-e0410318,0.300885,0.327434,0.106195,0.159292,0.106195,1.789474,1.947368,1.333333,1.384615,1.333333
sub-e089c73e,0.241758,0.208791,0.208791,0.208791,0.131868,1.466667,1.461538,1.461538,1.357143,1.333333
sub-e0a4f096,0.270270,0.256757,0.135135,0.054054,0.283784,1.666667,1.187500,1.250000,1.000000,1.500000
sub-e0c64703,0.221311,0.204918,0.262295,0.098361,0.213115,2.250000,1.562500,2.000000,1.090909,2.166667
sub-e12930ab,0.259259,0.203704,0.212963,0.222222,0.101852,1.866667,1.692308,1.533333,1.714286,1.222222
sub-e1a4f26e,0.226891,0.252101,0.193277,0.151261,0.176471,1.800000,1.764706,1.642857,1.800000,1.500000
sub-e258c30d,0.288000,0.264000,0.128000,0.152000,0.168000,1.800000,2.062500,1.600000,1.461538,1.615385
sub-e26ba779,0.175676,0.243243,0.175676,0.283784,0.121622,1.083333,1.285714,1.000000,1.615385,1.500000
sub-e2817cd3,0.300000,0.280000,0.100000,0.080000,0.240000,1.250000,1.272727,1.000000,1.000000,1.200000
sub-e2e58bb4,0.144928,0.173913,0.231884,0.318841,0.130435,1.111111,1.200000,1.333333,1.466667,1.125000
sub-e2fb4a5a,0.165289,0.132231,0.305785,0.190083,0.206612,1.666667,1.777778,2.312500,1.642857,1.666667
sub-e34267d3,0.200000,0.200000,0.180000,0.140000,0.280000,1.111111,1.000000,1.125000,1.166667,1.166667
sub-e36a4396,0.288660,0.340206,0.195876,0.154639,0.020619,1.750000,2.200000,1.583333,1.666667,1.000000
sub-e4f15275,0.222222,0.155556,0.288889,0.311111,0.022222,1.250000,1.000000,1.300000,1.272727,1.000000
sub-e523c998,0.202247,0.258427,0.269663,0.191011,0.078652,1.500000,1.533333,1.600000,1.214286,1.166667
sub-e5284121,0.288462,0.269231,0.240385,0.048077,0.153846,1.764706,1.647059,1.785714,1.000000,1.454545
sub-e533cba3,0.108333,0.208333,0.183333,0.141667,0.358333,1.181818,1.562500,1.294118,1.545455,2.150000
sub-e54264e5,0.210526,0.236842,0.131579,0.118421,0.302632,1.230769,1.800000,1.250000,1.125000,1.533333
sub-e544a53d,0.234783,0.139130,0.139130,0.217391,0.269565,1.687500,1.454545,1.600000,1.666667,1.631579
sub-e5894ff5,0.366337,0.376238,0.089109,0.089109,0.079208,2.176471,2.111111,1.000000,1.285714,1.600000
sub-e5da608f,0.327731,0.302521,0.193277,0.084034,0.092437,2.294118,2.400000,1.769231,1.428571,1.375000
sub-e5f9f075,0.264463,0.264463,0.148760,0.190083,0.132231,1.777778,1.882353,1.500000,1.533333,1.333333
sub-e6585315,0.360656,0.360656,0.114754,0.098361,0.065574,1.571429,1.466667,1.000000,1.200000,1.000000
sub-e676a4f1,0.313725,0.323529,0.127451,0.225490,0.009804,1.684211,1.941176,1.300000,1.533333,1.000000
sub-e6aba9d4,0.250000,0.275000,0.175000,0.175000,0.125000,1.875000,1.571429,1.500000,1.500000,1.875000
sub-e6b671d7,0.254098,0.278689,0.114754,0.155738,0.196721,1.722222,2.125000,1.166667,1.357143,1.500000
sub-e71c001b,0.211538,0.211538,0.230769,0.182692,0.163462,1.571429,1.571429,1.714286,2.111111,1.888889
sub-e7a2dfc8,0.266667,0.266667,0.219048,0.161905,0.085714,1.750000,1.555556,1.533333,1.416667,1.285714
sub-e7b4fad4,0.354839,0.362903,0.129032,0.137097,0.016129,2.750000,2.500000,1.454545,1.416667,1.000000
sub-e7c2a9ea,0.197802,0.252747,0.109890,0.208791,0.230769,1.384615,1.533333,1.000000,1.266667,1.312500
sub-e83fc249,0.265625,0.187500,0.171875,0.296875,0.078125,1.214286,1.090909,1.100000,1.357143,1.250000
sub-e86ebf65,0.258929,0.267857,0.160714,0.116071,0.196429,1.611111,1.578947,1.500000,1.300000,1.222222
sub-e895d5bf,0.152000,0.224000,0.248000,0.144000,0.232000,1.583333,1.647059,2.384615,1.636364,1.526316
sub-e8af6dbf,0.362903,0.314516,0.145161,0.088710,0.088710,2.142857,2.600000,1.500000,1.222222,1.222222
sub-e8e75c18,0.214953,0.261682,0.065421,0.196262,0.261682,1.352941,1.647059,1.166667,1.750000,2.000000
sub-e95bef08,0.115702,0.181818,0.305785,0.322314,0.074380,1.555556,1.571429,2.176471,2.600000,1.125000
sub-e96ad0aa,0.277778,0.240741,0.166667,0.203704,0.111111,1.153846,1.083333,1.125000,1.100000,1.000000
sub-ea3e0167,0.252101,0.327731,0.109244,0.159664,0.151261,1.666667,2.294118,1.181818,1.727273,1.500000
sub-ec430170,0.205882,0.254902,0.215686,0.166667,0.156863,1.500000,1.857143,1.294118,1.416667,1.333333
sub-ec9db008,0.100000,0.116667,0.308333,0.225000,0.250000,1.333333,1.272727,2.055556,2.250000,2.000000
sub-ed0a38c1,0.267327,0.356436,0.108911,0.079208,0.188119,1.687500,1.894737,1.222222,1.142857,1.461538
sub-ed6c93d2,0.280702,0.315789,0.061404,0.122807,0.219298,1.882353,2.117647,1.000000,1.272727,1.923077
sub-edbb53c9,0.237705,0.336066,0.147541,0.073770,0.204918,1.812500,2.277778,1.800000,1.125000,1.785714
sub-ee0b8fc3,0.322034,0.355932,0.169492,0.118644,0.033898,1.583333,1.400000,1.250000,1.000000,1.000000
sub-ee208ec6,0.188679,0.188679,0.320755,0.264151,0.037736,1.250000,1.250000,1.214286,1.166667,1.000000
sub-ee2d0fae,0.341463,0.243902,0.154472,0.073171,0.186992,2.333333,1.666667,1.461538,1.285714,1.642857
sub-eeab06e2,0.404255,0.393617,0.042553,0.042553,0.117021,2.000000,2.055556,1.000000,1.000000,1.100000
sub-eeb93250,0.252033,0.333333,0.097561,0.097561,0.219512,2.384615,2.411765,1.333333,1.333333,1.687500
sub-eee2e8ba,0.352459,0.360656,0.049180,0.040984,0.196721,2.687500,3.142857,1.500000,1.250000,1.846154
sub-ef1096c0,0.200000,0.136364,0.236364,0.145455,0.281818,1.375000,1.153846,1.733333,1.230769,2.384615
sub-ef333648,0.344538,0.344538,0.142857,0.168067,0.000000,2.277778,2.928571,1.416667,1.538462,NaN
sub-ef47e1cb,0.344000,0.336000,0.120000,0.088000,0.112000,2.866667,2.333333,1.363636,1.375000,1.272727
sub-ef9938fc,0.233645,0.289720,0.140187,0.149533,0.186916,1.923077,1.631579,1.250000,1.454545,1.428571
sub-efa513cb,0.164557,0.227848,0.240506,0.177215,0.189873,1.181818,1.200000,1.461538,1.272727,1.153846
sub-f0b4a87e,0.297297,0.288288,0.144144,0.108108,0.162162,2.357143,2.133333,1.600000,1.090909,1.500000
sub-f0c22557,0.195402,0.218391,0.241379,0.126437,0.218391,1.307692,1.266667,1.750000,1.222222,1.266667
sub-f143d0bb,0.229358,0.211009,0.238532,0.229358,0.091743,1.785714,1.352941,1.733333,1.562500,1.666667
sub-f19e7cb4,0.349206,0.317460,0.079365,0.063492,0.190476,1.466667,1.428571,1.000000,1.000000,1.200000
sub-f1fff45c,0.314815,0.314815,0.185185,0.148148,0.037037,1.416667,1.545455,1.111111,1.000000,1.000000
sub-f2f7e19f,0.341772,0.430380,0.075949,0.050633,0.101266,1.588235,2.125000,1.000000,1.333333,1.000000
sub-f3034678,0.360000,0.360000,0.120000,0.106667,0.053333,1.588235,1.500000,1.285714,1.142857,1.000000
sub-f35f8377,0.271739,0.228261,0.152174,0.076087,0.271739,1.923077,1.500000,1.272727,1.000000,1.666667
sub-f3bec2c7,0.256410,0.239316,0.196581,0.213675,0.094017,2.000000,1.750000,1.642857,1.470588,1.571429
sub-f41983d5,0.223214,0.214286,0.205357,0.178571,0.178571,1.388889,1.714286,1.642857,1.333333,1.666667
sub-f4267489,0.266129,0.233871,0.193548,0.201613,0.104839,1.833333,1.705882,1.846154,1.562500,1.444444
sub-f4642509,0.139130,0.086957,0.330435,0.347826,0.095652,1.333333,2.000000,2.235294,2.352941,1.375000
sub-f4a570be,0.365217,0.373913,0.052174,0.078261,0.130435,2.210526,2.263158,1.200000,1.000000,1.363636
sub-f5145b8e,0.344262,0.360656,0.163934,0.098361,0.032787,1.400000,1.375000,1.000000,1.200000,1.000000
sub-f534211d,0.284404,0.284404,0.211009,0.137615,0.082569,2.066667,1.631579,1.533333,1.250000,1.285714
sub-f54d1792,0.258621,0.224138,0.172414,0.258621,0.086207,1.153846,1.000000,1.111111,1.071429,1.000000
sub-f5592644,0.372549,0.313725,0.039216,0.196078,0.078431,1.357143,1.142857,1.000000,1.111111,1.000000
sub-f568b698,0.200000,0.181818,0.145455,0.209091,0.263636,1.692308,1.428571,1.333333,1.642857,2.071429
sub-f5aecd0c,0.422764,0.390244,0.081301,0.065041,0.040650,2.600000,2.666667,1.111111,1.142857,1.000000
sub-f5c20bf3,0.305556,0.277778,0.180556,0.138889,0.097222,1.294118,1.538462,1.083333,1.111111,1.000000
sub-f66bc32c,0.363636,0.353535,0.121212,0.161616,0.000000,1.894737,2.058824,1.090909,1.454545,NaN
sub-f71f4e37,0.172727,0.236364,0.090909,0.200000,0.300000,1.583333,1.733333,1.666667,1.375000,2.200000
sub-f72eb6e6,0.242105,0.189474,0.178947,0.242105,0.147368,1.642857,1.285714,1.214286,1.642857,1.166667
sub-f7bf68ad,0.196581,0.119658,0.273504,0.076923,0.333333,1.642857,1.400000,2.461538,1.285714,2.437500
sub-f80dfc3d,0.375000,0.258333,0.066667,0.091667,0.208333,2.368421,1.823529,1.333333,1.375000,1.785714
sub-f85fd7b2,0.083333,0.000000,0.383333,0.216667,0.316667,1.250000,NaN,1.437500,1.300000,1.583333
sub-f87e808d,0.380000,0.290000,0.150000,0.110000,0.070000,1.809524,1.933333,1.500000,1.375000,1.166667
sub-f88f48fa,0.169492,0.211864,0.135593,0.262712,0.220339,1.428571,1.470588,1.454545,1.823529,1.857143
sub-f900f8d1,0.323529,0.333333,0.166667,0.137255,0.039216,1.941176,2.000000,1.307692,1.555556,1.000000
sub-f988b984,0.264000,0.184000,0.136000,0.144000,0.272000,1.941176,1.916667,1.700000,1.125000,2.266667
sub-f989ab12,0.223214,0.205357,0.151786,0.258929,0.160714,1.666667,1.642857,1.545455,1.933333,1.500000
sub-f9929c46,0.117647,0.132353,0.308824,0.279412,0.161765,1.142857,1.125000,1.615385,1.357143,1.222222
sub-f99c3394,0.319672,0.368852,0.122951,0.032787,0.155738,2.294118,2.500000,1.363636,1.000000,1.461538
sub-f99df42a,0.264000,0.224000,0.192000,0.136000,0.184000,1.736842,1.647059,1.500000,1.416667,1.437500
sub-fa054068,0.262626,0.202020,0.181818,0.060606,0.292929,1.733333,1.538462,1.800000,1.000000,1.933333
sub-fa59943c,0.304878,0.329268,0.048780,0.195122,0.121951,1.470588,1.687500,1.000000,1.454545,1.250000
sub-fa6468b7,0.416667,0.416667,0.020833,0.062500,0.083333,1.176471,1.176471,1.000000,1.000000,1.000000
sub-fb0da3da,0.083333,0.083333,0.277778,0.324074,0.231481,1.500000,1.285714,1.875000,1.944444,1.785714
sub-fb171f74,0.198198,0.243243,0.171171,0.144144,0.243243,1.375000,1.500000,1.266667,1.333333,1.687500
sub-fbe5ad3c,0.076923,0.061538,0.384615,0.415385,0.061538,1.000000,1.000000,1.562500,1.588235,1.000000
sub-fc102a62,0.193548,0.145161,0.306452,0.193548,0.161290,1.200000,1.500000,1.583333,1.200000,1.250000
sub-fc143608,0.288000,0.240000,0.224000,0.144000,0.104000,1.894737,1.875000,1.750000,1.500000,1.181818
sub-fc39f12d,0.272727,0.309091,0.245455,0.145455,0.027273,1.500000,1.789474,1.588235,1.454545,1.000000
sub-fc462c95,0.313725,0.176471,0.098039,0.196078,0.215686,1.600000,1.125000,1.000000,1.111111,1.375000
sub-fc49ae05,0.250000,0.204545,0.204545,0.295455,0.045455,1.375000,1.000000,1.125000,1.181818,1.000000
sub-fc5c97ee,0.183673,0.163265,0.081633,0.204082,0.367347,2.000000,1.600000,1.142857,1.428571,2.000000
sub-fc9043fa,0.187500,0.218750,0.093750,0.250000,0.250000,1.090909,1.272727,1.000000,1.454545,1.600000
sub-fc92ad12,0.341880,0.316239,0.188034,0.145299,0.008547,2.352941,2.466667,1.466667,1.307692,1.000000
sub-fcf62c5e,0.168000,0.048000,0.328000,0.200000,0.256000,1.235294,1.000000,2.050000,1.785714,1.600000
sub-fd55fbb1,0.155172,0.137931,0.215517,0.301724,0.189655,1.800000,1.333333,1.562500,2.058824,2.000000
sub-fd6b7648,0.353448,0.310345,0.068966,0.155172,0.112069,2.562500,2.000000,1.142857,1.200000,1.083333
sub-fe159024,0.134615,0.192308,0.298077,0.115385,0.259615,1.555556,1.333333,1.722222,1.090909,1.687500
sub-fe35def7,0.291139,0.227848,0.189873,0.164557,0.126582,1.533333,1.125000,1.875000,1.300000,1.111111
sub-fe9b843e,0.142857,0.207792,0.272727,0.103896,0.272727,1.222222,1.230769,1.400000,1.142857,1.750000
sub-fec1d802,0.076271,0.093220,0.330508,0.288136,0.211864,1.000000,1.000000,2.052632,2.125000,1.785714
sub-fec6b3b3,0.325000,0.325000,0.100000,0.133333,0.116667,2.437500,2.166667,1.500000,1.454545,1.400000
sub-fee9195f,0.327103,0.280374,0.140187,0.149533,0.102804,2.187500,2.142857,1.153846,1.454545,1.222222
sub-ff10861b,0.320388,0.339806,0.194175,0.097087,0.048544,1.736842,1.842105,1.428571,1.000000,1.000000
sub-ff1e1209,0.189655,0.198276,0.172414,0.146552,0.293103,1.692308,1.642857,1.333333,1.545455,2.615385
sub-ff2be107,0.333333,0.292683,0.154472,0.211382,0.008130,1.952381,2.250000,1.266667,1.625000,1.000000
sub-ff7855eb,0.275362,0.246377,0.144928,0.202899,0.130435,1.727273,1.214286,1.111111,1.076923,1.125000
sub-ff86147c,0.348214,0.339286,0.125000,0.142857,0.044643,1.772727,1.900000,1.076923,1.454545,1.250000
sub-ffc734a9,0.400000,0.323077,0.138462,0.076923,0.061538,1.733333,1.500000,1.000000,1.666667,1.000000
