ID,fracocc_1,fracocc_2,fracocc_3,fracocc_4,fracocc_5,dwell_1,dwell_2,dwell_3,dwell_4,dwell_5
sub-0065c4e7,0.229167,0.229167,0.208333,0.197917,0.135417,3.666667,4.400000,3.333333,2.714286,6.500000
sub-0223ca30,0.085106,0.106383,0.234043,0.404255,0.170213,1.333333,1.250000,1.833333,4.750000,2.000000
sub-028396a2,0.291667,0.208333,0.062500,0.145833,0.291667,3.500000,5.000000,3.000000,7.000000,4.666667
sub-030862f3,0.238636,0.227273,0.159091,0.215909,0.159091,3.000000,4.000000,2.800000,2.375000,2.800000
sub-0424f0cc,0.233333,0.200000,0.150000,0.283333,0.133333,2.800000,2.000000,1.500000,3.400000,2.666667
sub-05804543,0.306122,0.336735,0.132653,0.112245,0.112245,4.285714,4.714286,2.166667,2.750000,3.666667
sub-05b68380,0.490196,0.294118,0.019608,0.098039,0.098039,5.000000,3.000000,1.000000,1.666667,1.666667
sub-0619f332,0.180180,0.216216,0.297297,0.099099,0.207207,4.000000,4.000000,4.714286,3.666667,5.750000
sub-0677b0ae,0.200000,0.178947,0.294737,0.221053,0.105263,2.714286,3.400000,4.666667,3.500000,2.000000
sub-075ba38c,0.363636,0.254545,0.054545,0.090909,0.236364,3.333333,3.500000,1.500000,1.666667,3.250000
sub-078d0115,0.302752,0.275229,0.146789,0.055046,0.220183,6.600000,4.285714,4.000000,2.000000,3.428571
sub-079ad0b1,0.110169,0.220339,0.237288,0.211864,0.220339,1.857143,2.888889,4.000000,3.125000,2.888889
sub-08bdadc8,0.257143,0.328571,0.071429,0.171429,0.171429,3.000000,3.833333,1.250000,3.000000,3.000000
sub-08fc6819,0.193548,0.250000,0.153226,0.209677,0.193548,4.800000,4.428571,3.166667,3.714286,3.000000
sub-09ff79ff,0.200000,0.236364,0.163636,0.236364,0.163636,3.666667,13.000000,3.000000,2.166667,3.000000
sub-0aa36d72,0.203125,0.187500,0.218750,0.375000,0.015625,2.600000,4.000000,2.333333,8.000000,1.000000
sub-0ab8eedd,0.222222,0.236111,0.138889,0.208333,0.194444,3.200000,2.833333,2.500000,3.000000,2.333333
sub-0bb849b5,0.159091,0.181818,0.250000,0.215909,0.193182,2.333333,4.000000,4.400000,3.166667,3.400000
sub-0d109f78,0.269663,0.168539,0.235955,0.235955,0.089888,3.428571,2.142857,3.000000,3.500000,1.333333
sub-0d4055a4,0.266667,0.233333,0.133333,0.216667,0.150000,3.200000,3.500000,1.600000,3.250000,3.000000
sub-0ea01690,0.212766,0.148936,0.170213,0.170213,0.297872,2.500000,2.333333,1.600000,2.666667,2.800000
sub-0f6654ce,0.147727,0.136364,0.215909,0.193182,0.306818,3.250000,1.500000,3.800000,2.428571,6.750000
sub-0ffb32d2,0.274510,0.323529,0.196078,0.137255,0.068627,4.666667,5.500000,3.333333,4.666667,2.333333
sub-1000f047,0.265823,0.265823,0.139241,0.151899,0.177215,3.500000,2.625000,2.200000,2.000000,2.333333
sub-11094134,0.346154,0.365385,0.115385,0.057692,0.115385,6.000000,6.333333,3.000000,1.500000,2.000000
sub-143c05b0,0.336207,0.370690,0.112069,0.034483,0.146552,5.571429,6.142857,2.166667,2.000000,2.833333
sub-14921d16,0.286957,0.226087,0.226087,0.095652,0.165217,6.600000,3.714286,4.333333,2.750000,3.166667
sub-156dd92b,0.235294,0.176471,0.176471,0.235294,0.176471,4.000000,3.600000,3.000000,4.800000,3.600000
sub-15a45610,0.360465,0.395349,0.139535,0.046512,0.058140,5.166667,4.250000,2.400000,1.333333,1.666667
sub-15bf4c30,0.152941,0.164706,0.235294,0.317647,0.129412,2.166667,2.800000,2.857143,3.857143,1.833333
sub-16f7c767,0.250000,0.150000,0.250000,0.050000,0.300000,2.000000,2.000000,2.500000,2.000000,3.000000
sub-185510a2,0.361702,0.382979,0.053191,0.106383,0.095745,6.800000,6.000000,5.000000,2.000000,1.800000
sub-18843b7b,0.162791,0.116279,0.372093,0.209302,0.139535,3.500000,1.666667,4.000000,3.000000,3.000000
sub-18dcd71e,0.308411,0.299065,0.102804,0.084112,0.205607,5.500000,5.333333,1.571429,3.000000,4.400000
sub-1a7ffbab,0.226087,0.165217,0.252174,0.191304,0.165217,3.714286,3.166667,3.222222,4.400000,4.750000
sub-1bd6ef0e,0.159091,0.227273,0.295455,0.181818,0.136364,3.500000,3.333333,4.333333,4.000000,2.000000
sub-1c9dca29,0.302752,0.256881,0.174312,0.128440,0.137615,4.125000,4.000000,3.800000,3.500000,2.142857
sub-1e805bd2,0.173077,0.173077,0.269231,0.134615,0.250000,3.000000,2.250000,2.800000,1.400000,3.250000
sub-1f989207,0.093023,0.081395,0.418605,0.290698,0.116279,2.000000,1.400000,6.000000,4.166667,2.500000
sub-1fead018,0.316667,0.450000,0.066667,0.050000,0.116667,6.333333,5.400000,1.333333,3.000000,3.500000
sub-20a17075,0.237705,0.229508,0.155738,0.114754,0.262295,7.250000,3.111111,3.800000,2.333333,5.333333
sub-20a2b1b4,0.215385,0.215385,0.246154,0.230769,0.092308,2.800000,2.000000,4.000000,2.142857,3.000000
sub-20b7485e,0.197183,0.239437,0.056338,0.169014,0.338028,2.333333,2.833333,2.000000,3.000000,3.428571
sub-20d43624,0.346939,0.265306,0.061224,0.081633,0.244898,3.400000,4.333333,1.000000,1.333333,2.400000
sub-22c762ef,0.186667,0.160000,0.253333,0.226667,0.173333,2.800000,2.400000,2.375000,3.400000,2.600000
sub-23826a62,0.373913,0.356522,0.130435,0.060870,0.078261,4.777778,6.833333,2.500000,1.750000,2.250000
sub-23ae845f,0.207921,0.257426,0.138614,0.188119,0.207921,4.200000,4.333333,2.800000,3.800000,3.500000
sub-24995e17,0.140000,0.200000,0.220000,0.320000,0.120000,2.333333,3.333333,2.200000,5.333333,2.000000
sub-24c13105,0.368421,0.315789,0.094737,0.094737,0.126316,4.375000,4.285714,1.500000,1.800000,2.000000
sub-24ed9807,0.230769,0.230769,0.184615,0.076923,0.276923,3.000000,3.000000,2.400000,2.500000,3.000000
sub-257bbec9,0.133333,0.216667,0.383333,0.066667,0.200000,2.666667,3.250000,4.600000,1.333333,2.400000
sub-28a0fdd3,0.129630,0.074074,0.314815,0.407407,0.074074,3.500000,2.000000,4.250000,4.400000,1.333333
sub-28c7360d,0.316327,0.275510,0.102041,0.183673,0.122449,5.166667,4.500000,2.000000,3.000000,3.000000
sub-29855626,0.189189,0.216216,0.175676,0.189189,0.229730,2.800000,2.285714,2.166667,3.500000,2.833333
sub-2b4ee1eb,0.336283,0.283186,0.168142,0.141593,0.070796,4.750000,5.333333,3.800000,2.285714,2.000000
sub-2ca8e629,0.272727,0.329545,0.056818,0.227273,0.113636,4.800000,4.142857,1.666667,4.000000,2.500000
sub-2e02a615,0.211111,0.255556,0.166667,0.177778,0.188889,3.166667,2.875000,2.500000,3.200000,2.833333
sub-2e2c9089,0.161765,0.323529,0.176471,0.147059,0.191176,2.750000,4.400000,4.000000,3.333333,3.250000
sub-30ab196e,0.326087,0.130435,0.043478,0.217391,0.282609,3.750000,2.000000,2.000000,3.333333,3.250000
sub-31c71fe5,0.216867,0.313253,0.132530,0.240964,0.096386,3.600000,5.200000,5.500000,4.000000,2.000000
sub-32ad6734,0.237624,0.277228,0.118812,0.059406,0.306931,4.800000,4.000000,3.000000,3.000000,5.166667
sub-33aa81b1,0.342105,0.381579,0.118421,0.052632,0.105263,4.333333,4.833333,3.000000,1.333333,2.000000
sub-3405c96d,0.550000,0.266667,0.050000,0.083333,0.050000,6.600000,4.000000,1.500000,1.000000,1.500000
sub-34458bb9,0.153846,0.109890,0.230769,0.252747,0.252747,3.500000,3.333333,5.250000,4.600000,3.833333
sub-34539ef6,0.230769,0.294872,0.153846,0.064103,0.256410,6.000000,3.833333,4.000000,2.500000,2.857143
sub-363fef83,0.242991,0.233645,0.214953,0.130841,0.177570,4.333333,5.000000,4.600000,2.800000,6.333333
sub-3948081f,0.325000,0.300000,0.150000,0.100000,0.125000,5.200000,4.800000,3.000000,2.000000,3.333333
sub-395cc66e,0.262295,0.196721,0.114754,0.180328,0.245902,2.666667,2.400000,1.750000,2.750000,2.500000
sub-39ec2b3a,0.313953,0.220930,0.232558,0.104651,0.127907,4.500000,4.750000,5.000000,3.000000,2.200000
sub-3a64891e,0.186275,0.098039,0.313725,0.303922,0.098039,2.714286,2.000000,5.333333,4.428571,2.500000
sub-3afc22be,0.273684,0.115789,0.200000,0.294737,0.115789,3.250000,2.200000,3.800000,4.666667,2.200000
sub-3c412bbf,0.281818,0.263636,0.163636,0.181818,0.109091,3.875000,4.833333,3.600000,2.857143,2.400000
sub-3c46c07f,0.180851,0.085106,0.329787,0.202128,0.202128,2.428571,1.600000,3.444444,3.800000,2.375000
sub-3e8e8f70,0.281690,0.281690,0.098592,0.197183,0.140845,2.857143,3.333333,2.333333,2.333333,2.000000
sub-3fa321e5,0.096774,0.064516,0.322581,0.370968,0.145161,1.500000,2.000000,5.000000,4.600000,2.250000
sub-3fdf00ec,0.310680,0.320388,0.097087,0.106796,0.165049,5.333333,4.714286,2.500000,2.750000,2.428571
sub-40a8af30,0.177419,0.177419,0.241935,0.209677,0.193548,3.666667,2.200000,2.500000,2.600000,2.000000
sub-40cd38aa,0.245098,0.215686,0.274510,0.205882,0.058824,3.571429,4.400000,5.600000,3.500000,2.000000
sub-4116e37f,0.450980,0.431373,0.019608,0.000000,0.098039,7.666667,7.333333,1.000000,NaN,2.500000
sub-41837856,0.421053,0.368421,0.017544,0.052632,0.140351,4.800000,4.200000,1.000000,1.500000,2.666667
sub-41c65311,0.298701,0.324675,0.012987,0.142857,0.220779,7.666667,4.166667,1.000000,3.666667,3.400000
sub-42be1b79,0.267857,0.151786,0.312500,0.250000,0.017857,4.285714,3.400000,4.375000,4.000000,1.000000
sub-42ff619b,0.306122,0.265306,0.163265,0.061224,0.204082,3.750000,2.600000,2.000000,1.000000,3.333333
sub-43687c63,0.250000,0.267241,0.189655,0.129310,0.163793,4.833333,4.428571,3.666667,2.500000,3.800000
sub-43e6771c,0.208333,0.270833,0.114583,0.114583,0.291667,3.333333,2.888889,1.833333,1.833333,3.500000
sub-4507f914,0.245763,0.254237,0.186441,0.127119,0.186441,4.142857,4.285714,3.666667,2.500000,3.666667
sub-459d2f41,0.163636,0.200000,0.145455,0.181818,0.309091,3.000000,3.666667,2.666667,3.333333,3.400000
sub-45bcc689,0.194030,0.328358,0.164179,0.164179,0.149254,2.600000,3.666667,5.500000,2.200000,2.500000
sub-45c1d1f7,0.314815,0.074074,0.277778,0.203704,0.129630,3.400000,2.000000,3.750000,2.750000,2.333333
sub-45d3f841,0.291139,0.227848,0.113924,0.126582,0.240506,3.285714,3.000000,1.285714,2.000000,3.800000
sub-477fa3ad,0.368421,0.368421,0.078947,0.144737,0.039474,4.666667,5.600000,1.200000,2.200000,1.500000
sub-481c79cc,0.173913,0.260870,0.217391,0.282609,0.065217,2.666667,4.000000,2.500000,4.333333,3.000000
sub-48aef4b5,0.175926,0.185185,0.231481,0.240741,0.166667,2.714286,2.857143,3.571429,3.250000,3.000000
sub-48b8b0e4,0.357143,0.442857,0.042857,0.057143,0.100000,6.250000,6.200000,1.000000,2.000000,1.750000
sub-4ac4cb0a,0.202381,0.119048,0.261905,0.107143,0.309524,4.250000,2.500000,3.666667,2.250000,3.714286
sub-4ac8cb38,0.261364,0.193182,0.170455,0.204545,0.170455,4.600000,2.833333,3.000000,3.600000,3.000000
sub-4b1369b2,0.271845,0.281553,0.116505,0.145631,0.184466,3.500000,4.142857,2.000000,3.000000,3.166667
sub-4cff45db,0.105263,0.078947,0.328947,0.381579,0.105263,2.666667,2.000000,4.166667,5.800000,2.666667
sub-4d7b20c6,0.227273,0.204545,0.238636,0.193182,0.136364,3.333333,3.600000,2.625000,4.250000,3.000000
sub-4ddbfa65,0.217391,0.195652,0.195652,0.326087,0.065217,3.333333,3.000000,4.500000,2.500000,1.500000
sub-4e349387,0.283333,0.333333,0.150000,0.116667,0.116667,5.666667,10.000000,2.571429,2.333333,2.333333
sub-4e6e7db0,0.164948,0.247423,0.237113,0.164948,0.185567,2.666667,6.000000,4.600000,2.285714,3.600000
sub-4fc822e3,0.145833,0.208333,0.208333,0.208333,0.229167,3.500000,2.000000,3.333333,2.500000,3.666667
sub-501a5ca8,0.076923,0.057692,0.346154,0.269231,0.250000,1.333333,3.000000,3.600000,2.333333,3.250000
sub-503252d4,0.129630,0.240741,0.185185,0.148148,0.296296,2.333333,4.333333,3.333333,4.000000,4.000000
sub-50537bb4,0.037736,0.150943,0.037736,0.339623,0.433962,1.000000,1.600000,1.000000,3.600000,3.833333
sub-50dcaf86,0.268293,0.097561,0.219512,0.097561,0.317073,3.666667,2.000000,3.000000,2.000000,6.500000
sub-512e75ea,0.240000,0.160000,0.160000,0.320000,0.120000,3.000000,2.400000,3.000000,4.800000,2.250000
sub-52aa46c0,0.355932,0.271186,0.152542,0.135593,0.084746,5.250000,5.333333,4.500000,4.000000,1.250000
sub-53072377,0.160000,0.060000,0.200000,0.380000,0.200000,2.000000,1.500000,3.333333,4.750000,3.333333
sub-554535d0,0.316239,0.333333,0.111111,0.136752,0.102564,4.625000,5.571429,2.166667,2.000000,3.000000
sub-565f562c,0.170732,0.304878,0.158537,0.182927,0.182927,3.500000,3.571429,4.333333,1.875000,3.750000
sub-56e0ac2b,0.277778,0.324074,0.129630,0.138889,0.129630,5.000000,5.000000,2.800000,3.000000,2.333333
sub-57c8968f,0.232877,0.260274,0.150685,0.232877,0.123288,5.666667,4.750000,2.750000,3.400000,3.000000
sub-583b83af,0.275000,0.325000,0.050000,0.250000,0.100000,2.750000,3.250000,2.000000,3.333333,1.333333
sub-585b8040,0.227273,0.340909,0.204545,0.125000,0.102273,4.000000,3.750000,3.600000,2.200000,1.800000
sub-5a17c30b,0.175000,0.075000,0.200000,0.225000,0.325000,2.333333,1.500000,4.000000,3.000000,3.250000
sub-5ac87eeb,0.100000,0.075000,0.408333,0.366667,0.050000,3.000000,2.250000,8.166667,7.333333,2.000000
sub-5bf7016d,0.257732,0.278351,0.144330,0.144330,0.175258,3.571429,3.857143,2.333333,1.272727,2.833333
sub-5c99d342,0.275229,0.366972,0.183486,0.119266,0.055046,7.500000,8.000000,4.000000,3.250000,1.500000
sub-5ca5829f,0.279279,0.315315,0.126126,0.180180,0.099099,3.875000,5.000000,2.800000,2.857143,2.200000
sub-5dd303b2,0.361702,0.319149,0.063830,0.085106,0.170213,2.833333,3.000000,1.000000,1.333333,2.000000
sub-5e1d9c42,0.294118,0.268908,0.159664,0.142857,0.134454,5.000000,4.571429,3.800000,3.400000,2.285714
sub-5e1f7ed3,0.417476,0.349515,0.077670,0.145631,0.009709,6.142857,6.000000,2.000000,3.750000,1.000000
sub-5e3c3afb,0.336000,0.376000,0.088000,0.120000,0.080000,7.000000,7.833333,2.200000,3.000000,3.333333
sub-5e9dcb61,0.295238,0.247619,0.171429,0.171429,0.114286,4.428571,3.250000,3.000000,3.600000,4.000000
sub-5f0402f7,0.192661,0.330275,0.137615,0.220183,0.119266,4.200000,4.500000,2.500000,4.800000,3.250000
sub-5f1d259b,0.158730,0.111111,0.269841,0.063492,0.396825,2.500000,1.750000,2.833333,1.333333,6.250000
sub-60e4dbc3,0.338710,0.241935,0.153226,0.048387,0.217742,7.000000,3.750000,2.714286,2.000000,4.500000
sub-6104407d,0.178082,0.205479,0.191781,0.136986,0.287671,4.333333,5.000000,2.333333,5.000000,4.200000
sub-61d78bb2,0.065574,0.131148,0.278689,0.278689,0.245902,2.000000,4.000000,4.250000,4.250000,3.000000
sub-61eac6f3,0.262626,0.181818,0.242424,0.111111,0.202020,5.200000,3.000000,3.000000,2.200000,3.333333
sub-691a4577,0.163636,0.236364,0.218182,0.109091,0.272727,4.500000,2.600000,2.400000,1.500000,5.000000
sub-6af6e0f1,0.090909,0.181818,0.345455,0.272727,0.109091,2.500000,2.500000,3.800000,3.750000,2.000000
sub-6b6e11f5,0.292683,0.414634,0.219512,0.073171,0.000000,6.000000,5.666667,3.000000,3.000000,NaN
sub-6b998730,0.296296,0.074074,0.259259,0.185185,0.185185,3.200000,1.000000,2.333333,3.333333,2.000000
sub-6bc464da,0.172414,0.379310,0.206897,0.183908,0.057471,3.000000,4.714286,2.571429,4.000000,5.000000
sub-6bd58939,0.291667,0.180556,0.208333,0.097222,0.222222,4.200000,4.333333,3.750000,2.333333,3.200000
sub-6bdfd645,0.229167,0.145833,0.229167,0.187500,0.208333,2.750000,1.400000,3.666667,2.250000,2.000000
sub-6ce2c563,0.330000,0.440000,0.120000,0.030000,0.080000,5.500000,7.333333,2.400000,1.500000,2.000000
sub-6d1c00b7,0.266667,0.280000,0.146667,0.160000,0.146667,3.333333,2.625000,1.571429,3.000000,2.200000
sub-6d602a07,0.212121,0.151515,0.363636,0.212121,0.060606,2.800000,2.000000,4.800000,2.800000,2.000000
sub-6d6b950c,0.207547,0.301887,0.188679,0.188679,0.113208,2.200000,3.200000,3.333333,2.500000,2.000000
sub-6db06aa3,0.241935,0.258065,0.177419,0.048387,0.274194,3.000000,5.333333,2.200000,3.000000,5.666667
sub-6fb0f8d7,0.258621,0.275862,0.017241,0.206897,0.241379,2.500000,3.200000,1.000000,2.400000,2.333333
sub-6fb39ec0,0.291667,0.283333,0.125000,0.166667,0.133333,5.833333,4.857143,2.500000,3.333333,5.333333
sub-7313c72c,0.367816,0.298851,0.068966,0.126437,0.137931,6.400000,6.500000,3.000000,1.833333,2.000000
sub-756d664c,0.261905,0.285714,0.214286,0.142857,0.095238,2.750000,3.000000,3.000000,2.000000,2.000000
sub-75bb5553,0.190083,0.223140,0.223140,0.247934,0.115702,3.285714,6.750000,4.500000,4.285714,2.800000
sub-78ebedd2,0.213483,0.157303,0.213483,0.168539,0.247191,3.800000,3.500000,2.714286,3.000000,3.666667
sub-793cb691,0.200000,0.180000,0.280000,0.240000,0.100000,3.333333,2.250000,2.800000,4.000000,1.666667
sub-7aee16bc,0.177570,0.280374,0.224299,0.233645,0.084112,2.714286,4.285714,3.428571,3.571429,3.000000
sub-7b21550b,0.281250,0.156250,0.156250,0.156250,0.250000,3.000000,5.000000,2.500000,3.333333,2.666667
sub-7bb3c4d7,0.243902,0.252033,0.195122,0.243902,0.065041,7.500000,6.200000,6.000000,6.000000,2.666667
sub-7eea71d8,0.278846,0.259615,0.182692,0.153846,0.125000,4.142857,3.857143,3.800000,2.666667,3.250000
sub-8085a954,0.225352,0.309859,0.154930,0.042254,0.267606,3.200000,4.400000,1.833333,1.500000,3.800000
sub-818c4a36,0.089888,0.202247,0.280899,0.247191,0.179775,2.666667,3.000000,5.000000,3.666667,3.200000
sub-82746982,0.304348,0.295652,0.147826,0.130435,0.121739,4.375000,4.857143,2.428571,3.000000,2.333333
sub-82825229,0.120879,0.263736,0.230769,0.208791,0.175824,2.750000,4.000000,3.500000,3.166667,2.666667
sub-83586c4d,0.166667,0.119048,0.357143,0.142857,0.214286,1.750000,2.500000,3.750000,2.000000,3.000000
sub-83db705c,0.185185,0.212963,0.231481,0.222222,0.148148,3.333333,3.833333,3.571429,3.428571,5.333333
sub-8566bafc,0.204918,0.229508,0.262295,0.196721,0.106557,6.250000,7.000000,5.333333,4.000000,4.333333
sub-85e64ddb,0.068627,0.117647,0.333333,0.284314,0.196078,2.333333,3.000000,5.666667,4.833333,4.000000
sub-8654789d,0.171717,0.222222,0.212121,0.303030,0.090909,2.833333,3.666667,3.500000,3.750000,3.000000
sub-86be733a,0.233871,0.169355,0.233871,0.217742,0.145161,4.833333,5.250000,5.800000,6.750000,3.000000
sub-88925b80,0.191489,0.138298,0.340426,0.212766,0.117021,3.600000,2.166667,4.571429,3.333333,2.750000
sub-88dc1dcf,0.309091,0.272727,0.072727,0.236364,0.109091,4.250000,3.000000,2.000000,2.166667,1.500000
sub-8a8e58c7,0.120000,0.120000,0.280000,0.300000,0.180000,6.000000,1.500000,2.800000,3.750000,1.800000
sub-8b339985,0.256410,0.243590,0.153846,0.256410,0.089744,4.000000,2.375000,2.400000,4.000000,1.400000
sub-8c4e9db4,0.186441,0.144068,0.127119,0.203390,0.338983,3.666667,2.833333,2.500000,3.428571,6.666667
sub-8c9f12d7,0.327273,0.090909,0.290909,0.181818,0.109091,3.000000,1.666667,4.000000,3.333333,2.000000
sub-8dd8aae9,0.259615,0.163462,0.298077,0.163462,0.115385,3.857143,3.400000,5.166667,4.250000,3.000000
sub-8ed3da91,0.303571,0.303571,0.062500,0.151786,0.178571,5.666667,4.857143,1.750000,4.250000,2.500000
sub-8ef356b5,0.111111,0.244444,0.333333,0.200000,0.111111,2.500000,3.666667,3.000000,3.000000,1.666667
sub-8f4474ef,0.245283,0.226415,0.169811,0.150943,0.207547,6.500000,2.400000,2.250000,2.666667,3.666667
sub-91f6cb54,0.241935,0.080645,0.338710,0.161290,0.177419,3.750000,2.500000,4.200000,3.333333,2.200000
sub-93f05d08,0.200000,0.183333,0.366667,0.083333,0.166667,4.000000,3.666667,3.666667,1.666667,2.500000
sub-941fc5cd,0.173077,0.288462,0.269231,0.057692,0.211538,2.250000,3.750000,4.666667,1.500000,2.750000
sub-94785f0d,0.135593,0.135593,0.305085,0.288136,0.135593,2.000000,1.600000,3.600000,4.250000,2.666667
sub-9504cb5a,0.163265,0.204082,0.214286,0.173469,0.244898,2.666667,4.000000,3.500000,3.400000,6.000000
sub-96af5d3c,0.193878,0.295918,0.234694,0.193878,0.081633,3.166667,4.833333,3.833333,3.166667,2.000000
sub-97594e87,0.208333,0.180556,0.236111,0.097222,0.277778,2.500000,2.600000,2.833333,2.333333,4.000000
sub-976c58d9,0.276316,0.223684,0.118421,0.118421,0.263158,4.200000,2.833333,3.000000,2.250000,2.857143
sub-97910eaf,0.382114,0.341463,0.056911,0.146341,0.073171,6.714286,7.000000,1.400000,3.000000,2.250000
sub-97cf1a68,0.260870,0.313043,0.052174,0.191304,0.182609,3.750000,4.500000,3.000000,2.444444,4.200000
sub-985ef253,0.310811,0.162162,0.108108,0.121622,0.297297,4.600000,2.400000,1.600000,3.000000,3.666667
sub-98d3f087,0.175000,0.208333,0.175000,0.250000,0.191667,4.200000,4.166667,5.250000,5.000000,4.600000
sub-99b5018c,0.057143,0.285714,0.300000,0.257143,0.100000,2.000000,4.000000,7.000000,6.000000,1.750000
sub-9aa5814f,0.166667,0.000000,0.071429,0.452381,0.309524,1.750000,NaN,3.000000,4.750000,4.333333
sub-9acb1fd7,0.218750,0.145833,0.270833,0.270833,0.093750,3.000000,2.333333,4.333333,4.333333,2.250000
sub-9b2c8458,0.122449,0.122449,0.285714,0.244898,0.224490,2.000000,2.000000,3.500000,2.000000,2.750000
sub-9b74c8eb,0.142857,0.185714,0.200000,0.228571,0.242857,5.000000,2.600000,4.666667,4.000000,4.250000
sub-9b8257bc,0.247525,0.138614,0.227723,0.207921,0.178218,3.571429,2.800000,7.666667,4.200000,3.000000
sub-9bcea9fc,0.181818,0.129870,0.285714,0.142857,0.259740,2.800000,3.333333,4.400000,3.666667,4.000000
sub-9c80ad67,0.319444,0.263889,0.194444,0.138889,0.083333,3.833333,2.714286,2.000000,3.333333,2.000000
sub-9d4ff737,0.336735,0.336735,0.091837,0.102041,0.132653,4.125000,4.714286,1.285714,3.333333,3.250000
sub-9db0a7f0,0.338843,0.214876,0.198347,0.099174,0.148760,5.857143,3.714286,3.000000,6.000000,3.600000
sub-9e24a8ff,0.298507,0.238806,0.194030,0.104478,0.164179,5.000000,2.666667,3.250000,3.500000,2.750000
sub-9e2b9c23,0.242718,0.184466,0.194175,0.223301,0.155340,5.000000,2.714286,3.333333,3.833333,3.200000
sub-9e34055d,0.239130,0.293478,0.184783,0.108696,0.173913,4.400000,5.400000,2.125000,2.000000,3.200000
sub-9e6499e6,0.322034,0.288136,0.067797,0.152542,0.169492,3.166667,3.400000,1.333333,1.800000,2.500000
sub-a1093cbb,0.363636,0.204545,0.136364,0.090909,0.204545,4.000000,3.000000,3.000000,1.333333,4.500000
sub-a129f7e8,0.148515,0.118812,0.306931,0.336634,0.089109,3.750000,3.000000,6.200000,5.666667,1.800000
sub-a1b767d5,0.265625,0.281250,0.171875,0.156250,0.125000,4.250000,4.500000,5.500000,3.333333,2.666667
sub-a21927f3,0.060606,0.090909,0.257576,0.287879,0.303030,1.333333,3.000000,2.833333,4.750000,4.000000
sub-a2944031,0.166667,0.183333,0.241667,0.283333,0.125000,3.333333,3.142857,2.900000,4.857143,2.142857
sub-a358a3a4,0.333333,0.360000,0.173333,0.120000,0.013333,6.250000,4.500000,2.600000,3.000000,1.000000
sub-a37de315,0.387097,0.301075,0.096774,0.193548,0.021505,4.500000,3.500000,1.500000,2.571429,2.000000
sub-a4dfe556,0.122449,0.285714,0.244898,0.102041,0.244898,2.000000,2.333333,2.000000,1.666667,1.714286
sub-a68050b1,0.190476,0.238095,0.269841,0.174603,0.126984,3.000000,2.500000,2.833333,1.833333,2.000000
sub-a6845558,0.163265,0.224490,0.265306,0.183673,0.163265,2.666667,2.750000,3.250000,3.000000,2.000000
sub-a703404d,0.202128,0.308511,0.202128,0.159574,0.127660,3.166667,3.625000,3.166667,3.000000,3.000000
sub-a71c7da1,0.232000,0.288000,0.200000,0.160000,0.120000,3.625000,4.500000,3.125000,3.333333,2.500000
sub-a728fc66,0.224138,0.275862,0.155172,0.155172,0.189655,3.250000,3.200000,2.250000,3.000000,2.200000
sub-a7d28b7c,0.185185,0.185185,0.320988,0.234568,0.074074,2.500000,2.500000,3.250000,2.714286,1.500000
sub-a8082cd3,0.385965,0.228070,0.105263,0.192982,0.087719,3.142857,4.333333,1.500000,3.666667,2.500000
sub-aa8a3cb1,0.049180,0.081967,0.409836,0.344262,0.114754,1.500000,1.666667,5.000000,4.200000,2.333333
sub-aec865ff,0.157303,0.123596,0.280899,0.292135,0.146067,3.500000,2.750000,4.166667,4.333333,3.250000
sub-af240e16,0.316456,0.215190,0.177215,0.113924,0.177215,3.571429,2.833333,2.333333,1.800000,3.500000
sub-af7fa8b2,0.289855,0.347826,0.202899,0.028986,0.130435,4.000000,4.000000,3.500000,1.000000,1.800000
sub-aff59dff,0.186441,0.177966,0.288136,0.203390,0.144068,3.142857,3.500000,4.857143,3.000000,3.400000
sub-b012e893,0.205128,0.153846,0.243590,0.294872,0.102564,2.666667,2.400000,3.800000,3.833333,2.000000
sub-b2ac5f9e,0.126761,0.154930,0.295775,0.323944,0.098592,2.250000,2.750000,3.500000,5.750000,1.750000
sub-b317bcc8,0.200000,0.230000,0.150000,0.200000,0.220000,5.000000,3.833333,3.000000,2.857143,3.666667
sub-b3854719,0.303571,0.303571,0.107143,0.071429,0.214286,8.500000,4.250000,3.000000,2.666667,3.428571
sub-b3ae415f,0.148515,0.277228,0.247525,0.138614,0.188119,3.750000,4.000000,4.166667,3.500000,4.750000
sub-b481fb9d,0.333333,0.301587,0.095238,0.126984,0.142857,4.200000,4.750000,1.200000,2.000000,3.000000
sub-b76cf101,0.224138,0.206897,0.120690,0.224138,0.224138,3.250000,4.000000,1.750000,3.250000,4.333333
sub-b79be773,0.333333,0.269841,0.063492,0.222222,0.111111,3.500000,4.250000,1.333333,2.800000,3.500000
sub-b84803bf,0.171875,0.171875,0.203125,0.187500,0.265625,2.200000,2.200000,2.166667,3.000000,2.833333
sub-b950b436,0.355556,0.244444,0.088889,0.111111,0.200000,8.000000,1.833333,1.333333,2.500000,3.000000
sub-b9667750,0.279070,0.279070,0.151163,0.220930,0.069767,6.000000,4.000000,2.166667,3.800000,2.000000
sub-b9f8cd4b,0.234043,0.191489,0.212766,0.148936,0.212766,1.833333,2.250000,2.000000,2.333333,3.333333
sub-ba3277f2,0.322034,0.228814,0.194915,0.127119,0.127119,5.428571,4.500000,3.285714,3.000000,2.500000
sub-ba56b6ca,0.200000,0.150000,0.025000,0.425000,0.200000,8.000000,2.000000,1.000000,8.500000,4.000000
sub-baf53535,0.317073,0.268293,0.146341,0.170732,0.097561,6.500000,5.500000,2.000000,3.500000,2.000000
sub-bdf448af,0.294118,0.176471,0.141176,0.176471,0.211765,3.571429,3.000000,2.000000,2.500000,4.500000
sub-bf2215fd,0.131148,0.262295,0.147541,0.213115,0.245902,2.666667,4.000000,2.250000,2.600000,2.500000
sub-bf23e532,0.324675,0.207792,0.142857,0.142857,0.181818,3.125000,5.333333,2.750000,1.833333,3.500000
sub-bf8006d0,0.192308,0.326923,0.019231,0.326923,0.134615,5.000000,3.400000,1.000000,4.250000,2.333333
sub-bfd08f6e,0.396694,0.338843,0.074380,0.099174,0.090909,6.000000,6.833333,4.500000,2.400000,2.200000
sub-c1df6983,0.295455,0.454545,0.090909,0.159091,0.000000,2.600000,5.000000,2.000000,1.166667,NaN
sub-c4852797,0.203704,0.148148,0.231481,0.287037,0.129630,4.400000,3.200000,2.777778,4.428571,3.500000
sub-c5361f39,0.104167,0.125000,0.208333,0.312500,0.250000,2.500000,2.400000,4.000000,4.285714,4.800000
sub-c6067bf1,0.257576,0.242424,0.136364,0.257576,0.106061,4.250000,2.666667,3.000000,3.400000,1.400000
sub-c8f57d40,0.140000,0.180000,0.200000,0.260000,0.220000,3.500000,2.250000,2.500000,2.600000,2.750000
sub-cb0dc161,0.157407,0.212963,0.231481,0.240741,0.157407,3.400000,3.285714,2.777778,3.250000,3.400000
sub-cb5b6306,0.224719,0.191011,0.269663,0.123596,0.191011,4.000000,2.833333,6.000000,3.666667,4.250000
sub-cb923e06,0.122449,0.224490,0.316327,0.214286,0.122449,4.000000,3.666667,5.166667,4.200000,3.000000
sub-ce750484,0.250000,0.272727,0.170455,0.113636,0.193182,3.142857,4.800000,2.500000,3.333333,4.250000
sub-ce7557cd,0.317073,0.439024,0.073171,0.000000,0.170732,4.333333,3.600000,1.500000,NaN,2.333333
sub-ce94d8e0,0.118421,0.105263,0.223684,0.302632,0.250000,3.000000,2.666667,3.400000,4.600000,6.333333
sub-cf96c936,0.203704,0.259259,0.231481,0.101852,0.203704,3.666667,4.000000,4.166667,1.833333,2.444444
sub-d04b3811,0.238938,0.230088,0.141593,0.176991,0.212389,3.375000,5.200000,3.200000,2.500000,4.000000
sub-d0ccda46,0.219048,0.171429,0.180952,0.161905,0.266667,3.285714,2.571429,2.375000,2.833333,3.111111
sub-d1d5df0d,0.245098,0.284314,0.176471,0.127451,0.166667,4.166667,4.142857,3.000000,2.600000,2.833333
sub-d2205a7c,0.320513,0.307692,0.089744,0.012821,0.269231,6.250000,4.000000,1.750000,1.000000,5.250000
sub-d2ad3f86,0.191176,0.250000,0.220588,0.161765,0.176471,2.600000,4.250000,2.500000,3.666667,2.400000
sub-d2c47f13,0.091743,0.119266,0.311927,0.284404,0.192661,2.000000,4.333333,4.857143,3.444444,3.000000
sub-d35069ed,0.091743,0.183486,0.302752,0.293578,0.128440,2.500000,3.333333,6.600000,5.333333,2.800000
sub-d3dbca3b,0.129412,0.164706,0.211765,0.247059,0.247059,1.833333,2.000000,2.250000,3.500000,4.200000
sub-d54a444e,0.232143,0.250000,0.178571,0.232143,0.107143,2.600000,4.666667,3.333333,2.166667,1.500000
sub-d7e0b542,0.225806,0.322581,0.209677,0.016129,0.225806,3.500000,6.666667,4.333333,1.000000,3.500000
sub-d7ec9ae3,0.322581,0.354839,0.064516,0.112903,0.145161,4.000000,3.666667,1.333333,3.500000,2.250000
sub-d86c6aeb,0.283784,0.229730,0.216216,0.216216,0.054054,5.250000,4.250000,3.200000,3.200000,1.333333
sub-d8ab4fef,0.333333,0.285714,0.119048,0.142857,0.119048,4.666667,3.000000,2.500000,2.000000,2.500000
sub-d8e8d03c,0.264368,0.310345,0.103448,0.183908,0.137931,4.600000,5.400000,1.800000,4.000000,3.000000
sub-d9505f7f,0.250000,0.241379,0.198276,0.258621,0.051724,4.833333,5.600000,3.833333,5.000000,1.500000
sub-d9574447,0.289855,0.333333,0.072464,0.101449,0.202899,4.000000,3.285714,1.250000,2.333333,2.000000
sub-d9630463,0.322917,0.312500,0.114583,0.104167,0.145833,6.200000,4.285714,2.750000,3.333333,4.666667
sub-d9a7dde8,0.161290,0.274194,0.161290,0.290323,0.112903,2.500000,5.666667,3.333333,3.600000,2.333333
sub-da14debe,0.226190,0.226190,0.226190,0.119048,0.202381,3.800000,3.166667,2.375000,2.500000,2.428571
sub-db1f60e2,0.222222,0.125000,0.236111,0.111111,0.305556,3.200000,2.250000,4.250000,2.000000,3.666667
sub-dc7bd768,0.235294,0.254902,0.186275,0.156863,0.166667,4.000000,4.333333,3.166667,3.200000,3.400000
sub-dc7df6e2,0.352941,0.215686,0.156863,0.156863,0.117647,3.600000,2.750000,4.000000,2.666667,2.000000
sub-dcdce7a1,0.396040,0.405941,0.019802,0.069307,0.108911,5.000000,6.833333,2.000000,1.750000,1.833333
sub-dcfb2aef,0.062500,0.020833,0.229167,0.166667,0.520833,3.000000,1.000000,5.500000,2.000000,8.333333
sub-dd72baf9,0.182927,0.121951,0.231707,0.280488,0.182927,3.000000,2.500000,4.750000,3.833333,5.000000
sub-de0c6ad8,0.311927,0.293578,0.174312,0.146789,0.073394,4.857143,4.571429,3.166667,3.200000,1.600000
sub-de6898bc,0.300000,0.200000,0.218182,0.254545,0.027273,4.125000,3.666667,4.800000,4.666667,3.000000
sub-dea6252e,0.156863,0.235294,0.254902,0.254902,0.098039,4.000000,6.000000,4.333333,4.333333,1.666667
sub-df2ff0b3,0.188679,0.245283,0.264151,0.018868,0.283019,5.000000,3.250000,4.666667,1.000000,5.000000
sub-e0c64703,0.111111,0.246914,0.135802,0.209877,0.296296,2.250000,3.333333,2.750000,4.250000,4.000000
sub-e12930ab,0.381818,0.400000,0.109091,0.072727,0.036364,4.200000,4.400000,3.000000,2.000000,1.000000
sub-e1a4f26e,0.205128,0.269231,0.179487,0.115385,0.230769,4.000000,3.500000,3.500000,2.250000,3.000000
sub-e258c30d,0.213675,0.179487,0.282051,0.205128,0.119658,3.571429,3.500000,3.300000,4.000000,3.500000
sub-e2fb4a5a,0.159420,0.101449,0.347826,0.347826,0.043478,2.200000,2.333333,4.000000,6.000000,1.000000
sub-e36a4396,0.000000,0.020408,0.408163,0.306122,0.265306,NaN,1.000000,5.000000,2.500000,3.250000
sub-e544a53d,0.189189,0.256757,0.216216,0.256757,0.081081,4.666667,4.750000,5.333333,3.800000,2.000000
sub-e5da608f,0.202703,0.243243,0.148649,0.135135,0.270270,3.750000,2.571429,2.750000,2.000000,2.857143
sub-e5f9f075,0.333333,0.333333,0.142857,0.000000,0.190476,4.666667,3.500000,2.000000,NaN,4.000000
sub-e6aba9d4,0.368932,0.291262,0.135922,0.087379,0.116505,5.428571,4.285714,2.333333,2.250000,2.400000
sub-e7b4fad4,0.183333,0.083333,0.350000,0.150000,0.233333,2.200000,1.666667,2.625000,3.000000,4.666667
sub-e895d5bf,0.295082,0.336066,0.090164,0.163934,0.114754,4.500000,5.857143,1.571429,4.000000,2.800000
sub-e8af6dbf,0.134328,0.223881,0.313433,0.134328,0.194030,2.250000,2.500000,4.200000,3.000000,2.600000
sub-e95bef08,0.063492,0.015873,0.047619,0.349206,0.523810,2.000000,1.000000,1.500000,5.500000,6.600000
sub-ea3e0167,0.261538,0.323077,0.076923,0.184615,0.153846,4.250000,4.200000,1.666667,4.000000,3.333333
sub-ed6c93d2,0.200000,0.050000,0.400000,0.300000,0.050000,4.000000,1.000000,5.333333,3.000000,1.000000
sub-edbb53c9,0.315789,0.368421,0.175439,0.122807,0.017544,4.500000,4.200000,2.500000,1.750000,1.000000
sub-ee2d0fae,0.279570,0.301075,0.129032,0.161290,0.129032,5.200000,3.500000,2.400000,3.000000,3.000000
sub-eeb93250,0.193548,0.268817,0.150538,0.279570,0.107527,4.500000,4.166667,4.666667,3.250000,2.500000
sub-ef333648,0.213483,0.292135,0.168539,0.123596,0.202247,3.800000,3.250000,2.500000,3.666667,3.000000
sub-ef47e1cb,0.264463,0.173554,0.272727,0.190083,0.099174,5.333333,5.250000,6.600000,4.600000,2.400000
sub-f3bec2c7,0.200000,0.225000,0.175000,0.300000,0.100000,2.000000,3.000000,2.333333,3.000000,4.000000
sub-f4267489,0.306122,0.428571,0.061224,0.122449,0.081633,5.000000,4.200000,1.000000,2.000000,2.000000
sub-f4642509,0.329670,0.307692,0.076923,0.153846,0.131868,5.000000,4.666667,1.750000,2.800000,2.000000
sub-f4a570be,0.195122,0.170732,0.073171,0.219512,0.341463,2.666667,2.333333,1.000000,3.000000,4.666667
sub-f534211d,0.232558,0.046512,0.139535,0.372093,0.209302,3.333333,2.000000,6.000000,4.000000,4.500000
sub-f5aecd0c,0.216867,0.216867,0.192771,0.180723,0.192771,3.600000,3.000000,3.200000,2.500000,2.666667
sub-f7bf68ad,0.340206,0.329897,0.144330,0.103093,0.082474,4.714286,5.333333,3.500000,2.500000,1.600000
sub-f88f48fa,0.319149,0.170213,0.170213,0.170213,0.170213,3.750000,2.666667,2.000000,2.000000,2.666667
sub-f988b984,0.222222,0.175926,0.277778,0.212963,0.111111,4.000000,3.800000,6.000000,3.833333,3.000000
sub-f989ab12,0.239130,0.282609,0.195652,0.152174,0.130435,2.200000,4.333333,3.000000,2.333333,3.000000
sub-f99c3394,0.252874,0.275862,0.045977,0.206897,0.218391,3.666667,4.800000,2.000000,4.500000,3.166667
sub-f99df42a,0.196721,0.213115,0.237705,0.229508,0.122951,6.000000,3.250000,5.800000,4.666667,3.000000
sub-fc143608,0.276190,0.266667,0.295238,0.076190,0.085714,5.800000,4.666667,5.166667,1.600000,3.000000
sub-fcf62c5e,0.333333,0.276190,0.200000,0.123810,0.066667,5.833333,4.142857,4.200000,2.600000,2.333333
sub-fec1d802,0.168539,0.280899,0.258427,0.224719,0.067416,5.000000,5.000000,3.285714,4.000000,2.000000
sub-fec6b3b3,0.208333,0.166667,0.208333,0.250000,0.166667,5.000000,2.666667,2.000000,4.000000,2.666667
sub-ff1e1209,0.215686,0.137255,0.156863,0.215686,0.274510,3.666667,2.333333,2.666667,5.500000,3.500000
sub-ff2be107,0.327731,0.277311,0.109244,0.176471,0.109244,6.500000,4.714286,2.600000,3.500000,2.600000
