ID,fracocc_1,fracocc_2,fracocc_3,fracocc_4,fracocc_5,dwell_1,dwell_2,dwell_3,dwell_4,dwell_5
sub-0038f6d3,0.270270,0.270270,0.198198,0.216216,0.045045,1.875000,1.875000,1.833333,1.714286,1.000000
sub-0065c4e7,0.115702,0.099174,0.272727,0.297521,0.214876,1.166667,1.333333,2.200000,2.117647,1.857143
sub-00a5f155,0.195652,0.152174,0.195652,0.239130,0.217391,1.384615,1.400000,1.500000,1.375000,1.538462
sub-0103fd3b,0.273973,0.191781,0.123288,0.246575,0.164384,1.333333,1.166667,1.000000,1.285714,1.090909
sub-017bc66c,0.268908,0.277311,0.210084,0.201681,0.042017,1.882353,1.941176,1.785714,1.714286,1.250000
sub-0223ca30,0.228070,0.201754,0.157895,0.192982,0.219298,2.000000,1.352941,1.500000,1.466667,1.562500
sub-0262fb07,0.233645,0.242991,0.214953,0.149533,0.158879,1.562500,1.733333,1.437500,1.333333,1.700000
sub-028396a2,0.228814,0.211864,0.271186,0.152542,0.135593,1.800000,1.785714,1.777778,1.636364,1.333333
sub-02e70592,0.346939,0.295918,0.132653,0.163265,0.061224,2.266667,1.812500,1.300000,1.454545,1.200000
sub-030862f3,0.239669,0.239669,0.223140,0.206612,0.090909,1.380952,1.933333,1.588235,1.470588,1.375000
sub-030a2f21,0.222222,0.222222,0.196581,0.205128,0.153846,1.625000,1.529412,1.642857,1.714286,1.384615
sub-0312aa2f,0.243902,0.203252,0.178862,0.268293,0.105691,1.666667,1.785714,1.571429,2.062500,1.444444
sub-032bc148,0.236842,0.210526,0.078947,0.250000,0.223684,1.384615,1.142857,1.000000,1.461538,1.416667
sub-037ebdea,0.120690,0.103448,0.275862,0.293103,0.206897,1.000000,1.000000,1.066667,1.416667,1.200000
sub-03b4fac2,0.203704,0.037037,0.277778,0.351852,0.129630,1.222222,1.000000,1.071429,1.266667,1.000000
sub-03d5f6b2,0.206897,0.215517,0.129310,0.215517,0.232759,1.500000,1.562500,1.666667,1.562500,1.421053
sub-03dbb3ef,0.096154,0.115385,0.288462,0.269231,0.230769,1.000000,1.000000,1.153846,1.750000,1.090909
sub-0424f0cc,0.289256,0.289256,0.148760,0.190083,0.082645,2.333333,2.333333,1.500000,1.642857,1.111111
sub-0431abda,0.202532,0.227848,0.139241,0.278481,0.151899,1.454545,1.384615,1.375000,1.571429,1.090909
sub-044c81a4,0.232759,0.232759,0.215517,0.146552,0.172414,2.076923,1.800000,1.785714,1.888889,1.428571
sub-04d422d4,0.341772,0.278481,0.050633,0.126582,0.202532,1.800000,1.571429,1.000000,1.000000,1.454545
sub-05804543,0.352000,0.368000,0.080000,0.088000,0.112000,2.315789,2.421053,1.250000,1.571429,1.400000
sub-05b68380,0.280000,0.280000,0.088000,0.176000,0.176000,1.842105,2.058824,1.222222,1.833333,2.000000
sub-05c8148a,0.307018,0.298246,0.157895,0.175439,0.061404,1.750000,1.888889,1.384615,1.666667,1.166667
sub-05da9db8,0.103093,0.082474,0.113402,0.329897,0.371134,1.250000,1.333333,1.100000,1.454545,1.565217
sub-0618a7a8,0.217391,0.159420,0.304348,0.115942,0.202899,1.250000,1.222222,1.312500,1.142857,1.272727
sub-0619f332,0.183333,0.191667,0.308333,0.150000,0.166667,1.571429,1.642857,2.846154,1.800000,1.818182
sub-062a3828,0.203883,0.271845,0.165049,0.126214,0.233010,1.500000,2.000000,1.307692,1.444444,2.000000
sub-063189b9,0.182927,0.146341,0.195122,0.207317,0.268293,1.500000,1.200000,1.454545,1.307692,1.571429
sub-0640fc90,0.250000,0.178571,0.214286,0.267857,0.089286,1.400000,1.111111,1.200000,1.250000,1.000000
sub-0677b0ae,0.142857,0.184874,0.226891,0.184874,0.260504,1.416667,1.571429,2.076923,1.692308,1.937500
sub-074c7ae0,0.242718,0.213592,0.213592,0.145631,0.184466,1.388889,1.466667,1.571429,1.153846,1.117647
sub-075ba38c,0.146552,0.094828,0.284483,0.267241,0.206897,1.545455,1.100000,2.357143,1.823529,1.846154
sub-078d0115,0.243902,0.186992,0.170732,0.113821,0.284553,1.764706,2.090909,2.100000,1.555556,2.333333
sub-079ad0b1,0.312000,0.288000,0.104000,0.104000,0.192000,2.600000,2.117647,1.444444,1.444444,1.846154
sub-08bdadc8,0.166667,0.183333,0.233333,0.225000,0.191667,1.818182,1.833333,2.153846,1.421053,1.533333
sub-08d4a49b,0.365079,0.365079,0.079365,0.063492,0.126984,1.642857,1.769231,1.250000,1.000000,1.142857
sub-08fc6819,0.280000,0.232000,0.152000,0.192000,0.144000,1.842105,1.812500,1.461538,1.600000,1.800000
sub-09378b74,0.266055,0.256881,0.201835,0.100917,0.174312,2.636364,2.333333,1.571429,1.571429,2.111111
sub-09927d73,0.168831,0.207792,0.129870,0.298701,0.194805,1.300000,1.230769,1.000000,1.642857,1.250000
sub-09ff79ff,0.232143,0.258929,0.205357,0.205357,0.098214,1.733333,1.933333,1.437500,1.642857,1.375000
sub-0a249e33,0.245455,0.345455,0.136364,0.154545,0.118182,1.928571,2.111111,1.363636,1.545455,1.300000
sub-0aa36d72,0.168142,0.132743,0.256637,0.300885,0.141593,1.727273,1.500000,1.933333,2.125000,1.777778
sub-0ab8eedd,0.213675,0.230769,0.111111,0.205128,0.239316,1.666667,1.928571,1.300000,2.000000,2.333333
sub-0abfcc01,0.295238,0.238095,0.190476,0.085714,0.190476,1.823529,1.470588,1.538462,1.125000,1.428571
sub-0b35d330,0.264957,0.247863,0.179487,0.136752,0.170940,1.937500,1.611111,1.750000,1.333333,1.666667
sub-0bb849b5,0.235772,0.260163,0.178862,0.097561,0.227642,2.230769,2.133333,1.375000,1.333333,1.750000
sub-0bd59c4e,0.288462,0.346154,0.038462,0.076923,0.250000,1.153846,1.384615,1.000000,1.000000,1.083333
sub-0be9a317,0.301887,0.330189,0.113208,0.141509,0.113208,1.777778,1.590909,1.333333,1.363636,1.200000
sub-0bea5471,0.192308,0.192308,0.166667,0.128205,0.320513,1.153846,1.250000,1.083333,1.111111,1.470588
sub-0c41aed6,0.238095,0.273810,0.142857,0.178571,0.166667,1.250000,1.642857,1.090909,1.363636,1.400000
sub-0c6dd44d,0.155556,0.155556,0.211111,0.222222,0.255556,1.166667,1.272727,1.900000,1.666667,1.642857
sub-0cc78551,0.182927,0.219512,0.170732,0.268293,0.158537,1.250000,1.384615,1.166667,1.466667,1.300000
sub-0d109f78,0.135593,0.203390,0.245763,0.322034,0.093220,1.454545,1.500000,1.526316,2.111111,1.000000
sub-0d4055a4,0.311475,0.393443,0.057377,0.139344,0.098361,2.235294,3.000000,1.000000,1.307692,1.333333
sub-0dd04d8d,0.190476,0.119048,0.226190,0.345238,0.119048,1.600000,1.111111,1.117647,1.705882,1.000000
sub-0e0b5c03,0.213333,0.200000,0.186667,0.186667,0.213333,1.230769,1.250000,1.000000,1.166667,1.142857
sub-0ea01690,0.142857,0.142857,0.312500,0.267857,0.133929,1.333333,1.600000,2.058824,1.875000,1.363636
sub-0ef9a840,0.182609,0.278261,0.182609,0.217391,0.139130,1.500000,1.523810,1.909091,1.562500,1.454545
sub-0f6654ce,0.300813,0.333333,0.121951,0.121951,0.121951,2.312500,2.050000,1.500000,1.500000,1.500000
sub-0feed494,0.098361,0.147541,0.229508,0.344262,0.180328,1.000000,1.000000,1.272727,1.500000,1.375000
sub-0ffb32d2,0.316667,0.341667,0.141667,0.125000,0.075000,2.714286,2.562500,1.545455,1.363636,1.800000
sub-1000f047,0.347458,0.296610,0.118644,0.118644,0.118644,2.277778,2.187500,1.400000,1.750000,1.166667
sub-11094134,0.106557,0.081967,0.237705,0.278689,0.295082,1.625000,1.428571,2.071429,1.700000,1.800000
sub-1112d9df,0.070707,0.090909,0.080808,0.383838,0.373737,1.000000,1.125000,1.333333,1.900000,1.947368
sub-1127e943,0.125000,0.140625,0.109375,0.296875,0.328125,1.000000,1.125000,1.000000,1.357143,1.750000
sub-1208c421,0.311111,0.333333,0.088889,0.133333,0.133333,1.166667,1.363636,1.000000,1.000000,1.000000
sub-13060080,0.388889,0.388889,0.055556,0.074074,0.092593,1.312500,1.312500,1.000000,1.000000,1.250000
sub-143c05b0,0.268293,0.300813,0.154472,0.113821,0.162602,2.357143,2.466667,1.461538,1.272727,1.818182
sub-14921d16,0.280000,0.256000,0.240000,0.112000,0.112000,2.333333,2.461538,1.666667,1.400000,1.400000
sub-156dd92b,0.186992,0.227642,0.162602,0.219512,0.203252,1.769231,1.647059,1.666667,1.928571,1.923077
sub-15a45610,0.338843,0.338843,0.148760,0.033058,0.140496,2.411765,1.952381,1.800000,1.000000,1.545455
sub-15bf4c30,0.188525,0.221311,0.172131,0.204918,0.213115,1.916667,1.588235,1.500000,1.666667,2.000000
sub-15f5f4a4,0.122449,0.132653,0.255102,0.306122,0.183673,1.333333,1.181818,1.785714,1.578947,1.384615
sub-16f7c767,0.258333,0.275000,0.233333,0.141667,0.091667,1.550000,1.650000,1.473684,1.545455,1.000000
sub-1722f709,0.296703,0.362637,0.087912,0.098901,0.153846,1.421053,1.736842,1.333333,1.285714,1.166667
sub-1757dc19,0.161616,0.191919,0.282828,0.141414,0.222222,1.333333,1.583333,2.000000,1.272727,1.692308
sub-175f0243,0.357143,0.326531,0.173469,0.040816,0.102041,2.058824,2.133333,1.307692,1.333333,1.428571
sub-18345449,0.178571,0.160714,0.267857,0.303571,0.089286,1.000000,1.000000,1.363636,1.214286,1.000000
sub-185510a2,0.256410,0.256410,0.153846,0.153846,0.179487,1.875000,1.875000,1.636364,1.636364,1.615385
sub-18843b7b,0.358696,0.402174,0.097826,0.108696,0.032609,1.833333,2.176471,1.125000,1.250000,1.500000
sub-18dcd71e,0.264000,0.280000,0.120000,0.184000,0.152000,1.833333,2.333333,1.500000,1.916667,1.583333
sub-1a0dd2e0,0.254717,0.283019,0.150943,0.150943,0.160377,1.687500,2.142857,1.230769,1.333333,1.545455
sub-1a7ffbab,0.266129,0.209677,0.266129,0.193548,0.064516,1.736842,1.857143,2.357143,1.500000,1.142857
sub-1baacce3,0.250000,0.315789,0.118421,0.157895,0.157895,1.583333,1.714286,1.285714,1.500000,1.200000
sub-1bcbb6c2,0.257143,0.314286,0.171429,0.128571,0.128571,1.500000,1.692308,1.200000,1.125000,1.285714
sub-1bd6ef0e,0.211382,0.154472,0.203252,0.252033,0.178862,1.625000,1.727273,1.562500,1.823529,1.375000
sub-1c9dca29,0.276423,0.276423,0.138211,0.186992,0.121951,2.125000,2.428571,1.416667,1.769231,1.250000
sub-1cab9f59,0.194690,0.203540,0.230088,0.203540,0.168142,1.466667,1.642857,1.529412,1.437500,1.357143
sub-1cae716e,0.214286,0.193878,0.255102,0.193878,0.142857,1.500000,1.357143,1.666667,1.461538,1.400000
sub-1cb849c3,0.319149,0.319149,0.127660,0.117021,0.117021,1.666667,1.764706,1.000000,1.222222,1.375000
sub-1ce73965,0.135922,0.155340,0.271845,0.262136,0.174757,1.400000,2.000000,1.750000,1.800000,1.500000
sub-1d0cc3f0,0.386364,0.386364,0.068182,0.022727,0.136364,3.090909,2.833333,1.200000,1.000000,2.000000
sub-1e7394f2,0.258621,0.310345,0.181034,0.172414,0.077586,1.875000,1.894737,1.400000,1.176471,1.125000
sub-1e7b5201,0.276596,0.297872,0.127660,0.180851,0.117021,1.733333,1.866667,1.200000,1.416667,1.222222
sub-1e805bd2,0.341463,0.365854,0.048780,0.130081,0.113821,2.800000,2.368421,1.000000,1.600000,1.272727
sub-1e8256cb,0.123077,0.107692,0.138462,0.261538,0.369231,1.333333,1.166667,1.000000,1.214286,1.600000
sub-1f00664b,0.283333,0.283333,0.116667,0.183333,0.133333,1.133333,1.307692,1.000000,1.375000,1.142857
sub-1f35e406,0.170732,0.219512,0.268293,0.073171,0.268293,1.000000,1.125000,1.222222,1.000000,1.000000
sub-1f45c28e,0.363636,0.352273,0.068182,0.079545,0.136364,2.000000,1.937500,1.500000,1.400000,1.333333
sub-1f989207,0.260163,0.292683,0.154472,0.130081,0.162602,2.285714,1.800000,1.461538,1.600000,1.538462
sub-1fb22c1e,0.243243,0.315315,0.099099,0.216216,0.126126,1.800000,1.750000,1.100000,1.600000,1.400000
sub-1fe27156,0.175824,0.153846,0.285714,0.274725,0.109890,1.142857,1.166667,1.368421,1.785714,1.000000
sub-1fe834f0,0.297872,0.287234,0.127660,0.148936,0.138298,1.400000,1.800000,1.200000,1.400000,1.625000
sub-1fead018,0.327731,0.302521,0.092437,0.142857,0.134454,1.950000,2.117647,1.100000,1.214286,1.454545
sub-200785b5,0.275362,0.289855,0.173913,0.188406,0.072464,1.727273,1.666667,1.333333,1.300000,1.250000
sub-2016203f,0.085714,0.057143,0.257143,0.285714,0.314286,1.000000,1.000000,1.200000,1.538462,1.692308
sub-20a17075,0.304000,0.280000,0.160000,0.096000,0.160000,2.000000,2.187500,1.666667,1.500000,1.538462
sub-20a2b1b4,0.248000,0.288000,0.144000,0.168000,0.152000,1.937500,2.250000,1.285714,1.312500,2.111111
sub-20b7485e,0.306452,0.314516,0.137097,0.080645,0.161290,1.900000,2.166667,1.307692,1.250000,1.333333
sub-20d43624,0.203252,0.162602,0.349593,0.211382,0.073171,1.785714,1.666667,2.388889,1.529412,1.285714
sub-20e346fc,0.165217,0.156522,0.243478,0.217391,0.217391,2.111111,1.636364,1.866667,1.923077,2.500000
sub-20ee3cab,0.232323,0.272727,0.202020,0.141414,0.151515,1.533333,1.800000,1.538462,1.166667,1.363636
sub-213f175e,0.232143,0.232143,0.196429,0.250000,0.089286,1.300000,1.300000,1.375000,1.272727,1.000000
sub-21465080,0.351648,0.395604,0.087912,0.076923,0.087912,1.777778,2.250000,1.142857,1.166667,1.000000
sub-21bdd5ba,0.258621,0.293103,0.120690,0.137931,0.189655,1.153846,1.214286,1.166667,1.000000,1.222222
sub-22622dde,0.277778,0.314815,0.157407,0.083333,0.166667,1.875000,2.000000,1.416667,1.000000,1.285714
sub-22c762ef,0.232000,0.208000,0.208000,0.200000,0.152000,1.933333,1.857143,1.733333,1.785714,1.583333
sub-23826a62,0.365854,0.317073,0.121951,0.056911,0.138211,2.368421,2.785714,1.363636,1.000000,1.888889
sub-23ae845f,0.247934,0.247934,0.115702,0.181818,0.206612,2.727273,1.875000,1.400000,1.833333,1.923077
sub-24458446,0.306818,0.272727,0.159091,0.113636,0.147727,1.588235,1.600000,1.272727,1.111111,1.083333
sub-24995e17,0.292035,0.256637,0.185841,0.088496,0.176991,1.941176,2.071429,1.615385,1.666667,1.666667
sub-24a7c6ca,0.137255,0.137255,0.235294,0.196078,0.294118,1.166667,1.166667,1.000000,1.111111,1.153846
sub-24c13105,0.184000,0.200000,0.136000,0.208000,0.272000,1.437500,1.666667,1.416667,2.166667,2.125000
sub-24ed9807,0.282258,0.258065,0.120968,0.104839,0.233871,2.500000,2.461538,1.363636,1.444444,2.230769
sub-257bbec9,0.322581,0.201613,0.274194,0.040323,0.161290,2.500000,2.083333,2.266667,1.000000,1.666667
sub-270cd2b7,0.218182,0.145455,0.254545,0.109091,0.272727,1.200000,1.142857,1.272727,1.000000,1.363636
sub-27aeb32c,0.312500,0.325000,0.187500,0.075000,0.100000,1.785714,2.000000,1.363636,1.000000,1.142857
sub-27e590b8,0.129870,0.129870,0.376623,0.051948,0.311688,1.250000,1.250000,1.812500,1.000000,1.600000
sub-28a0fdd3,0.157895,0.175439,0.245614,0.315789,0.105263,1.800000,1.818182,2.000000,1.894737,1.714286
sub-28c7360d,0.225000,0.191667,0.141667,0.241667,0.200000,1.687500,1.533333,1.416667,1.705882,1.714286
sub-29454e82,0.303030,0.318182,0.106061,0.151515,0.121212,1.428571,1.235294,1.000000,1.111111,1.142857
sub-2954dc06,0.383562,0.342466,0.082192,0.109589,0.082192,1.750000,1.666667,1.200000,1.142857,1.000000
sub-29855626,0.389381,0.433628,0.088496,0.053097,0.035398,2.750000,3.062500,1.250000,1.200000,1.333333
sub-29cb7cfb,0.355556,0.377778,0.088889,0.088889,0.088889,1.142857,1.214286,1.000000,1.000000,1.000000
sub-2a1d84ce,0.222222,0.222222,0.259259,0.222222,0.074074,1.090909,1.000000,1.166667,1.000000,1.000000
sub-2a6b2e84,0.252874,0.287356,0.137931,0.241379,0.080460,1.375000,1.666667,1.000000,1.400000,1.000000
sub-2a9aa446,0.408163,0.336735,0.081633,0.122449,0.051020,2.105263,1.833333,1.000000,1.090909,1.000000
sub-2b2dc874,0.052632,0.042105,0.263158,0.357895,0.284211,1.000000,1.333333,1.470588,2.428571,1.588235
sub-2b4ee1eb,0.248000,0.288000,0.152000,0.176000,0.136000,1.722222,1.894737,1.583333,1.571429,1.545455
sub-2b90d30e,0.379310,0.224138,0.120690,0.155172,0.120690,1.692308,1.300000,1.000000,1.000000,1.000000
sub-2bad3f29,0.279412,0.308824,0.088235,0.147059,0.176471,1.187500,1.235294,1.000000,1.111111,1.090909
sub-2bee75ef,0.333333,0.279279,0.153153,0.171171,0.063063,2.055556,1.631579,1.307692,1.461538,1.000000
sub-2ca8e629,0.224000,0.248000,0.104000,0.200000,0.224000,1.555556,1.722222,1.300000,1.562500,2.000000
sub-2cfd2032,0.217391,0.239130,0.195652,0.195652,0.152174,1.538462,1.833333,1.800000,1.636364,1.400000
sub-2d70f07a,0.304878,0.365854,0.073171,0.060976,0.195122,1.666667,1.875000,1.000000,1.000000,1.230769
sub-2e02a615,0.172131,0.196721,0.278689,0.188525,0.163934,1.500000,1.333333,2.125000,1.916667,2.000000
sub-2e2c9089,0.232000,0.248000,0.232000,0.152000,0.136000,1.611111,1.937500,1.812500,1.461538,1.545455
sub-2e3e0575,0.275362,0.275362,0.188406,0.072464,0.188406,1.461538,1.461538,1.444444,1.000000,1.444444
sub-2ec9ef3f,0.181818,0.272727,0.090909,0.290909,0.163636,1.111111,1.500000,1.000000,1.333333,1.000000
sub-2eea391b,0.200000,0.225000,0.287500,0.250000,0.037500,1.142857,1.125000,1.533333,1.428571,1.000000
sub-2f67216f,0.219512,0.268293,0.170732,0.146341,0.195122,1.125000,1.000000,1.000000,1.000000,1.000000
sub-2ffd1498,0.330357,0.330357,0.107143,0.133929,0.098214,1.947368,1.947368,1.200000,1.250000,1.222222
sub-300f964c,0.182927,0.182927,0.146341,0.268293,0.219512,1.153846,1.071429,1.090909,1.833333,1.384615
sub-30a73542,0.170732,0.195122,0.276423,0.170732,0.186992,1.750000,1.411765,2.125000,1.909091,1.533333
sub-30ab196e,0.283333,0.325000,0.133333,0.183333,0.075000,2.266667,2.294118,1.600000,1.466667,1.125000
sub-3109bf1c,0.253731,0.194030,0.268657,0.164179,0.119403,1.214286,1.300000,1.500000,1.222222,1.142857
sub-31394e7a,0.073171,0.146341,0.219512,0.292683,0.268293,1.000000,1.000000,1.125000,1.090909,1.100000
sub-3177bea8,0.336066,0.319672,0.081967,0.114754,0.147541,2.277778,2.052632,1.666667,1.400000,1.636364
sub-317bb08e,0.411765,0.382353,0.088235,0.029412,0.088235,2.000000,2.052632,1.125000,1.000000,1.125000
sub-3199a8c6,0.095238,0.166667,0.214286,0.404762,0.119048,1.333333,1.000000,1.000000,1.214286,1.000000
sub-31c71fe5,0.235294,0.235294,0.243697,0.210084,0.075630,1.866667,1.750000,1.526316,1.470588,1.125000
sub-329ec5d1,0.231707,0.207317,0.219512,0.085366,0.256098,1.583333,1.307692,1.800000,1.166667,1.750000
sub-32ad6734,0.319328,0.327731,0.126050,0.025210,0.201681,2.111111,2.294118,1.500000,1.000000,2.000000
sub-32b0b746,0.206897,0.241379,0.241379,0.293103,0.017241,1.333333,1.272727,1.166667,1.416667,1.000000
sub-3319088e,0.178571,0.250000,0.250000,0.190476,0.130952,1.500000,1.400000,1.500000,1.777778,1.222222
sub-333c69b6,0.078652,0.112360,0.325843,0.449438,0.033708,1.000000,1.250000,2.071429,2.666667,1.000000
sub-3380a3f8,0.315789,0.280702,0.140351,0.140351,0.122807,2.400000,2.133333,2.285714,1.600000,1.400000
sub-33aa81b1,0.384000,0.344000,0.072000,0.104000,0.096000,2.666667,2.687500,1.125000,1.625000,1.500000
sub-33fad75a,0.181818,0.207792,0.116883,0.272727,0.220779,1.166667,1.142857,1.000000,1.500000,1.307692
sub-3405c96d,0.294118,0.361345,0.109244,0.159664,0.075630,2.916667,3.071429,1.625000,1.727273,2.250000
sub-34416bde,0.140000,0.090000,0.170000,0.200000,0.400000,1.400000,1.000000,1.888889,1.428571,2.352941
sub-34458bb9,0.217742,0.177419,0.193548,0.217742,0.193548,2.454545,1.692308,1.846154,1.588235,1.600000
sub-34539ef6,0.322314,0.314050,0.181818,0.033058,0.148760,2.437500,2.111111,1.833333,1.000000,1.636364
sub-34568da1,0.282609,0.271739,0.119565,0.217391,0.108696,1.733333,1.470588,1.222222,1.250000,1.250000
sub-34834c97,0.113636,0.090909,0.136364,0.250000,0.409091,1.000000,1.000000,1.000000,1.100000,1.285714
sub-34b27343,0.293578,0.321101,0.183486,0.064220,0.137615,2.133333,1.842105,1.333333,1.166667,1.500000
sub-34eda375,0.304762,0.266667,0.133333,0.133333,0.161905,2.000000,1.647059,1.272727,1.400000,1.416667
sub-3513bb29,0.280488,0.304878,0.097561,0.158537,0.158537,1.533333,1.562500,1.142857,1.083333,1.000000
sub-351f5911,0.250000,0.269231,0.134615,0.144231,0.201923,1.625000,1.750000,1.555556,1.250000,1.750000
sub-353604a7,0.347826,0.304348,0.086957,0.130435,0.130435,1.411765,1.400000,1.200000,1.000000,1.285714
sub-3579c837,0.261364,0.238636,0.250000,0.147727,0.102273,1.769231,1.615385,1.466667,1.444444,1.285714
sub-363fef83,0.158333,0.108333,0.300000,0.208333,0.225000,1.727273,1.300000,2.250000,1.785714,2.250000
sub-364e27da,0.183099,0.183099,0.295775,0.183099,0.154930,1.181818,1.181818,1.500000,1.300000,1.222222
sub-36812311,0.274194,0.217742,0.225806,0.096774,0.185484,2.125000,1.928571,2.153846,1.200000,2.090909
sub-36e8c5ee,0.239669,0.190083,0.214876,0.107438,0.247934,2.230769,1.916667,1.857143,1.300000,2.500000
sub-372f7c97,0.130435,0.152174,0.239130,0.195652,0.282609,1.000000,1.000000,1.100000,1.000000,1.300000
sub-37370aac,0.210084,0.310924,0.168067,0.294118,0.016807,1.923077,2.312500,1.818182,2.500000,1.000000
sub-373f0ffd,0.276596,0.329787,0.085106,0.106383,0.202128,1.733333,1.722222,1.142857,1.250000,1.583333
sub-38428731,0.109091,0.118182,0.272727,0.181818,0.318182,1.200000,1.625000,2.000000,1.428571,2.058824
sub-390829f4,0.160000,0.180000,0.240000,0.240000,0.180000,1.142857,1.125000,1.000000,1.090909,1.125000
sub-3948081f,0.272000,0.224000,0.216000,0.168000,0.120000,1.888889,1.647059,1.800000,1.312500,1.153846
sub-395cc66e,0.236364,0.254545,0.181818,0.145455,0.181818,1.857143,1.750000,1.538462,1.600000,1.666667
sub-39df6d4d,0.168539,0.168539,0.258427,0.224719,0.179775,1.153846,1.363636,1.352941,1.428571,1.600000
sub-39e13aaf,0.336449,0.308411,0.102804,0.149533,0.102804,2.000000,1.941176,1.222222,1.333333,1.375000
sub-39ec2b3a,0.338710,0.354839,0.161290,0.129032,0.016129,2.333333,3.384615,1.333333,1.600000,1.000000
sub-3a64891e,0.231405,0.223140,0.190083,0.256198,0.099174,1.750000,1.800000,1.642857,1.722222,1.200000
sub-3ab13149,0.383333,0.383333,0.066667,0.091667,0.075000,2.421053,3.066667,1.333333,1.375000,1.285714
sub-3afc22be,0.307018,0.245614,0.131579,0.201754,0.114035,2.187500,1.750000,1.363636,1.642857,1.300000
sub-3b099e7c,0.302752,0.385321,0.082569,0.045872,0.183486,2.200000,2.470588,1.500000,1.000000,1.666667
sub-3b0bbcca,0.441176,0.411765,0.058824,0.039216,0.049020,2.368421,2.100000,1.000000,1.000000,1.000000
sub-3b897a16,0.340659,0.285714,0.186813,0.098901,0.087912,2.066667,1.857143,1.416667,1.285714,1.000000
sub-3bea84e7,0.231405,0.239669,0.173554,0.165289,0.190083,1.750000,1.812500,1.615385,1.538462,1.437500
sub-3c0c48f6,0.237113,0.175258,0.206186,0.175258,0.206186,1.437500,1.416667,1.428571,1.545455,1.333333
sub-3c412bbf,0.280000,0.248000,0.144000,0.240000,0.088000,2.058824,2.066667,1.800000,2.142857,1.375000
sub-3c46c07f,0.048000,0.080000,0.296000,0.312000,0.264000,1.500000,1.428571,2.176471,2.437500,2.200000
sub-3cc48bce,0.182692,0.173077,0.259615,0.201923,0.182692,1.357143,1.636364,1.928571,1.750000,1.357143
sub-3ccd2419,0.205882,0.205882,0.294118,0.132353,0.161765,1.400000,1.166667,1.333333,1.125000,1.100000
sub-3cdeee8a,0.233766,0.285714,0.168831,0.090909,0.220779,1.200000,1.692308,1.300000,1.166667,1.416667
sub-3d2a195e,0.188525,0.213115,0.286885,0.196721,0.114754,1.642857,1.733333,2.333333,1.846154,1.272727
sub-3dcc96bf,0.225490,0.205882,0.205882,0.225490,0.137255,1.642857,1.750000,1.750000,1.533333,1.400000
sub-3e8e8f70,0.371901,0.380165,0.090909,0.132231,0.024793,2.812500,2.555556,1.222222,1.230769,1.000000
sub-3ef55793,0.291667,0.291667,0.052083,0.197917,0.166667,2.153846,1.750000,1.000000,1.900000,1.777778
sub-3f20cb2f,0.172043,0.161290,0.301075,0.279570,0.086022,1.454545,1.363636,1.750000,1.529412,1.000000
sub-3f2c7881,0.223881,0.119403,0.104478,0.313433,0.238806,1.250000,1.000000,1.000000,1.615385,1.066667
sub-3f9845b7,0.214953,0.158879,0.186916,0.149533,0.289720,1.769231,1.416667,1.818182,1.333333,2.066667
sub-3fa321e5,0.314516,0.322581,0.088710,0.153226,0.120968,2.294118,2.105263,1.100000,1.583333,1.500000
sub-3fc89bdf,0.237288,0.220339,0.254237,0.220339,0.067797,1.400000,1.083333,1.500000,1.625000,1.000000
sub-3fdf00ec,0.378151,0.361345,0.126050,0.067227,0.067227,2.812500,2.866667,1.500000,1.000000,1.142857
sub-3fe4c8be,0.196721,0.163934,0.213115,0.278689,0.147541,1.090909,1.111111,1.083333,1.214286,1.000000
sub-3febaacb,0.209091,0.209091,0.145455,0.263636,0.172727,1.916667,1.769231,1.454545,1.611111,1.461538
sub-40480d87,0.303571,0.294643,0.142857,0.133929,0.125000,2.266667,2.062500,1.230769,1.500000,1.555556
sub-40a8af30,0.254098,0.237705,0.221311,0.081967,0.204918,2.214286,1.933333,1.800000,1.250000,1.923077
sub-40cd38aa,0.200000,0.208000,0.264000,0.256000,0.072000,1.666667,2.363636,2.357143,2.285714,1.000000
sub-4116e37f,0.338983,0.381356,0.093220,0.067797,0.118644,2.352941,2.500000,2.200000,1.142857,1.555556
sub-41837856,0.371901,0.380165,0.090909,0.082645,0.074380,2.368421,3.285714,1.222222,1.250000,1.285714
sub-41c65311,0.305785,0.289256,0.140496,0.190083,0.074380,1.761905,2.187500,1.700000,1.533333,1.500000
sub-41c80295,0.018182,0.109091,0.381818,0.363636,0.127273,1.000000,1.000000,1.615385,1.250000,1.166667
sub-41d5f210,0.111111,0.037037,0.333333,0.111111,0.407407,1.200000,1.000000,1.384615,1.200000,1.466667
sub-42313275,0.185841,0.221239,0.168142,0.221239,0.203540,1.615385,1.562500,1.357143,1.923077,1.533333
sub-424816de,0.194915,0.220339,0.254237,0.144068,0.186441,1.437500,1.529412,1.875000,1.545455,1.571429
sub-42be1b79,0.177419,0.193548,0.266129,0.282258,0.080645,1.692308,1.714286,2.357143,1.944444,1.428571
sub-42ff619b,0.185484,0.209677,0.169355,0.290323,0.145161,1.916667,2.363636,1.750000,2.117647,1.500000
sub-43223fee,0.282051,0.316239,0.145299,0.068376,0.188034,2.538462,2.176471,1.700000,2.000000,1.833333
sub-43687c63,0.148760,0.140496,0.272727,0.223140,0.214876,1.500000,1.700000,2.062500,2.076923,2.000000
sub-4377ba37,0.267606,0.267606,0.154930,0.112676,0.197183,1.461538,1.357143,1.222222,1.333333,1.166667
sub-43e6771c,0.184874,0.193277,0.184874,0.184874,0.252101,1.833333,1.769231,1.466667,1.692308,1.666667
sub-43fec3ba,0.213483,0.235955,0.146067,0.213483,0.191011,1.266667,1.400000,1.083333,1.187500,1.545455
sub-4507f914,0.224000,0.176000,0.272000,0.136000,0.192000,1.866667,1.692308,2.266667,1.700000,1.714286
sub-459d2f41,0.064815,0.111111,0.277778,0.259259,0.287037,1.166667,1.200000,1.666667,1.866667,2.066667
sub-459f502f,0.219178,0.260274,0.191781,0.260274,0.068493,1.454545,1.461538,1.555556,1.727273,1.000000
sub-45bcc689,0.336000,0.344000,0.136000,0.080000,0.104000,2.470588,2.529412,1.307692,1.250000,1.300000
sub-45c1d1f7,0.113043,0.182609,0.304348,0.313043,0.086957,1.444444,1.615385,1.944444,2.400000,1.250000
sub-45c73ddd,0.186441,0.042373,0.220339,0.271186,0.279661,1.466667,1.000000,1.625000,1.882353,1.736842
sub-45d3f841,0.252101,0.268908,0.235294,0.151261,0.092437,1.764706,1.684211,1.647059,1.636364,1.222222
sub-46dec161,0.180000,0.150000,0.250000,0.270000,0.150000,1.285714,1.500000,1.666667,1.928571,1.153846
sub-477fa3ad,0.427419,0.451613,0.016129,0.040323,0.064516,2.523810,2.666667,1.000000,1.000000,1.333333
sub-479ffa4f,0.144928,0.115942,0.391304,0.275362,0.072464,1.250000,1.333333,1.800000,1.461538,1.000000
sub-481c79cc,0.352459,0.336066,0.114754,0.090164,0.106557,2.150000,2.562500,1.400000,1.222222,1.444444
sub-48374184,0.227723,0.178218,0.257426,0.188119,0.148515,1.769231,1.500000,1.444444,1.461538,1.500000
sub-485dfbea,0.229730,0.256757,0.229730,0.094595,0.189189,1.416667,1.461538,1.307692,1.000000,1.166667
sub-485ec574,0.125000,0.150000,0.150000,0.341667,0.233333,1.363636,1.800000,1.200000,2.050000,2.000000
sub-486257c7,0.266055,0.211009,0.137615,0.183486,0.201835,1.812500,1.533333,1.363636,1.333333,2.000000
sub-48aef4b5,0.188034,0.145299,0.222222,0.179487,0.264957,2.000000,1.545455,2.000000,1.750000,2.214286
sub-48b8b0e4,0.336000,0.328000,0.144000,0.016000,0.176000,1.909091,2.411765,1.384615,1.000000,1.375000
sub-48deeaa7,0.328125,0.296875,0.078125,0.140625,0.156250,1.400000,1.187500,1.000000,1.000000,1.000000
sub-496a509f,0.137931,0.103448,0.367816,0.183908,0.206897,1.200000,1.285714,1.777778,1.333333,1.384615
sub-49efd909,0.250000,0.283333,0.100000,0.183333,0.183333,1.153846,1.214286,1.200000,1.222222,1.375000
sub-49f63af2,0.290323,0.236559,0.150538,0.086022,0.236559,1.928571,1.571429,1.272727,1.000000,1.466667
sub-4a3f09d6,0.370690,0.387931,0.077586,0.112069,0.051724,2.866667,2.812500,1.800000,1.444444,1.200000
sub-4ac4cb0a,0.183333,0.258333,0.216667,0.133333,0.208333,1.571429,1.722222,1.529412,1.454545,2.272727
sub-4ac8cb38,0.307018,0.263158,0.149123,0.210526,0.070175,2.187500,2.000000,1.416667,1.411765,1.000000
sub-4b1369b2,0.325000,0.225000,0.216667,0.133333,0.100000,2.052632,1.800000,1.733333,1.142857,1.000000
sub-4b356b3c,0.118644,0.169492,0.203390,0.372881,0.135593,1.400000,1.000000,1.500000,1.571429,1.142857
sub-4ba48d87,0.207547,0.216981,0.160377,0.207547,0.207547,1.571429,1.533333,1.133333,1.571429,1.833333
sub-4c422d32,0.228571,0.171429,0.161905,0.219048,0.219048,1.714286,1.500000,1.545455,1.769231,1.437500
sub-4cc4718f,0.465116,0.418605,0.093023,0.000000,0.023256,1.333333,1.384615,1.000000,NaN,1.000000
sub-4cff45db,0.118644,0.194915,0.237288,0.305085,0.144068,1.272727,1.769231,1.750000,1.565217,1.416667
sub-4d7b20c6,0.282258,0.233871,0.161290,0.258065,0.064516,2.187500,1.933333,1.818182,2.133333,1.333333
sub-4dc75872,0.218182,0.136364,0.190909,0.200000,0.254545,1.600000,1.363636,1.750000,1.466667,1.473684
sub-4ddbfa65,0.266667,0.300000,0.208333,0.158333,0.066667,2.461538,2.400000,2.272727,1.727273,2.000000
sub-4df0773d,0.238532,0.211009,0.155963,0.211009,0.183486,1.444444,1.642857,1.214286,1.533333,1.666667
sub-4e349387,0.137097,0.169355,0.282258,0.201613,0.209677,1.545455,1.615385,1.842105,1.666667,2.363636
sub-4e43f365,0.062500,0.125000,0.390625,0.406250,0.015625,1.000000,1.142857,1.666667,1.625000,1.000000
sub-4e658572,0.175439,0.219298,0.219298,0.210526,0.175439,1.428571,1.562500,1.470588,1.846154,1.428571
sub-4e6e7db0,0.192000,0.144000,0.216000,0.264000,0.184000,1.714286,1.285714,1.800000,1.650000,1.533333
sub-4e9d2d10,0.193277,0.193277,0.176471,0.302521,0.134454,1.642857,1.769231,1.312500,2.000000,1.600000
sub-4ea3be7a,0.273810,0.309524,0.119048,0.154762,0.142857,1.769231,1.733333,1.428571,1.300000,1.090909
sub-4ead75cf,0.306931,0.356436,0.069307,0.138614,0.128713,2.214286,2.000000,1.400000,1.272727,1.181818
sub-4eb75032,0.315217,0.293478,0.163043,0.097826,0.130435,1.812500,1.800000,1.666667,1.500000,1.333333
sub-4f49b1b4,0.200000,0.191304,0.278261,0.182609,0.147826,1.769231,1.375000,1.882353,1.500000,1.545455
sub-4f51173e,0.173333,0.093333,0.306667,0.253333,0.173333,1.181818,1.000000,1.769231,1.461538,1.625000
sub-4f5238cb,0.266129,0.225806,0.185484,0.153226,0.169355,1.941176,1.866667,1.916667,1.583333,1.750000
sub-4f52e463,0.298246,0.228070,0.175439,0.192982,0.105263,1.133333,1.300000,1.111111,1.222222,1.200000
sub-4fc3e74e,0.155172,0.172414,0.284483,0.241379,0.146552,1.800000,1.666667,2.062500,2.000000,1.416667
sub-4fc5145f,0.260000,0.300000,0.200000,0.060000,0.180000,1.181818,1.500000,1.111111,1.000000,1.000000
sub-4fc822e3,0.275000,0.258333,0.191667,0.191667,0.083333,1.941176,2.066667,1.533333,1.642857,1.666667
sub-501a5ca8,0.299145,0.196581,0.256410,0.205128,0.042735,1.944444,1.769231,2.142857,1.600000,1.000000
sub-503252d4,0.193277,0.218487,0.235294,0.210084,0.142857,2.090909,2.000000,1.647059,1.666667,1.545455
sub-50537bb4,0.085470,0.076923,0.017094,0.393162,0.427350,1.666667,1.500000,1.000000,3.066667,2.777778
sub-50dcaf86,0.257732,0.216495,0.226804,0.061856,0.237113,1.562500,1.615385,1.692308,1.200000,1.642857
sub-512e75ea,0.252174,0.252174,0.200000,0.208696,0.086957,1.933333,1.705882,1.533333,1.411765,1.428571
sub-5176c157,0.279070,0.302326,0.209302,0.209302,0.000000,1.200000,1.083333,1.125000,1.000000,NaN
sub-51e8ab97,0.210526,0.228070,0.236842,0.228070,0.096491,1.600000,1.733333,1.588235,1.625000,1.375000
sub-5205b2fb,0.287356,0.310345,0.149425,0.114943,0.137931,1.785714,1.928571,1.444444,1.666667,1.500000
sub-525c3545,0.315217,0.250000,0.141304,0.173913,0.119565,1.812500,1.916667,1.625000,1.454545,1.222222
sub-529a0294,0.144068,0.135593,0.347458,0.262712,0.110169,1.416667,1.454545,2.733333,2.066667,1.300000
sub-52a829d7,0.213592,0.203883,0.242718,0.203883,0.135922,1.571429,1.500000,1.562500,1.750000,1.166667
sub-52aa46c0,0.352381,0.333333,0.142857,0.066667,0.104762,2.176471,1.944444,1.071429,1.400000,1.222222
sub-52bbae05,0.192982,0.236842,0.184211,0.166667,0.219298,1.375000,1.500000,1.400000,1.583333,1.470588
sub-52cd90b2,0.122449,0.081633,0.244898,0.326531,0.224490,1.000000,1.000000,1.200000,1.454545,1.375000
sub-53072377,0.254237,0.271186,0.194915,0.152542,0.127119,2.500000,2.133333,1.437500,1.636364,1.250000
sub-5346a1ba,0.087912,0.076923,0.153846,0.351648,0.329670,1.000000,1.000000,1.166667,1.882353,2.000000
sub-534f8709,0.295918,0.306122,0.112245,0.153061,0.132653,1.812500,1.764706,1.222222,1.363636,1.444444
sub-542ae25a,0.245098,0.245098,0.225490,0.166667,0.117647,2.272727,1.666667,2.090909,1.545455,1.333333
sub-5447d53e,0.139785,0.096774,0.311828,0.333333,0.118280,1.444444,1.125000,1.933333,1.937500,1.833333
sub-554535d0,0.325203,0.349593,0.105691,0.097561,0.121951,2.500000,2.388889,1.181818,1.333333,1.500000
sub-5568cf0b,0.254098,0.295082,0.131148,0.213115,0.106557,2.583333,2.000000,1.333333,1.857143,1.181818
sub-5575829d,0.362319,0.376812,0.115942,0.043478,0.101449,1.562500,1.733333,1.000000,1.000000,1.400000
sub-559c0e69,0.103093,0.113402,0.309278,0.206186,0.268041,1.000000,1.222222,1.875000,1.333333,1.625000
sub-563b43ed,0.184874,0.176471,0.268908,0.285714,0.084034,1.466667,1.500000,2.461538,2.125000,1.111111
sub-565f562c,0.254098,0.270492,0.090164,0.131148,0.254098,2.384615,2.200000,1.222222,1.454545,2.066667
sub-56c7496a,0.230769,0.261538,0.169231,0.215385,0.123077,1.250000,1.700000,1.375000,1.166667,1.142857
sub-56e0ac2b,0.308943,0.260163,0.186992,0.146341,0.097561,1.900000,1.684211,1.533333,1.384615,1.714286
sub-56fb32cf,0.185185,0.209877,0.209877,0.123457,0.271605,1.250000,1.416667,1.416667,1.111111,1.375000
sub-57636d13,0.240506,0.253165,0.151899,0.240506,0.113924,1.461538,1.538462,1.333333,1.461538,1.000000
sub-576cf5b1,0.168224,0.196262,0.186916,0.205607,0.242991,1.500000,1.615385,1.666667,1.692308,2.166667
sub-5785591b,0.292683,0.227642,0.211382,0.121951,0.146341,2.250000,1.866667,1.529412,1.666667,2.000000
sub-57c4e05a,0.312500,0.321429,0.160714,0.089286,0.116071,2.058824,2.000000,1.800000,1.250000,1.300000
sub-57c8968f,0.275000,0.300000,0.108333,0.141667,0.175000,2.062500,2.000000,1.181818,1.700000,1.750000
sub-583b83af,0.230769,0.188034,0.179487,0.264957,0.136752,1.687500,1.571429,1.400000,1.722222,1.454545
sub-585b8040,0.333333,0.300000,0.150000,0.083333,0.133333,2.500000,2.571429,1.800000,1.250000,1.600000
sub-588d313c,0.241379,0.310345,0.189655,0.137931,0.120690,1.272727,1.058824,1.222222,1.142857,1.000000
sub-58de2806,0.316239,0.401709,0.119658,0.085470,0.076923,1.947368,2.238095,1.272727,1.111111,1.500000
sub-596a32bf,0.214286,0.190476,0.333333,0.214286,0.047619,1.000000,1.142857,1.272727,1.000000,1.000000
sub-59d3b6ea,0.222222,0.191919,0.202020,0.131313,0.252525,1.375000,1.461538,1.333333,1.181818,1.666667
sub-5a17c30b,0.245763,0.194915,0.313559,0.050847,0.194915,1.812500,1.533333,2.055556,1.200000,1.769231
sub-5a1bf2c5,0.169492,0.169492,0.271186,0.203390,0.186441,1.111111,1.250000,1.230769,1.333333,1.000000
sub-5a2e3da1,0.232558,0.220930,0.197674,0.197674,0.151163,1.250000,1.357143,1.133333,1.214286,1.444444
sub-5a312fd5,0.302752,0.266055,0.146789,0.247706,0.036697,2.062500,1.812500,1.454545,1.588235,1.333333
sub-5ac87eeb,0.221311,0.270492,0.155738,0.229508,0.122951,2.076923,1.736842,1.727273,1.555556,1.250000
sub-5b32d62f,0.285714,0.285714,0.169643,0.142857,0.116071,2.000000,2.000000,1.461538,1.454545,1.083333
sub-5bf7016d,0.363636,0.322314,0.132231,0.033058,0.148760,2.588235,2.294118,1.600000,1.333333,1.500000
sub-5c5475c5,0.129310,0.094828,0.275862,0.224138,0.275862,1.363636,1.375000,2.133333,2.000000,2.133333
sub-5c99d342,0.200000,0.192000,0.144000,0.288000,0.176000,1.785714,1.600000,1.800000,1.894737,2.200000
sub-5ca5829f,0.276423,0.195122,0.227642,0.186992,0.113821,2.000000,2.000000,2.153846,1.916667,1.166667
sub-5cd51685,0.088608,0.139241,0.240506,0.291139,0.240506,1.166667,1.100000,1.900000,1.533333,1.583333
sub-5d1e130f,0.358974,0.358974,0.076923,0.085470,0.119658,2.000000,2.470588,1.125000,1.111111,1.272727
sub-5dd303b2,0.333333,0.422764,0.105691,0.056911,0.081301,2.277778,2.888889,1.181818,1.400000,1.428571
sub-5e1d9c42,0.272000,0.248000,0.168000,0.112000,0.200000,2.000000,1.823529,1.615385,1.750000,1.785714
sub-5e1f7ed3,0.376000,0.320000,0.144000,0.120000,0.040000,2.238095,2.222222,1.500000,1.363636,1.000000
sub-5e3c3afb,0.320000,0.344000,0.088000,0.144000,0.104000,2.222222,2.263158,1.000000,1.384615,1.444444
sub-5e51d572,0.109091,0.127273,0.327273,0.327273,0.109091,1.200000,1.000000,1.285714,1.384615,1.000000
sub-5e9dcb61,0.211382,0.203252,0.154472,0.219512,0.211382,2.166667,1.666667,1.900000,1.800000,2.000000
sub-5ef7c611,0.318182,0.306818,0.102273,0.068182,0.204545,1.750000,1.800000,1.125000,1.000000,1.636364
sub-5f032887,0.235294,0.196078,0.235294,0.117647,0.215686,1.090909,1.250000,1.090909,1.000000,1.100000
sub-5f0402f7,0.254098,0.336066,0.090164,0.155738,0.163934,1.937500,2.411765,1.222222,1.583333,1.538462
sub-5f1d259b,0.235294,0.218487,0.210084,0.193277,0.142857,1.647059,1.625000,1.562500,1.533333,1.888889
sub-60c87b50,0.241379,0.224138,0.068966,0.189655,0.275862,1.166667,1.300000,1.000000,1.222222,1.333333
sub-60e4dbc3,0.288000,0.264000,0.184000,0.136000,0.128000,2.117647,2.062500,1.437500,1.545455,1.454545
sub-6104407d,0.328000,0.256000,0.144000,0.096000,0.176000,2.277778,2.000000,1.636364,1.090909,1.833333
sub-6112bc46,0.147059,0.176471,0.205882,0.279412,0.191176,1.000000,1.090909,1.076923,1.583333,1.083333
sub-614b9e3e,0.347368,0.336842,0.126316,0.105263,0.084211,2.062500,1.684211,1.200000,1.250000,1.142857
sub-6155c1e5,0.366071,0.321429,0.098214,0.116071,0.098214,1.952381,2.250000,1.100000,1.444444,1.100000
sub-615d62df,0.256757,0.337838,0.135135,0.229730,0.040541,1.461538,1.785714,1.250000,1.416667,1.500000
sub-61d78bb2,0.048000,0.096000,0.344000,0.320000,0.192000,1.200000,1.333333,2.529412,2.666667,1.846154
sub-61eac6f3,0.341667,0.316667,0.091667,0.125000,0.125000,2.277778,2.000000,1.375000,1.666667,1.666667
sub-629c251b,0.232143,0.294643,0.276786,0.053571,0.142857,1.733333,2.062500,2.214286,1.500000,1.454545
sub-6308aaa8,0.217391,0.202899,0.275362,0.289855,0.014493,1.500000,1.272727,1.727273,1.538462,1.000000
sub-633e6b98,0.294118,0.352941,0.137255,0.196078,0.019608,1.153846,1.285714,1.000000,1.111111,1.000000
sub-63a7b87c,0.302521,0.319328,0.126050,0.117647,0.134454,2.117647,2.375000,1.500000,1.272727,1.333333
sub-64a3a945,0.401639,0.344262,0.098361,0.090164,0.065574,2.450000,2.800000,1.500000,1.100000,1.333333
sub-64fc196a,0.236111,0.208333,0.180556,0.347222,0.027778,1.214286,1.666667,1.181818,1.470588,1.000000
sub-65a6bc4c,0.391667,0.383333,0.050000,0.100000,0.075000,2.764706,3.066667,1.500000,1.090909,1.500000
sub-65ecc1be,0.292453,0.235849,0.292453,0.132075,0.047170,1.937500,1.923077,1.937500,1.400000,2.500000
sub-663ac8a2,0.113208,0.141509,0.132075,0.283019,0.330189,1.090909,1.500000,1.400000,1.666667,1.944444
sub-66512678,0.275000,0.225000,0.050000,0.225000,0.225000,1.100000,1.125000,1.000000,1.000000,1.125000
sub-66675fc2,0.239130,0.173913,0.173913,0.195652,0.217391,1.375000,1.333333,1.454545,1.384615,1.666667
sub-6677628c,0.333333,0.361905,0.142857,0.161905,0.000000,2.058824,2.000000,1.363636,1.545455,NaN
sub-66c1d953,0.247788,0.168142,0.168142,0.194690,0.221239,1.866667,1.583333,1.583333,1.692308,1.562500
sub-66deda53,0.292683,0.329268,0.158537,0.048780,0.170732,1.263158,1.500000,1.181818,1.000000,1.272727
sub-67ae9678,0.339623,0.349057,0.094340,0.150943,0.066038,2.117647,1.947368,1.111111,1.230769,1.166667
sub-6823669d,0.209302,0.232558,0.255814,0.209302,0.093023,1.125000,1.111111,1.222222,1.125000,1.000000
sub-682e92c6,0.202899,0.173913,0.260870,0.260870,0.101449,1.272727,1.333333,1.636364,1.285714,1.400000
sub-683beff3,0.166667,0.203704,0.240741,0.277778,0.111111,1.125000,1.100000,1.300000,1.250000,1.000000
sub-685b7d1e,0.219178,0.232877,0.123288,0.178082,0.246575,1.142857,1.545455,1.125000,1.181818,1.636364
sub-68dd5689,0.255319,0.287234,0.159574,0.106383,0.191489,1.411765,1.687500,1.071429,1.428571,1.285714
sub-6915f78a,0.115942,0.101449,0.275362,0.275362,0.231884,1.142857,1.000000,1.266667,1.357143,1.142857
sub-691a4577,0.201835,0.211009,0.238532,0.256881,0.091743,2.000000,1.769231,2.000000,2.545455,1.428571
sub-692b19b9,0.217391,0.289855,0.173913,0.101449,0.217391,1.071429,1.428571,1.200000,1.166667,1.153846
sub-6944d2a3,0.329412,0.282353,0.117647,0.129412,0.141176,1.866667,1.600000,1.250000,1.375000,1.200000
sub-69480fce,0.223404,0.127660,0.319149,0.159574,0.170213,1.500000,1.200000,2.142857,1.500000,1.230769
sub-6af6e0f1,0.156522,0.147826,0.226087,0.321739,0.147826,1.285714,1.307692,1.857143,2.312500,1.545455
sub-6b6b9836,0.198276,0.189655,0.284483,0.155172,0.172414,1.642857,1.571429,2.200000,1.636364,1.538462
sub-6b6e11f5,0.215909,0.261364,0.227273,0.125000,0.170455,1.461538,2.090909,1.333333,1.375000,1.363636
sub-6b998730,0.284483,0.198276,0.206897,0.137931,0.172414,2.062500,1.642857,1.333333,1.230769,2.000000
sub-6bc464da,0.279661,0.237288,0.177966,0.203390,0.101695,2.062500,2.000000,1.615385,1.714286,1.333333
sub-6bd517ea,0.168317,0.108911,0.227723,0.306931,0.188119,1.545455,1.375000,1.769231,2.214286,1.727273
sub-6bd58939,0.245614,0.219298,0.219298,0.122807,0.192982,2.153846,1.923077,2.083333,1.272727,2.000000
sub-6bdfd645,0.325000,0.341667,0.133333,0.108333,0.091667,2.166667,1.863636,1.454545,1.300000,1.100000
sub-6c6a1f71,0.098361,0.180328,0.163934,0.327869,0.229508,1.200000,1.375000,1.250000,1.333333,1.272727
sub-6c813377,0.112245,0.122449,0.142857,0.244898,0.377551,1.222222,1.500000,1.166667,1.500000,2.312500
sub-6c86dde0,0.269231,0.346154,0.115385,0.115385,0.153846,1.866667,2.117647,1.200000,1.333333,1.142857
sub-6ce2c563,0.266129,0.322581,0.112903,0.185484,0.112903,1.833333,1.904762,1.166667,1.437500,1.555556
sub-6ce2fd06,0.297030,0.277228,0.148515,0.138614,0.138614,2.000000,2.000000,1.250000,1.400000,1.272727
sub-6cee4e1a,0.325843,0.303371,0.179775,0.044944,0.146067,1.705882,1.928571,1.230769,1.000000,1.300000
sub-6cffa7ab,0.084034,0.159664,0.352941,0.327731,0.075630,1.111111,1.583333,2.100000,2.052632,1.285714
sub-6d1c00b7,0.378151,0.294118,0.100840,0.100840,0.126050,2.812500,2.333333,1.500000,1.333333,1.875000
sub-6d36bb8b,0.264151,0.245283,0.188679,0.150943,0.150943,1.400000,1.444444,1.428571,1.600000,1.333333
sub-6d602a07,0.247934,0.247934,0.198347,0.198347,0.107438,2.307692,2.000000,1.600000,1.600000,1.625000
sub-6d6b950c,0.161017,0.093220,0.186441,0.211864,0.347458,1.727273,1.100000,2.000000,1.785714,2.411765
sub-6d76b349,0.203704,0.166667,0.203704,0.185185,0.240741,1.222222,1.000000,1.222222,1.250000,1.181818
sub-6db06aa3,0.279661,0.322034,0.135593,0.101695,0.161017,2.062500,2.111111,1.230769,1.500000,1.461538
sub-6ddb196d,0.228070,0.210526,0.254386,0.140351,0.166667,1.857143,2.000000,1.705882,2.000000,1.461538
sub-6de5446e,0.154545,0.154545,0.290909,0.245455,0.154545,1.416667,1.545455,1.882353,1.687500,1.416667
sub-6e5fa079,0.228916,0.228916,0.240964,0.120482,0.180723,1.583333,1.461538,1.428571,1.428571,1.363636
sub-6e7b5c24,0.222222,0.188889,0.300000,0.211111,0.077778,1.666667,1.214286,1.687500,1.583333,1.000000
sub-6fb0f8d7,0.313043,0.304348,0.139130,0.121739,0.121739,2.250000,2.187500,1.454545,1.555556,1.272727
sub-6fb39ec0,0.268293,0.211382,0.146341,0.243902,0.130081,3.300000,2.363636,1.800000,2.142857,2.000000
sub-70d49e3d,0.252525,0.242424,0.131313,0.252525,0.121212,1.562500,1.846154,1.444444,1.562500,1.090909
sub-716525e1,0.330000,0.360000,0.110000,0.100000,0.100000,1.833333,2.117647,1.375000,1.428571,1.111111
sub-71b4b2c4,0.292035,0.238938,0.132743,0.176991,0.159292,1.736842,1.800000,1.250000,1.666667,1.500000
sub-726c5c90,0.188525,0.180328,0.262295,0.245902,0.122951,1.533333,2.200000,2.285714,2.000000,1.666667
sub-72783f7b,0.368421,0.377193,0.096491,0.105263,0.052632,3.000000,3.071429,1.375000,1.500000,1.000000
sub-72a38adb,0.074627,0.104478,0.238806,0.313433,0.268657,1.000000,1.000000,1.230769,1.312500,1.500000
sub-730420ef,0.324074,0.333333,0.074074,0.111111,0.157407,1.666667,1.800000,1.142857,1.090909,1.545455
sub-7313c72c,0.354839,0.346774,0.104839,0.064516,0.129032,2.750000,2.529412,1.000000,1.142857,1.454545
sub-733cb8fe,0.358333,0.358333,0.058333,0.075000,0.150000,2.150000,2.687500,1.000000,1.500000,1.636364
sub-737f0fee,0.260417,0.218750,0.229167,0.239583,0.052083,1.666667,1.500000,1.571429,1.769231,1.250000
sub-73c6811b,0.118421,0.171053,0.328947,0.328947,0.052632,1.285714,1.300000,1.923077,1.785714,1.000000
sub-745f0879,0.322581,0.370968,0.129032,0.080645,0.096774,1.538462,1.437500,1.000000,1.000000,1.000000
sub-75251924,0.153846,0.179487,0.294872,0.282051,0.089744,1.200000,1.166667,1.533333,1.571429,1.000000
sub-752a59c6,0.207317,0.219512,0.097561,0.256098,0.219512,1.416667,1.800000,1.142857,1.750000,1.384615
sub-756d664c,0.205607,0.233645,0.252336,0.177570,0.130841,1.375000,1.388889,1.687500,1.900000,1.272727
sub-75b501f4,0.360000,0.330000,0.110000,0.060000,0.140000,1.894737,1.941176,1.100000,1.000000,1.400000
sub-75bb5553,0.288000,0.224000,0.192000,0.192000,0.104000,2.250000,2.000000,1.714286,1.600000,1.083333
sub-76e13175,0.150442,0.185841,0.176991,0.247788,0.238938,1.307692,1.615385,1.538462,1.750000,1.687500
sub-7747c61c,0.159574,0.148936,0.319149,0.265957,0.106383,1.250000,1.555556,2.142857,1.666667,1.428571
sub-7757fd50,0.171429,0.142857,0.328571,0.157143,0.200000,1.200000,1.111111,1.642857,1.100000,1.076923
sub-77c583ae,0.219780,0.285714,0.164835,0.186813,0.142857,2.000000,1.625000,1.153846,1.307692,1.083333
sub-77cb3435,0.106796,0.058252,0.223301,0.223301,0.388350,1.100000,1.200000,1.533333,1.769231,2.222222
sub-7814effe,0.155340,0.116505,0.223301,0.262136,0.242718,1.600000,1.200000,1.916667,1.687500,1.666667
sub-78ebedd2,0.317073,0.292683,0.162602,0.081301,0.146341,2.294118,2.000000,1.428571,1.250000,1.500000
sub-793cb691,0.224138,0.284483,0.181034,0.232759,0.077586,2.000000,1.650000,1.615385,1.687500,1.285714
sub-7954d561,0.105263,0.105263,0.263158,0.245614,0.280702,1.000000,1.200000,1.071429,1.272727,1.066667
sub-7a1418be,0.155963,0.110092,0.321101,0.229358,0.183486,1.307692,1.714286,2.333333,2.272727,1.818182
sub-7a9bd64f,0.264463,0.280992,0.115702,0.198347,0.140496,2.133333,2.266667,1.750000,2.000000,1.545455
sub-7adaf0db,0.280000,0.312000,0.120000,0.064000,0.224000,2.187500,2.166667,1.250000,1.142857,2.000000
sub-7aee16bc,0.201613,0.209677,0.241935,0.298387,0.048387,1.785714,1.857143,1.764706,2.055556,1.000000
sub-7b18b386,0.400000,0.346667,0.053333,0.106667,0.093333,2.000000,1.444444,1.000000,1.142857,1.000000
sub-7b21550b,0.227723,0.237624,0.287129,0.029703,0.217822,1.533333,1.411765,1.526316,1.000000,1.375000
sub-7bb3c4d7,0.314516,0.306452,0.145161,0.201613,0.032258,2.294118,1.900000,1.500000,1.562500,1.333333
sub-7c447b7f,0.235849,0.235849,0.207547,0.254717,0.066038,1.923077,1.923077,1.466667,1.687500,1.000000
sub-7c89df60,0.220930,0.151163,0.267442,0.034884,0.325581,1.357143,1.300000,1.437500,1.000000,1.866667
sub-7cc7ef7f,0.317647,0.341176,0.176471,0.035294,0.129412,1.928571,1.611111,1.500000,1.000000,1.375000
sub-7cd8552d,0.216867,0.192771,0.337349,0.060241,0.192771,1.500000,1.230769,2.000000,1.000000,1.333333
sub-7d1a4a50,0.345679,0.283951,0.148148,0.086420,0.135802,1.555556,1.437500,1.090909,1.000000,1.222222
sub-7d1efb79,0.330435,0.330435,0.130435,0.078261,0.130435,2.235294,2.111111,1.153846,1.285714,1.500000
sub-7d9b9cd6,0.163793,0.224138,0.163793,0.198276,0.250000,1.187500,1.857143,1.727273,1.916667,1.611111
sub-7e17b2e0,0.207207,0.279279,0.234234,0.153153,0.126126,1.210526,1.823529,1.368421,1.307692,1.166667
sub-7e6092e9,0.125000,0.178571,0.142857,0.303571,0.250000,1.000000,1.250000,1.000000,1.214286,1.076923
sub-7eea71d8,0.256000,0.208000,0.200000,0.112000,0.224000,1.600000,1.857143,1.666667,1.555556,2.000000
sub-7f1a99a8,0.333333,0.226190,0.226190,0.142857,0.071429,1.555556,1.357143,1.187500,1.090909,1.200000
sub-7f3a85eb,0.286885,0.327869,0.147541,0.114754,0.122951,1.842105,2.105263,1.384615,1.166667,1.500000
sub-7f94c42b,0.213592,0.242718,0.213592,0.262136,0.067961,1.692308,1.562500,1.692308,1.687500,1.166667
sub-7fee8697,0.151515,0.131313,0.272727,0.252525,0.191919,1.250000,1.625000,1.687500,2.083333,1.461538
sub-8012fd9b,0.333333,0.282051,0.153846,0.128205,0.102564,1.733333,1.294118,1.200000,1.111111,1.142857
sub-8044a762,0.088889,0.111111,0.155556,0.377778,0.266667,1.000000,1.250000,1.166667,1.214286,1.000000
sub-8085a954,0.180180,0.153153,0.270270,0.225225,0.171171,1.818182,1.700000,1.875000,2.083333,1.727273
sub-80894abd,0.223214,0.151786,0.285714,0.098214,0.241071,1.562500,1.545455,1.882353,1.375000,2.250000
sub-810edeef,0.277778,0.277778,0.166667,0.120370,0.157407,2.000000,2.000000,1.636364,1.444444,1.545455
sub-818c4a36,0.219298,0.236842,0.219298,0.192982,0.131579,2.083333,1.588235,1.666667,1.375000,1.363636
sub-81d23338,0.402062,0.319588,0.092784,0.092784,0.092784,2.166667,1.823529,1.285714,1.285714,1.000000
sub-82746982,0.333333,0.284553,0.162602,0.154472,0.065041,2.277778,2.187500,1.666667,1.583333,1.000000
sub-82825229,0.168000,0.232000,0.104000,0.304000,0.192000,1.400000,1.611111,1.444444,2.375000,1.333333
sub-829d3b5f,0.310345,0.356322,0.137931,0.103448,0.091954,1.800000,1.937500,1.333333,1.125000,1.333333
sub-83080cc6,0.224719,0.202247,0.213483,0.112360,0.247191,1.666667,1.500000,1.461538,1.000000,1.466667
sub-83285a20,0.276786,0.258929,0.160714,0.223214,0.080357,1.937500,2.071429,1.384615,1.785714,1.500000
sub-83586c4d,0.092593,0.083333,0.194444,0.305556,0.324074,1.250000,1.000000,2.100000,1.833333,2.333333
sub-83ae2faf,0.312500,0.265625,0.171875,0.109375,0.140625,1.538462,1.307692,1.100000,1.000000,1.500000
sub-83db705c,0.273504,0.273504,0.205128,0.128205,0.119658,2.285714,2.285714,2.000000,1.363636,1.400000
sub-83fee1a8,0.242718,0.174757,0.271845,0.281553,0.029126,1.562500,1.500000,1.750000,1.705882,1.000000
sub-8411712f,0.325000,0.308333,0.100000,0.141667,0.125000,2.052632,2.055556,1.333333,1.545455,1.153846
sub-8428de6b,0.309091,0.290909,0.072727,0.127273,0.200000,1.214286,1.230769,1.000000,1.166667,1.222222
sub-84691a8d,0.164706,0.129412,0.317647,0.152941,0.235294,1.272727,1.000000,1.800000,1.181818,1.538462
sub-850c9540,0.215190,0.202532,0.240506,0.126582,0.215190,1.307692,1.230769,1.357143,1.111111,1.700000
sub-852c0f5b,0.218750,0.218750,0.281250,0.177083,0.104167,1.400000,1.400000,1.687500,1.545455,1.428571
sub-85592030,0.085106,0.138298,0.340426,0.223404,0.212766,1.142857,1.181818,1.882353,1.615385,1.428571
sub-8566bafc,0.336000,0.360000,0.080000,0.120000,0.104000,2.625000,2.500000,1.428571,1.250000,1.300000
sub-85e64ddb,0.302521,0.285714,0.134454,0.193277,0.084034,2.250000,2.266667,1.777778,1.916667,1.250000
sub-861893b0,0.258621,0.267241,0.034483,0.250000,0.189655,2.000000,1.722222,1.333333,1.933333,1.692308
sub-8654789d,0.275862,0.224138,0.181034,0.232759,0.086207,2.000000,1.733333,1.400000,1.687500,1.428571
sub-86be733a,0.192000,0.192000,0.136000,0.240000,0.240000,2.000000,1.714286,1.545455,2.000000,2.000000
sub-87561528,0.306122,0.316327,0.091837,0.122449,0.163265,1.764706,2.066667,1.125000,1.200000,1.230769
sub-876fc880,0.383178,0.345794,0.140187,0.093458,0.037383,2.928571,2.846154,1.500000,1.111111,1.333333
sub-88925b80,0.390244,0.317073,0.081301,0.065041,0.146341,3.000000,2.785714,1.111111,1.142857,1.800000
sub-88bfc200,0.274510,0.264706,0.147059,0.156863,0.156863,2.333333,1.800000,1.666667,1.454545,1.600000
sub-88dc1dcf,0.206612,0.165289,0.239669,0.247934,0.140496,1.923077,1.538462,1.933333,2.000000,1.545455
sub-8904b7ad,0.333333,0.323810,0.152381,0.123810,0.066667,2.187500,2.266667,1.333333,1.625000,1.000000
sub-89977442,0.196429,0.196429,0.303571,0.214286,0.089286,1.222222,1.100000,1.307692,1.090909,1.250000
sub-89e0a235,0.265060,0.265060,0.192771,0.072289,0.204819,1.294118,1.466667,1.454545,1.000000,1.214286
sub-8a8e58c7,0.294643,0.267857,0.133929,0.142857,0.160714,1.650000,1.875000,1.363636,1.142857,1.636364
sub-8ab1fb97,0.301370,0.273973,0.095890,0.136986,0.191781,1.375000,1.250000,1.166667,1.250000,1.076923
sub-8ae25413,0.179487,0.222222,0.256410,0.162393,0.179487,1.750000,1.529412,1.666667,1.583333,1.750000
sub-8b339985,0.176000,0.136000,0.176000,0.304000,0.208000,1.692308,1.545455,1.571429,2.235294,1.529412
sub-8b5c184b,0.308333,0.316667,0.150000,0.116667,0.108333,2.176471,2.533333,1.636364,1.555556,1.444444
sub-8bed797c,0.225225,0.225225,0.261261,0.153153,0.135135,1.666667,1.315789,1.705882,1.307692,1.666667
sub-8c27b6a0,0.319149,0.244681,0.159574,0.212766,0.063830,2.000000,1.642857,1.363636,1.666667,1.200000
sub-8c4414a7,0.055556,0.111111,0.277778,0.402778,0.152778,1.000000,1.142857,1.666667,1.812500,1.375000
sub-8c4e9db4,0.125000,0.116667,0.116667,0.233333,0.408333,1.666667,1.166667,1.272727,1.866667,2.722222
sub-8c5de839,0.193878,0.183673,0.214286,0.214286,0.193878,1.266667,1.384615,1.235294,1.615385,1.187500
sub-8c9437ca,0.377778,0.377778,0.111111,0.066667,0.066667,1.133333,1.214286,1.000000,1.000000,1.000000
sub-8c9f12d7,0.322581,0.298387,0.137097,0.129032,0.112903,2.352941,2.312500,1.416667,1.600000,2.000000
sub-8cb711d8,0.304878,0.304878,0.134146,0.097561,0.158537,1.388889,1.470588,1.100000,1.000000,1.444444
sub-8cf9cabb,0.131148,0.147541,0.245902,0.237705,0.237705,1.600000,1.500000,1.764706,2.071429,2.230769
sub-8d089883,0.370968,0.370968,0.072581,0.064516,0.120968,2.875000,3.285714,1.285714,1.600000,1.875000
sub-8dd8aae9,0.296000,0.256000,0.200000,0.112000,0.136000,2.466667,2.285714,1.562500,1.272727,1.545455
sub-8e2bf258,0.256410,0.273504,0.179487,0.111111,0.179487,1.578947,1.777778,1.312500,1.181818,1.750000
sub-8ea25180,0.234694,0.285714,0.102041,0.183673,0.193878,1.533333,1.750000,1.250000,1.384615,1.357143
sub-8ed3da91,0.268293,0.235772,0.178862,0.113821,0.203252,2.062500,1.933333,1.692308,1.400000,1.666667
sub-8ed731e8,0.368421,0.368421,0.105263,0.031579,0.126316,2.333333,2.500000,1.111111,1.000000,1.200000
sub-8ef356b5,0.256881,0.220183,0.192661,0.137615,0.192661,1.647059,1.846154,1.500000,1.250000,1.615385
sub-8f4474ef,0.386555,0.260504,0.126050,0.058824,0.168067,2.090909,1.937500,1.666667,1.166667,1.538462
sub-8f7715d7,0.300000,0.211111,0.122222,0.200000,0.166667,1.500000,1.357143,1.222222,2.250000,1.250000
sub-8f875876,0.189189,0.175676,0.243243,0.270270,0.121622,1.272727,1.444444,1.800000,2.222222,1.285714
sub-8fc60c3e,0.205128,0.256410,0.282051,0.205128,0.051282,1.230769,1.176471,1.571429,1.454545,1.333333
sub-8fec9609,0.154472,0.186992,0.211382,0.219512,0.227642,1.583333,1.533333,2.166667,2.250000,2.000000
sub-901564ff,0.266667,0.200000,0.233333,0.141667,0.158333,1.777778,1.500000,1.866667,1.133333,1.583333
sub-90647b29,0.288136,0.296610,0.135593,0.177966,0.101695,2.428571,2.333333,1.600000,1.500000,1.500000
sub-90716faf,0.132530,0.120482,0.180723,0.325301,0.240964,1.222222,1.428571,1.363636,1.588235,1.428571
sub-9092ef73,0.236364,0.309091,0.163636,0.109091,0.181818,1.181818,1.307692,1.125000,1.000000,1.111111
sub-9096f672,0.229508,0.278689,0.172131,0.147541,0.172131,2.153846,1.619048,1.500000,1.500000,1.615385
sub-90eaa6c9,0.276596,0.382979,0.085106,0.127660,0.127660,1.083333,1.200000,1.000000,1.000000,1.000000
sub-90fb217e,0.316239,0.350427,0.111111,0.102564,0.119658,2.466667,2.157895,1.083333,1.200000,1.750000
sub-917ef236,0.129630,0.083333,0.287037,0.342593,0.157407,1.400000,1.000000,1.937500,1.947368,1.700000
sub-91afcb45,0.180723,0.253012,0.156627,0.301205,0.108434,1.363636,1.400000,1.625000,1.666667,1.125000
sub-91b76f88,0.291667,0.291667,0.125000,0.138889,0.152778,1.400000,1.615385,1.125000,1.428571,1.375000
sub-91f6cb54,0.176991,0.185841,0.300885,0.238938,0.097345,1.428571,1.500000,2.125000,1.421053,1.000000
sub-923f6d69,0.174757,0.194175,0.320388,0.223301,0.087379,1.636364,1.538462,2.062500,1.533333,1.500000
sub-92645ffb,0.254902,0.274510,0.127451,0.205882,0.137255,1.733333,1.750000,1.625000,1.615385,1.400000
sub-9314f13e,0.185185,0.209877,0.234568,0.222222,0.148148,1.363636,1.062500,1.187500,1.500000,1.200000
sub-93b15938,0.202703,0.256757,0.162162,0.216216,0.162162,1.363636,1.461538,1.200000,1.600000,1.200000
sub-93f05d08,0.176991,0.123894,0.238938,0.265487,0.194690,2.000000,1.555556,1.687500,1.875000,1.571429
sub-94035ab0,0.182692,0.221154,0.230769,0.278846,0.086538,1.461538,1.437500,1.714286,1.611111,1.285714
sub-941fc5cd,0.229358,0.266055,0.192661,0.146789,0.165138,1.562500,2.071429,1.500000,1.333333,1.636364
sub-945bf396,0.222222,0.141414,0.252525,0.262626,0.121212,1.692308,1.555556,2.083333,1.733333,1.200000
sub-94785f0d,0.330275,0.348624,0.091743,0.119266,0.110092,2.000000,2.235294,1.111111,1.181818,1.090909
sub-9484da79,0.136364,0.170455,0.193182,0.295455,0.204545,1.200000,1.363636,1.307692,1.733333,1.636364
sub-9504cb5a,0.252033,0.235772,0.121951,0.219512,0.170732,2.384615,1.933333,1.250000,1.928571,1.615385
sub-950d9af4,0.163636,0.218182,0.209091,0.236364,0.172727,1.636364,2.000000,1.769231,2.000000,1.461538
sub-95206ec5,0.273585,0.254717,0.226415,0.103774,0.141509,1.611111,1.687500,1.500000,1.375000,1.363636
sub-9579fc69,0.178082,0.150685,0.246575,0.232877,0.191781,1.181818,1.222222,1.636364,1.416667,1.166667
sub-96188e61,0.292453,0.292453,0.160377,0.047170,0.207547,1.722222,1.937500,1.307692,1.250000,1.692308
sub-965e0b39,0.198347,0.148760,0.247934,0.297521,0.107438,1.600000,1.500000,1.666667,2.000000,1.300000
sub-9677d29e,0.305263,0.273684,0.157895,0.168421,0.094737,1.526316,1.625000,1.363636,1.333333,1.125000
sub-96af5d3c,0.211382,0.260163,0.203252,0.235772,0.089431,2.166667,2.133333,1.562500,1.933333,1.375000
sub-97594e87,0.311475,0.303279,0.073770,0.098361,0.213115,2.000000,2.312500,1.125000,1.714286,1.529412
sub-976c58d9,0.223140,0.165289,0.132231,0.181818,0.297521,1.588235,1.428571,1.600000,1.833333,1.894737
sub-97910eaf,0.280000,0.336000,0.160000,0.144000,0.080000,1.944444,2.000000,1.428571,1.384615,1.000000
sub-97cf1a68,0.377049,0.385246,0.081967,0.122951,0.032787,2.421053,2.238095,1.000000,1.363636,1.000000
sub-985ef253,0.333333,0.333333,0.050000,0.116667,0.166667,2.500000,2.666667,1.200000,1.400000,1.818182
sub-98d3f087,0.201613,0.201613,0.193548,0.161290,0.241935,1.562500,2.272727,1.500000,1.428571,2.142857
sub-99b5018c,0.336066,0.352459,0.131148,0.131148,0.049180,2.157895,2.150000,1.142857,1.333333,1.200000
sub-99eeeb14,0.252427,0.242718,0.233010,0.097087,0.174757,1.625000,1.562500,1.500000,1.428571,1.500000
sub-9a791d03,0.129630,0.129630,0.268519,0.324074,0.148148,1.272727,1.400000,2.230769,2.333333,1.333333
sub-9a7bb6e8,0.296610,0.296610,0.101695,0.152542,0.152542,2.187500,2.500000,1.500000,1.636364,1.384615
sub-9aa5814f,0.284483,0.327586,0.129310,0.086207,0.172414,2.538462,2.533333,1.363636,1.250000,1.428571
sub-9acb1fd7,0.238938,0.212389,0.212389,0.194690,0.141593,1.928571,1.846154,1.600000,1.692308,1.454545
sub-9b2c8458,0.319672,0.336066,0.081967,0.147541,0.114754,2.600000,2.157895,1.111111,1.636364,1.555556
sub-9b353500,0.147368,0.147368,0.284211,0.263158,0.157895,1.400000,1.400000,1.800000,1.785714,1.363636
sub-9b74c8eb,0.256410,0.153846,0.162393,0.170940,0.256410,1.764706,1.500000,1.461538,1.538462,1.875000
sub-9b76802e,0.300000,0.200000,0.220000,0.080000,0.200000,1.363636,1.111111,1.222222,1.000000,1.000000
sub-9b8257bc,0.224000,0.216000,0.168000,0.232000,0.160000,1.866667,1.928571,1.500000,2.230769,1.538462
sub-9bcea9fc,0.250000,0.266129,0.201613,0.112903,0.169355,1.937500,1.941176,1.666667,1.555556,1.500000
sub-9c80ad67,0.281818,0.181818,0.136364,0.245455,0.154545,2.066667,1.818182,1.363636,1.800000,1.545455
sub-9d44a037,0.203540,0.185841,0.230088,0.238938,0.141593,1.437500,1.500000,1.857143,1.285714,1.600000
sub-9d4ff737,0.296000,0.344000,0.104000,0.136000,0.120000,2.176471,2.529412,1.857143,1.416667,1.363636
sub-9d61a3eb,0.306818,0.227273,0.215909,0.068182,0.181818,1.800000,1.250000,1.461538,1.500000,1.333333
sub-9d8846de,0.154930,0.169014,0.225352,0.154930,0.295775,1.222222,1.333333,1.230769,1.000000,1.500000
sub-9d8fced5,0.225225,0.198198,0.216216,0.171171,0.189189,1.562500,1.571429,1.263158,1.583333,2.100000
sub-9db0a7f0,0.216000,0.232000,0.168000,0.232000,0.152000,2.076923,2.071429,1.615385,1.705882,1.727273
sub-9dbf5788,0.192982,0.271930,0.175439,0.228070,0.131579,1.466667,2.384615,1.333333,1.857143,1.250000
sub-9e0ea943,0.222222,0.185185,0.296296,0.271605,0.024691,1.384615,1.500000,1.600000,1.571429,1.000000
sub-9e24a8ff,0.310924,0.302521,0.126050,0.075630,0.184874,2.312500,2.250000,1.250000,1.500000,1.692308
sub-9e2b9c23,0.130081,0.154472,0.268293,0.300813,0.146341,1.454545,1.461538,1.736842,2.312500,1.800000
sub-9e34055d,0.219512,0.260163,0.203252,0.073171,0.243902,1.500000,1.882353,1.470588,1.125000,1.875000
sub-9e6499e6,0.340000,0.340000,0.120000,0.100000,0.100000,1.789474,2.000000,1.000000,1.111111,1.666667
sub-9e88a570,0.096774,0.129032,0.290323,0.241935,0.241935,1.000000,1.000000,1.500000,1.500000,1.363636
sub-9ea1ceca,0.049020,0.058824,0.362745,0.352941,0.176471,1.000000,1.200000,1.850000,2.117647,1.384615
sub-9fb17436,0.298851,0.310345,0.114943,0.137931,0.137931,1.625000,1.350000,1.428571,1.200000,1.090909
sub-a069f6ed,0.330275,0.311927,0.137615,0.064220,0.155963,2.400000,2.266667,1.250000,1.166667,2.125000
sub-a1093cbb,0.217742,0.201613,0.241935,0.225806,0.112903,1.800000,1.666667,1.764706,1.750000,1.272727
sub-a10bcedd,0.239130,0.173913,0.141304,0.239130,0.206522,1.692308,1.333333,1.444444,1.466667,1.266667
sub-a10cac19,0.220183,0.256881,0.137615,0.146789,0.238532,1.714286,2.000000,1.363636,2.000000,1.625000
sub-a129f7e8,0.108333,0.150000,0.158333,0.358333,0.225000,1.300000,1.285714,1.727273,2.866667,2.076923
sub-a12abf72,0.333333,0.285714,0.130952,0.095238,0.154762,1.647059,1.500000,1.100000,1.333333,1.300000
sub-a1b620d8,0.268041,0.319588,0.185567,0.082474,0.144330,2.166667,2.066667,1.500000,1.600000,1.166667
sub-a1b767d5,0.316667,0.316667,0.083333,0.175000,0.108333,2.375000,2.375000,1.666667,1.750000,1.300000
sub-a1b9680d,0.160000,0.160000,0.210000,0.220000,0.250000,1.333333,1.333333,1.615385,1.833333,1.666667
sub-a2097526,0.050000,0.125000,0.125000,0.375000,0.325000,1.000000,1.111111,1.250000,1.500000,1.625000
sub-a21927f3,0.258333,0.258333,0.125000,0.191667,0.166667,1.631579,1.937500,1.363636,1.437500,1.538462
sub-a2944031,0.252033,0.227642,0.178862,0.252033,0.089431,1.722222,2.000000,1.692308,2.066667,1.571429
sub-a358a3a4,0.252033,0.243902,0.186992,0.186992,0.130081,1.631579,1.764706,1.916667,1.642857,1.454545
sub-a37de315,0.258065,0.298387,0.185484,0.153226,0.104839,2.000000,1.850000,1.533333,1.461538,1.444444
sub-a3a2b217,0.145455,0.218182,0.200000,0.218182,0.218182,1.142857,1.200000,1.000000,1.090909,1.333333
sub-a40e8135,0.191781,0.246575,0.136986,0.123288,0.301370,1.166667,1.636364,1.250000,1.500000,1.571429
sub-a44221e6,0.356436,0.287129,0.158416,0.099010,0.099010,2.117647,1.933333,1.333333,1.111111,1.666667
sub-a499063f,0.216667,0.233333,0.266667,0.100000,0.183333,1.181818,1.272727,1.333333,1.000000,1.222222
sub-a4b79d0f,0.400000,0.244444,0.066667,0.155556,0.133333,1.285714,1.000000,1.500000,1.166667,1.000000
sub-a4dfe556,0.220339,0.228814,0.161017,0.135593,0.254237,2.166667,2.076923,1.461538,1.333333,2.142857
sub-a54f7b78,0.211864,0.228814,0.237288,0.067797,0.254237,1.923077,1.800000,1.647059,1.333333,1.875000
sub-a568e7d2,0.232759,0.224138,0.275862,0.077586,0.189655,2.250000,1.444444,2.133333,1.285714,1.833333
sub-a62cd127,0.307692,0.307692,0.142857,0.120879,0.120879,1.866667,1.866667,1.300000,1.100000,1.222222
sub-a68050b1,0.294643,0.321429,0.125000,0.178571,0.080357,2.538462,2.000000,1.166667,1.538462,1.125000
sub-a6845558,0.207547,0.245283,0.254717,0.216981,0.075472,1.571429,1.733333,1.588235,1.769231,1.142857
sub-a6fbbfc9,0.212121,0.227273,0.227273,0.181818,0.151515,1.555556,1.500000,1.363636,1.200000,1.111111
sub-a703404d,0.389831,0.415254,0.050847,0.067797,0.076271,2.875000,2.882353,1.500000,1.333333,1.125000
sub-a71c7da1,0.264000,0.288000,0.216000,0.128000,0.104000,1.833333,2.400000,1.687500,1.230769,1.181818
sub-a728fc66,0.160000,0.232000,0.280000,0.248000,0.080000,1.538462,1.812500,2.187500,1.631579,1.666667
sub-a76e64fe,0.136986,0.082192,0.260274,0.342466,0.178082,1.250000,1.000000,1.357143,1.785714,1.300000
sub-a776f0bc,0.253968,0.269841,0.222222,0.079365,0.174603,1.333333,1.133333,1.166667,1.000000,1.100000
sub-a7d28b7c,0.270492,0.319672,0.139344,0.188525,0.081967,1.736842,2.052632,1.214286,1.277778,1.111111
sub-a8082cd3,0.209524,0.228571,0.266667,0.152381,0.142857,1.466667,1.846154,1.647059,1.230769,1.250000
sub-a921246d,0.237705,0.245902,0.188525,0.237705,0.090164,1.933333,1.666667,1.437500,1.705882,1.375000
sub-a93794f2,0.317073,0.292683,0.040650,0.178862,0.170732,2.294118,2.400000,1.250000,1.833333,1.500000
sub-aa6ddfbb,0.219048,0.180952,0.209524,0.180952,0.209524,1.642857,1.461538,1.294118,1.461538,1.571429
sub-aa8a3cb1,0.185484,0.266129,0.233871,0.201613,0.112903,1.437500,2.062500,1.705882,1.923077,1.400000
sub-aab026ac,0.154639,0.134021,0.288660,0.298969,0.123711,1.363636,1.300000,1.555556,1.705882,1.333333
sub-ab6ee487,0.054545,0.054545,0.290909,0.236364,0.363636,1.000000,1.000000,1.454545,1.300000,1.428571
sub-ab99f3ae,0.208333,0.183333,0.233333,0.175000,0.200000,1.470588,1.692308,1.750000,1.615385,1.600000
sub-aba69b83,0.367347,0.285714,0.142857,0.061224,0.142857,1.384615,1.076923,1.000000,1.500000,1.166667
sub-ac05b320,0.151515,0.101010,0.262626,0.191919,0.292929,1.363636,1.000000,1.444444,1.583333,1.812500
sub-acf4a0a9,0.269231,0.282051,0.141026,0.141026,0.166667,1.400000,1.466667,1.222222,1.100000,1.444444
sub-ad9ff17c,0.238938,0.203540,0.176991,0.159292,0.221239,1.500000,1.642857,1.428571,1.200000,1.785714
sub-ae1c4ac0,0.132075,0.113208,0.339623,0.358491,0.056604,1.000000,1.000000,1.285714,1.266667,1.000000
sub-aec865ff,0.191667,0.200000,0.258333,0.225000,0.125000,1.533333,1.714286,1.823529,1.500000,1.363636
sub-aefe2b86,0.208000,0.232000,0.168000,0.232000,0.160000,1.625000,1.933333,1.750000,2.416667,1.818182
sub-af240e16,0.243902,0.260163,0.195122,0.138211,0.162602,1.764706,2.133333,1.846154,1.545455,1.666667
sub-af434b5d,0.169811,0.141509,0.198113,0.301887,0.188679,1.384615,1.500000,1.615385,2.000000,1.818182
sub-af7fa8b2,0.212389,0.203540,0.230088,0.238938,0.115044,1.714286,1.642857,1.733333,1.800000,1.181818
sub-afb13951,0.258621,0.275862,0.120690,0.206897,0.137931,1.500000,1.230769,1.400000,1.090909,1.142857
sub-aff59dff,0.153226,0.161290,0.306452,0.233871,0.145161,1.266667,1.428571,1.900000,1.705882,1.500000
sub-b012e893,0.163934,0.172131,0.295082,0.237705,0.131148,1.428571,1.615385,1.714286,1.705882,1.600000
sub-b08c1f61,0.300000,0.291667,0.125000,0.141667,0.141667,2.571429,2.187500,1.500000,1.888889,1.545455
sub-b0eed788,0.361702,0.361702,0.127660,0.042553,0.106383,1.888889,1.700000,1.200000,1.333333,1.250000
sub-b117f65e,0.351064,0.351064,0.085106,0.106383,0.106383,2.062500,2.062500,1.142857,1.111111,1.111111
sub-b2ac5f9e,0.258065,0.298387,0.217742,0.161290,0.064516,1.777778,2.176471,1.687500,1.818182,1.142857
sub-b317bcc8,0.192000,0.224000,0.264000,0.216000,0.104000,2.181818,1.866667,1.941176,1.687500,1.857143
sub-b363e5d9,0.179245,0.235849,0.094340,0.207547,0.283019,1.187500,1.923077,1.250000,1.571429,1.764706
sub-b3854719,0.200000,0.208000,0.176000,0.176000,0.240000,1.562500,1.625000,1.466667,1.466667,2.307692
sub-b3ae415f,0.264000,0.272000,0.152000,0.152000,0.160000,1.941176,2.000000,1.357143,1.461538,2.000000
sub-b3bde5cc,0.229167,0.187500,0.166667,0.208333,0.208333,1.571429,1.500000,1.454545,1.538462,1.818182
sub-b3df074c,0.069565,0.095652,0.252174,0.269565,0.313043,1.333333,1.100000,1.705882,1.722222,2.117647
sub-b4669213,0.277311,0.285714,0.193277,0.058824,0.184874,1.941176,1.888889,1.642857,1.000000,1.571429
sub-b4671281,0.125000,0.125000,0.269231,0.326923,0.153846,1.444444,1.181818,1.473684,1.888889,1.333333
sub-b481fb9d,0.319672,0.245902,0.196721,0.090164,0.147541,2.052632,1.875000,1.500000,1.000000,1.384615
sub-b5c1cb94,0.054545,0.009091,0.154545,0.318182,0.463636,1.200000,1.000000,1.888889,1.842105,2.684211
sub-b7328dba,0.132075,0.169811,0.264151,0.264151,0.169811,1.272727,1.384615,1.647059,1.647059,1.500000
sub-b76b7e8d,0.195122,0.170732,0.048780,0.292683,0.292683,1.142857,1.000000,1.000000,1.200000,1.090909
sub-b76cf101,0.271028,0.233645,0.102804,0.149533,0.242991,1.933333,1.666667,1.375000,1.777778,1.529412
sub-b79be773,0.311475,0.336066,0.098361,0.147541,0.106557,2.111111,2.277778,1.200000,1.500000,1.300000
sub-b7ddd33f,0.244444,0.233333,0.166667,0.144444,0.211111,1.466667,1.235294,1.500000,1.083333,1.187500
sub-b82b95dd,0.256881,0.256881,0.165138,0.192661,0.128440,2.153846,1.647059,1.500000,1.615385,1.400000
sub-b84803bf,0.322314,0.305785,0.107438,0.165289,0.099174,2.166667,1.850000,1.625000,1.538462,1.090909
sub-b85c090a,0.144144,0.144144,0.270270,0.270270,0.171171,1.230769,1.600000,2.307692,1.875000,1.461538
sub-b8a61685,0.197368,0.276316,0.171053,0.171053,0.184211,1.363636,1.400000,1.181818,1.181818,1.750000
sub-b8e0a9a5,0.250000,0.285714,0.190476,0.130952,0.142857,1.615385,1.600000,1.333333,1.222222,1.200000
sub-b950b436,0.262712,0.262712,0.177966,0.177966,0.118644,2.066667,1.937500,1.500000,1.312500,1.555556
sub-b9667750,0.291667,0.225000,0.158333,0.066667,0.258333,2.058824,1.687500,1.583333,1.000000,1.937500
sub-b987e5c4,0.243590,0.243590,0.243590,0.179487,0.089744,1.357143,1.357143,1.266667,1.272727,1.166667
sub-b9f8cd4b,0.258333,0.300000,0.175000,0.116667,0.150000,2.066667,2.000000,1.615385,1.272727,1.636364
sub-ba3277f2,0.327869,0.311475,0.139344,0.090164,0.131148,2.222222,1.900000,1.416667,1.222222,1.454545
sub-ba56b6ca,0.205357,0.205357,0.116071,0.258929,0.214286,1.533333,1.437500,1.625000,1.933333,1.600000
sub-ba827232,0.302632,0.250000,0.197368,0.105263,0.144737,1.642857,1.461538,1.250000,1.142857,1.833333
sub-ba8b2709,0.258621,0.232759,0.215517,0.181034,0.112069,2.142857,1.800000,1.785714,1.312500,1.625000
sub-bacb2baa,0.208791,0.197802,0.219780,0.098901,0.274725,1.583333,1.500000,1.538462,1.125000,1.666667
sub-badec2c8,0.352941,0.310924,0.134454,0.075630,0.126050,2.333333,2.176471,1.230769,1.125000,1.153846
sub-bae3ff6c,0.044776,0.104478,0.298507,0.253731,0.298507,1.000000,1.000000,1.250000,1.214286,1.250000
sub-baf53535,0.215517,0.293103,0.163793,0.224138,0.103448,1.562500,1.619048,1.266667,1.857143,1.090909
sub-baf8d2e7,0.266667,0.275000,0.183333,0.141667,0.133333,2.000000,1.650000,1.571429,1.545455,1.333333
sub-bb0c5b34,0.068376,0.068376,0.341880,0.290598,0.230769,1.142857,1.600000,2.000000,2.000000,1.800000
sub-bbad4adc,0.181818,0.209091,0.254545,0.227273,0.127273,1.333333,1.533333,1.750000,1.470588,1.555556
sub-bbd1c58b,0.293333,0.226667,0.173333,0.160000,0.146667,1.222222,1.545455,1.181818,1.200000,1.222222
sub-bc95a335,0.125000,0.078125,0.296875,0.343750,0.156250,1.000000,1.250000,1.461538,1.692308,1.111111
sub-bcbc742a,0.241379,0.224138,0.129310,0.258621,0.146552,1.647059,1.857143,1.153846,1.578947,1.545455
sub-bd1fa320,0.317308,0.288462,0.211538,0.144231,0.038462,2.357143,2.307692,1.466667,1.666667,1.333333
sub-bdd5be7e,0.350877,0.403509,0.070175,0.078947,0.096491,2.105263,2.300000,1.142857,1.000000,1.375000
sub-bdf448af,0.266129,0.217742,0.161290,0.177419,0.177419,1.941176,1.928571,1.428571,1.692308,1.571429
sub-be11549d,0.209091,0.254545,0.200000,0.136364,0.200000,1.642857,2.000000,1.375000,1.666667,1.692308
sub-be3e3f39,0.316667,0.266667,0.150000,0.125000,0.141667,2.533333,2.285714,1.500000,1.500000,1.307692
sub-bf2215fd,0.292453,0.216981,0.226415,0.216981,0.047170,1.823529,1.916667,2.400000,1.642857,1.250000
sub-bf23e532,0.206897,0.206897,0.181034,0.215517,0.189655,1.600000,2.000000,1.750000,1.666667,1.692308
sub-bf675255,0.290909,0.263636,0.100000,0.090909,0.254545,2.000000,1.812500,1.000000,1.250000,1.750000
sub-bf8006d0,0.177419,0.185484,0.120968,0.258065,0.258065,1.571429,1.916667,1.500000,2.285714,1.684211
sub-bfd08f6e,0.400000,0.344000,0.080000,0.040000,0.136000,2.631579,2.150000,1.250000,1.000000,1.545455
sub-bfeb12b9,0.150000,0.100000,0.325000,0.000000,0.425000,1.000000,1.000000,1.181818,NaN,1.133333
sub-c0b2c562,0.282609,0.326087,0.163043,0.076087,0.152174,1.625000,1.875000,1.363636,1.166667,1.166667
sub-c1df6983,0.271186,0.288136,0.194915,0.177966,0.067797,2.000000,1.888889,1.352941,1.400000,1.142857
sub-c20f83ee,0.144068,0.161017,0.211864,0.262712,0.220339,1.700000,1.583333,1.785714,2.214286,1.857143
sub-c210b68c,0.266667,0.238095,0.171429,0.142857,0.180952,1.866667,2.083333,1.636364,1.875000,1.583333
sub-c2521f04,0.294118,0.270588,0.152941,0.152941,0.129412,1.562500,1.533333,1.000000,1.181818,1.222222
sub-c25d1a8e,0.333333,0.313131,0.161616,0.050505,0.141414,2.200000,2.384615,1.454545,1.250000,1.272727
sub-c26e55bb,0.158416,0.148515,0.316832,0.168317,0.207921,1.142857,1.153846,2.133333,1.416667,1.615385
sub-c2c97c8f,0.322581,0.247312,0.129032,0.107527,0.193548,1.875000,1.437500,1.200000,1.111111,1.500000
sub-c2e5cbcb,0.310345,0.333333,0.149425,0.103448,0.103448,1.800000,1.933333,1.181818,1.500000,1.000000
sub-c2ff1ab8,0.092437,0.142857,0.294118,0.277311,0.193277,1.222222,1.416667,2.058824,1.833333,1.642857
sub-c34ed4ce,0.306122,0.306122,0.163265,0.061224,0.163265,1.153846,1.153846,1.142857,1.000000,1.142857
sub-c3c62849,0.319672,0.270492,0.163934,0.065574,0.180328,1.950000,1.736842,1.250000,1.333333,1.466667
sub-c3e64802,0.333333,0.333333,0.138211,0.105691,0.089431,2.411765,2.157895,1.307692,1.444444,1.222222
sub-c46b226c,0.187500,0.187500,0.208333,0.208333,0.208333,1.000000,1.000000,1.250000,1.000000,1.250000
sub-c4847e59,0.259615,0.326923,0.134615,0.125000,0.153846,1.800000,2.266667,1.166667,1.300000,1.454545
sub-c4852797,0.232000,0.256000,0.184000,0.184000,0.144000,2.230769,2.000000,1.437500,1.533333,1.500000
sub-c5361f39,0.095652,0.156522,0.200000,0.278261,0.269565,1.375000,1.285714,1.769231,2.285714,1.937500
sub-c5b15a9c,0.141304,0.195652,0.271739,0.195652,0.195652,1.444444,1.285714,1.666667,1.800000,1.500000
sub-c5be11b4,0.250000,0.238636,0.204545,0.238636,0.068182,1.571429,1.909091,1.500000,1.312500,1.000000
sub-c6067bf1,0.355932,0.313559,0.144068,0.059322,0.127119,2.000000,2.176471,1.214286,1.000000,1.250000
sub-c62bf411,0.383333,0.400000,0.066667,0.100000,0.050000,2.090909,1.846154,1.000000,1.200000,1.000000
sub-c70590fd,0.094828,0.129310,0.086207,0.387931,0.301724,1.100000,1.666667,1.111111,2.250000,2.187500
sub-c8209d6c,0.380531,0.389381,0.079646,0.079646,0.070796,2.866667,2.315789,1.125000,1.500000,1.333333
sub-c86d49c9,0.288136,0.254237,0.084746,0.186441,0.186441,1.416667,1.153846,1.000000,1.222222,1.222222
sub-c8afc8aa,0.144578,0.096386,0.349398,0.168675,0.240964,1.200000,1.142857,1.611111,1.272727,1.818182
sub-c8b05e81,0.344444,0.344444,0.077778,0.155556,0.077778,1.937500,2.384615,1.166667,1.400000,1.166667
sub-c8c5d7a3,0.273504,0.256410,0.119658,0.145299,0.205128,1.882353,2.142857,1.400000,1.416667,1.846154
sub-c8e4e16a,0.280000,0.240000,0.120000,0.130000,0.230000,1.555556,1.500000,1.333333,1.300000,1.916667
sub-c8f57d40,0.236842,0.271930,0.228070,0.131579,0.131579,2.250000,2.214286,2.363636,1.363636,1.500000
sub-c9c11d4f,0.134454,0.134454,0.075630,0.310924,0.344538,1.454545,1.600000,1.285714,2.176471,2.562500
sub-c9cf8bdb,0.309524,0.333333,0.047619,0.166667,0.142857,1.300000,1.076923,1.000000,1.000000,1.000000
sub-c9e2f056,0.166667,0.177083,0.302083,0.208333,0.145833,1.600000,1.214286,1.705882,1.818182,1.555556
sub-ca7beb92,0.355140,0.355140,0.140187,0.084112,0.065421,2.235294,2.111111,1.500000,1.285714,1.166667
sub-cab70ce6,0.326316,0.347368,0.178947,0.084211,0.063158,1.631579,1.941176,1.133333,1.142857,1.200000
sub-cb0dc161,0.295082,0.286885,0.172131,0.106557,0.139344,2.400000,2.058824,1.615385,1.625000,1.700000
sub-cb5b6306,0.254098,0.204918,0.245902,0.098361,0.196721,2.066667,1.923077,2.307692,1.333333,1.846154
sub-cb923e06,0.231405,0.190083,0.231405,0.338843,0.008264,1.647059,1.916667,1.866667,2.157895,1.000000
sub-cbbfd413,0.314050,0.363636,0.074380,0.132231,0.115702,2.375000,2.095238,1.285714,1.142857,1.400000
sub-ccbad9d3,0.247423,0.288660,0.185567,0.175258,0.103093,1.714286,1.866667,1.384615,1.307692,1.428571
sub-cdf017d8,0.075269,0.075269,0.247312,0.301075,0.301075,1.166667,1.166667,1.533333,1.555556,1.647059
sub-ce750484,0.276423,0.252033,0.138211,0.048780,0.284553,2.428571,2.818182,1.700000,1.200000,2.500000
sub-ce7557cd,0.286885,0.303279,0.073770,0.131148,0.204918,2.692308,2.312500,1.285714,1.454545,1.562500
sub-ce94d8e0,0.130081,0.154472,0.195122,0.252033,0.268293,1.777778,1.461538,1.411765,1.722222,2.062500
sub-ce9b62aa,0.220779,0.233766,0.181818,0.168831,0.194805,1.307692,1.384615,1.166667,1.444444,1.250000
sub-cf22611c,0.309524,0.238095,0.238095,0.142857,0.071429,1.181818,1.111111,1.111111,1.000000,1.000000
sub-cf96c936,0.176471,0.218487,0.285714,0.193277,0.126050,1.500000,2.000000,2.000000,1.642857,1.250000
sub-cfc821c0,0.423423,0.414414,0.072072,0.063063,0.027027,3.133333,3.066667,1.142857,1.166667,1.000000
sub-cfc90fc2,0.309735,0.283186,0.194690,0.123894,0.088496,1.944444,1.882353,1.692308,1.400000,1.250000
sub-cff4915b,0.303030,0.313131,0.141414,0.131313,0.111111,1.666667,2.066667,1.076923,1.181818,1.000000
sub-d0036534,0.289855,0.362319,0.057971,0.144928,0.144928,1.250000,1.666667,1.000000,1.250000,1.111111
sub-d04b3811,0.216000,0.264000,0.152000,0.168000,0.200000,1.800000,1.833333,1.727273,1.400000,1.470588
sub-d0af181f,0.394366,0.408451,0.056338,0.056338,0.084507,1.400000,1.705882,1.000000,1.333333,1.200000
sub-d0ccda46,0.241667,0.191667,0.150000,0.141667,0.275000,2.230769,1.769231,1.384615,1.700000,2.062500
sub-d10de4ad,0.253165,0.189873,0.215190,0.291139,0.050633,1.666667,1.666667,1.700000,1.642857,1.000000
sub-d1342c50,0.133333,0.173333,0.320000,0.106667,0.266667,1.000000,1.300000,1.411765,1.000000,1.538462
sub-d145ffa8,0.208696,0.234783,0.269565,0.200000,0.086957,1.500000,1.687500,1.823529,1.533333,1.428571
sub-d19a4e50,0.042553,0.074468,0.372340,0.287234,0.223404,1.333333,1.166667,2.333333,1.928571,1.909091
sub-d1d5df0d,0.338710,0.282258,0.137097,0.104839,0.137097,2.333333,2.500000,1.416667,1.300000,1.888889
sub-d2205a7c,0.309091,0.236364,0.209091,0.127273,0.118182,1.888889,2.000000,1.769231,1.076923,1.300000
sub-d22f8855,0.138298,0.191489,0.212766,0.265957,0.191489,1.181818,1.384615,1.666667,1.923077,1.384615
sub-d240713e,0.277778,0.277778,0.203704,0.111111,0.129630,1.000000,1.153846,1.222222,1.000000,1.400000
sub-d2718ecf,0.322034,0.220339,0.169492,0.101695,0.186441,1.900000,2.000000,1.818182,1.333333,1.833333
sub-d27ee639,0.091954,0.195402,0.057471,0.310345,0.344828,1.000000,1.416667,1.250000,1.500000,1.500000
sub-d28cae76,0.313253,0.277108,0.192771,0.060241,0.156627,1.368421,1.437500,1.600000,1.000000,1.444444
sub-d2ad3f86,0.235772,0.252033,0.186992,0.211382,0.113821,1.705882,1.937500,1.769231,2.000000,1.400000
sub-d2beb4ec,0.368932,0.368932,0.087379,0.106796,0.067961,2.235294,2.000000,1.285714,1.100000,1.166667
sub-d2c47f13,0.245902,0.213115,0.147541,0.213115,0.180328,2.142857,1.857143,1.500000,1.733333,1.571429
sub-d32938f9,0.097345,0.044248,0.238938,0.300885,0.318584,1.000000,1.000000,1.687500,2.000000,2.117647
sub-d35069ed,0.177419,0.169355,0.241935,0.233871,0.177419,1.571429,1.615385,1.764706,1.705882,1.833333
sub-d3547b05,0.175926,0.175926,0.166667,0.240741,0.240741,1.583333,1.900000,1.285714,1.733333,1.857143
sub-d3dbca3b,0.084034,0.117647,0.260504,0.243697,0.294118,1.250000,1.400000,1.823529,1.812500,1.842105
sub-d49d1590,0.267442,0.244186,0.151163,0.186047,0.151163,1.352941,1.166667,1.444444,1.333333,1.444444
sub-d4c76aa8,0.096154,0.096154,0.230769,0.365385,0.211538,1.250000,1.000000,1.333333,1.461538,1.222222
sub-d540a226,0.376471,0.317647,0.070588,0.105882,0.129412,1.684211,1.687500,1.000000,1.125000,1.222222
sub-d54a444e,0.241667,0.258333,0.150000,0.233333,0.116667,1.611111,2.214286,1.800000,1.750000,1.750000
sub-d6711207,0.280702,0.263158,0.166667,0.157895,0.131579,1.523810,1.666667,1.187500,1.636364,1.666667
sub-d6874ecf,0.218182,0.200000,0.263636,0.145455,0.172727,1.714286,1.692308,1.611111,1.333333,1.583333
sub-d788ab03,0.330508,0.313559,0.110169,0.110169,0.135593,2.294118,2.176471,1.300000,1.444444,1.454545
sub-d7e0b542,0.225000,0.225000,0.208333,0.175000,0.166667,1.800000,1.687500,1.666667,1.750000,1.666667
sub-d7ec9ae3,0.245763,0.322034,0.203390,0.127119,0.101695,1.812500,2.235294,2.181818,1.153846,1.333333
sub-d86c6aeb,0.262295,0.213115,0.172131,0.147541,0.204918,1.777778,1.625000,1.500000,1.636364,1.923077
sub-d8a64c8c,0.234043,0.255319,0.138298,0.202128,0.170213,1.466667,1.714286,1.300000,1.583333,1.333333
sub-d8ab4fef,0.214953,0.168224,0.233645,0.271028,0.112150,1.437500,1.500000,1.666667,2.230769,1.090909
sub-d8e8d03c,0.241667,0.258333,0.191667,0.175000,0.133333,2.071429,2.066667,1.642857,1.500000,1.333333
sub-d8fc0059,0.315315,0.315315,0.108108,0.153153,0.108108,2.333333,1.666667,1.333333,1.700000,1.200000
sub-d9505f7f,0.262295,0.311475,0.131148,0.163934,0.131148,2.133333,2.000000,1.600000,1.666667,1.454545
sub-d9574447,0.290598,0.358974,0.136752,0.042735,0.170940,2.000000,2.625000,1.142857,1.000000,1.250000
sub-d9630463,0.302752,0.229358,0.091743,0.119266,0.256881,1.941176,1.470588,1.000000,1.625000,1.647059
sub-d982eae7,0.102804,0.130841,0.327103,0.140187,0.299065,1.375000,1.400000,1.944444,1.363636,2.000000
sub-d9a7dde8,0.151261,0.201681,0.252101,0.260504,0.134454,1.500000,2.000000,1.875000,1.722222,1.333333
sub-d9b78521,0.317073,0.365854,0.048780,0.073171,0.195122,1.083333,1.250000,1.000000,1.000000,1.000000
sub-d9c89f13,0.243243,0.243243,0.189189,0.162162,0.162162,1.500000,1.384615,1.166667,1.500000,1.333333
sub-da07befd,0.333333,0.301075,0.161290,0.075269,0.129032,1.937500,1.647059,1.363636,1.166667,1.333333
sub-da14debe,0.165217,0.173913,0.269565,0.217391,0.173913,1.583333,1.666667,1.937500,2.083333,1.666667
sub-da85b0d2,0.144068,0.152542,0.271186,0.288136,0.144068,1.888889,1.636364,2.285714,2.428571,1.545455
sub-daabdc32,0.173469,0.193878,0.214286,0.265306,0.153061,1.700000,1.583333,1.400000,1.733333,1.250000
sub-db1f60e2,0.190083,0.231405,0.223140,0.090909,0.264463,1.437500,1.473684,1.588235,1.571429,1.777778
sub-db2e962f,0.150943,0.150943,0.245283,0.150943,0.301887,1.000000,1.000000,1.300000,1.142857,1.454545
sub-db320f85,0.205882,0.127451,0.235294,0.225490,0.205882,1.615385,1.181818,1.411765,1.533333,1.909091
sub-dbb68f25,0.076923,0.046154,0.200000,0.353846,0.323077,1.250000,1.000000,1.083333,1.437500,1.235294
sub-dbc308f2,0.270833,0.281250,0.166667,0.156250,0.125000,1.857143,1.588235,1.454545,1.363636,1.200000
sub-dc7bd768,0.271930,0.263158,0.061404,0.192982,0.210526,2.066667,1.764706,1.400000,1.692308,1.846154
sub-dc7df6e2,0.144144,0.126126,0.288288,0.252252,0.189189,1.454545,1.750000,2.000000,1.555556,1.615385
sub-dccd40f8,0.185841,0.176991,0.115044,0.283186,0.238938,1.500000,1.818182,1.444444,2.133333,1.500000
sub-dcdce7a1,0.360000,0.376000,0.104000,0.040000,0.120000,2.812500,2.611111,1.444444,1.250000,1.250000
sub-dcfb2aef,0.168067,0.159664,0.226891,0.252101,0.193277,1.538462,1.461538,2.250000,1.764706,1.769231
sub-dd72baf9,0.333333,0.367521,0.128205,0.119658,0.051282,2.166667,2.263158,1.250000,1.750000,1.500000
sub-dd7cd3aa,0.308642,0.283951,0.098765,0.086420,0.222222,1.562500,1.769231,1.000000,1.166667,1.636364
sub-ddd0e508,0.318182,0.381818,0.127273,0.090909,0.081818,2.333333,2.210526,1.750000,1.111111,1.125000
sub-de0c6ad8,0.280000,0.272000,0.208000,0.152000,0.088000,2.058824,1.888889,1.733333,1.900000,1.375000
sub-de6898bc,0.308943,0.308943,0.170732,0.162602,0.048780,3.454545,2.375000,1.909091,1.666667,1.000000
sub-dea6252e,0.210084,0.243697,0.176471,0.235294,0.134454,1.923077,1.611111,1.909091,2.153846,1.454545
sub-deb86e8a,0.295652,0.260870,0.147826,0.121739,0.173913,2.266667,2.000000,1.888889,1.750000,1.428571
sub-dee0f991,0.222222,0.231481,0.194444,0.185185,0.166667,1.600000,1.562500,1.400000,1.666667,1.200000
sub-df08b50d,0.256098,0.231707,0.195122,0.182927,0.134146,1.400000,1.357143,1.230769,1.071429,1.222222
sub-df2ff0b3,0.239669,0.181818,0.256198,0.140496,0.181818,2.416667,1.833333,1.823529,1.545455,1.692308
sub-df3aaa51,0.359223,0.320388,0.126214,0.145631,0.048544,1.761905,1.650000,1.083333,1.363636,1.000000
sub-e0410318,0.053097,0.132743,0.371681,0.283186,0.159292,1.200000,1.071429,2.000000,1.600000,1.384615
sub-e089c73e,0.153846,0.208791,0.208791,0.186813,0.241758,1.400000,1.583333,1.357143,1.545455,1.833333
sub-e0a4f096,0.270270,0.283784,0.175676,0.148649,0.121622,1.333333,1.400000,1.300000,1.222222,1.285714
sub-e0c64703,0.344262,0.401639,0.024590,0.090164,0.139344,2.333333,3.062500,1.000000,1.100000,1.545455
sub-e12930ab,0.231481,0.175926,0.259259,0.203704,0.129630,1.562500,1.461538,1.866667,1.692308,1.272727
sub-e1a4f26e,0.277311,0.285714,0.159664,0.075630,0.201681,1.833333,2.000000,1.461538,1.285714,2.000000
sub-e258c30d,0.232000,0.224000,0.224000,0.184000,0.136000,1.812500,2.000000,1.750000,1.769231,1.214286
sub-e26ba779,0.324324,0.297297,0.094595,0.148649,0.135135,1.333333,1.375000,1.000000,1.222222,1.111111
sub-e2817cd3,0.260000,0.320000,0.180000,0.060000,0.180000,1.444444,1.454545,1.125000,1.000000,1.285714
sub-e2e58bb4,0.246377,0.202899,0.289855,0.188406,0.072464,1.545455,1.272727,1.176471,1.444444,1.250000
sub-e2fb4a5a,0.190083,0.198347,0.181818,0.280992,0.148760,1.642857,2.400000,1.571429,2.428571,2.250000
sub-e34267d3,0.180000,0.220000,0.200000,0.200000,0.200000,1.000000,1.000000,1.000000,1.000000,1.250000
sub-e36a4396,0.195876,0.154639,0.247423,0.278351,0.123711,1.357143,1.500000,1.600000,1.687500,1.714286
sub-e4f15275,0.400000,0.377778,0.111111,0.044444,0.066667,1.384615,1.214286,1.000000,1.000000,1.000000
sub-e523c998,0.179775,0.157303,0.224719,0.258427,0.179775,1.454545,1.272727,1.538462,1.769231,1.454545
sub-e5284121,0.134615,0.163462,0.240385,0.240385,0.221154,1.166667,1.307692,1.666667,1.388889,1.352941
sub-e533cba3,0.275000,0.250000,0.175000,0.175000,0.125000,2.062500,1.875000,1.500000,1.615385,1.363636
sub-e54264e5,0.144737,0.223684,0.289474,0.157895,0.184211,1.000000,1.307692,1.571429,1.200000,1.272727
sub-e544a53d,0.321739,0.330435,0.130435,0.147826,0.069565,2.642857,2.235294,1.666667,1.416667,1.000000
sub-e5894ff5,0.188119,0.168317,0.198020,0.267327,0.178218,1.583333,1.545455,1.666667,1.928571,1.384615
sub-e5da608f,0.252101,0.210084,0.218487,0.235294,0.084034,1.875000,1.785714,1.857143,1.866667,1.250000
sub-e5f9f075,0.280992,0.256198,0.107438,0.165289,0.190083,1.619048,2.066667,1.625000,1.428571,1.533333
sub-e6585315,0.229508,0.311475,0.163934,0.213115,0.081967,1.400000,1.357143,1.250000,1.083333,1.000000
sub-e676a4f1,0.166667,0.147059,0.235294,0.186275,0.264706,1.700000,1.363636,1.600000,1.583333,1.928571
sub-e6aba9d4,0.275000,0.325000,0.150000,0.141667,0.108333,2.062500,2.294118,1.500000,1.700000,1.300000
sub-e6b671d7,0.360656,0.311475,0.122951,0.114754,0.090164,1.913043,2.111111,1.250000,1.272727,1.222222
sub-e71c001b,0.355769,0.346154,0.067308,0.134615,0.096154,2.312500,2.117647,1.000000,1.166667,1.111111
sub-e7a2dfc8,0.219048,0.209524,0.152381,0.276190,0.142857,1.437500,1.375000,1.333333,1.812500,1.666667
sub-e7b4fad4,0.153226,0.217742,0.290323,0.161290,0.177419,1.117647,1.421053,2.250000,1.538462,1.833333
sub-e7c2a9ea,0.318681,0.318681,0.087912,0.153846,0.120879,2.071429,1.526316,1.000000,1.400000,1.100000
sub-e83fc249,0.234375,0.281250,0.250000,0.156250,0.078125,1.153846,1.200000,1.142857,1.250000,1.000000
sub-e86ebf65,0.250000,0.160714,0.125000,0.196429,0.267857,2.000000,1.500000,1.555556,1.571429,2.500000
sub-e895d5bf,0.304000,0.320000,0.064000,0.152000,0.160000,2.111111,2.222222,1.333333,1.461538,1.666667
sub-e8af6dbf,0.266129,0.250000,0.250000,0.153226,0.080645,1.650000,1.722222,1.476190,1.583333,1.111111
sub-e8e75c18,0.280374,0.280374,0.149533,0.102804,0.186916,2.307692,2.000000,1.454545,2.200000,1.538462
sub-e95bef08,0.239669,0.132231,0.082645,0.256198,0.289256,1.705882,1.333333,1.250000,2.066667,1.842105
sub-e96ad0aa,0.259259,0.259259,0.185185,0.111111,0.185185,1.076923,1.076923,1.000000,1.000000,1.111111
sub-ea3e0167,0.285714,0.285714,0.142857,0.218487,0.067227,2.000000,1.888889,1.416667,1.733333,1.142857
sub-ec430170,0.215686,0.215686,0.196078,0.176471,0.196078,1.466667,1.833333,1.538462,1.636364,1.666667
sub-ec9db008,0.291667,0.266667,0.083333,0.225000,0.133333,1.750000,2.000000,1.250000,1.800000,1.777778
sub-ed0a38c1,0.267327,0.257426,0.207921,0.128713,0.138614,1.421053,1.857143,1.750000,1.300000,1.555556
sub-ed6c93d2,0.228070,0.175439,0.254386,0.228070,0.114035,1.625000,1.538462,1.611111,1.529412,1.625000
sub-edbb53c9,0.196721,0.245902,0.213115,0.213115,0.131148,1.714286,2.142857,2.000000,1.733333,1.600000
sub-ee0b8fc3,0.067797,0.050847,0.305085,0.322034,0.254237,1.000000,1.000000,1.125000,1.266667,1.250000
sub-ee208ec6,0.132075,0.150943,0.320755,0.188679,0.207547,1.166667,1.142857,1.307692,1.111111,1.222222
sub-ee2d0fae,0.260163,0.219512,0.243902,0.211382,0.065041,1.777778,1.800000,1.578947,1.857143,1.600000
sub-eeab06e2,0.223404,0.276596,0.138298,0.223404,0.138298,1.909091,1.733333,1.300000,1.312500,1.444444
sub-eeb93250,0.252033,0.300813,0.252033,0.138211,0.056911,2.583333,2.176471,2.066667,1.545455,1.400000
sub-eee2e8ba,0.172131,0.229508,0.270492,0.245902,0.081967,1.500000,1.647059,2.062500,2.000000,1.428571
sub-ef1096c0,0.245455,0.218182,0.145455,0.236364,0.154545,1.928571,2.000000,1.777778,1.625000,1.416667
sub-ef333648,0.134454,0.184874,0.302521,0.159664,0.218487,1.777778,1.833333,2.000000,1.583333,2.000000
sub-ef47e1cb,0.192000,0.256000,0.248000,0.208000,0.096000,1.714286,1.684211,1.937500,2.000000,1.333333
sub-ef9938fc,0.261682,0.242991,0.233645,0.158879,0.102804,1.647059,1.529412,1.785714,1.416667,1.222222
sub-efa513cb,0.303797,0.278481,0.189873,0.202532,0.025316,1.600000,1.692308,1.363636,1.600000,1.000000
sub-f0b4a87e,0.441441,0.378378,0.063063,0.036036,0.081081,2.882353,2.625000,1.400000,1.000000,1.285714
sub-f0c22557,0.241379,0.241379,0.195402,0.229885,0.091954,1.500000,1.312500,1.307692,1.818182,1.142857
sub-f143d0bb,0.339450,0.330275,0.137615,0.073394,0.119266,2.312500,2.250000,1.363636,1.600000,1.625000
sub-f19e7cb4,0.222222,0.285714,0.238095,0.190476,0.063492,1.272727,1.636364,1.363636,1.333333,1.000000
sub-f1fff45c,0.240741,0.129630,0.240741,0.203704,0.185185,1.000000,1.166667,1.181818,1.222222,1.111111
sub-f2f7e19f,0.278481,0.278481,0.202532,0.177215,0.063291,1.466667,1.466667,1.454545,1.400000,1.250000
sub-f3034678,0.200000,0.146667,0.186667,0.346667,0.120000,1.153846,1.000000,1.400000,1.529412,1.000000
sub-f35f8377,0.130435,0.228261,0.130435,0.293478,0.217391,1.200000,1.615385,1.333333,1.687500,1.428571
sub-f3bec2c7,0.239316,0.213675,0.222222,0.170940,0.153846,1.750000,2.083333,1.733333,2.000000,1.500000
sub-f41983d5,0.223214,0.250000,0.187500,0.169643,0.169643,1.562500,1.866667,1.615385,1.583333,1.583333
sub-f4267489,0.387097,0.338710,0.120968,0.104839,0.048387,2.823529,2.470588,1.363636,1.181818,1.500000
sub-f4642509,0.304348,0.269565,0.200000,0.165217,0.060870,1.944444,2.384615,1.437500,1.583333,1.000000
sub-f4a570be,0.313043,0.226087,0.208696,0.182609,0.069565,1.894737,2.000000,2.000000,1.750000,1.142857
sub-f5145b8e,0.245902,0.245902,0.180328,0.081967,0.245902,1.153846,1.000000,1.100000,1.000000,1.363636
sub-f534211d,0.284404,0.247706,0.146789,0.100917,0.220183,1.937500,1.500000,1.230769,1.000000,1.846154
sub-f54d1792,0.310345,0.327586,0.103448,0.172414,0.086207,1.285714,1.357143,1.000000,1.111111,1.000000
sub-f5592644,0.156863,0.137255,0.313725,0.156863,0.235294,1.142857,1.000000,1.333333,1.000000,1.090909
sub-f568b698,0.254545,0.272727,0.181818,0.154545,0.136364,2.000000,1.764706,1.538462,1.545455,1.363636
sub-f5aecd0c,0.170732,0.195122,0.211382,0.292683,0.130081,1.500000,2.000000,1.529412,2.117647,1.777778
sub-f5c20bf3,0.097222,0.111111,0.375000,0.083333,0.333333,1.000000,1.000000,1.687500,1.000000,1.411765
sub-f66bc32c,0.262626,0.232323,0.191919,0.171717,0.141414,1.625000,1.437500,1.727273,1.214286,1.555556
sub-f71f4e37,0.163636,0.190909,0.245455,0.263636,0.136364,1.500000,1.909091,1.687500,2.230769,1.500000
sub-f72eb6e6,0.273684,0.305263,0.168421,0.126316,0.126316,1.444444,1.812500,1.230769,1.333333,1.333333
sub-f7bf68ad,0.452991,0.418803,0.059829,0.034188,0.034188,3.117647,2.722222,1.166667,1.333333,1.000000
sub-f80dfc3d,0.225000,0.208333,0.250000,0.225000,0.091667,2.250000,2.083333,2.142857,2.076923,1.222222
sub-f85fd7b2,0.250000,0.166667,0.233333,0.283333,0.066667,1.153846,1.250000,1.166667,1.307692,1.333333
sub-f87e808d,0.100000,0.110000,0.320000,0.300000,0.170000,1.000000,1.222222,1.684211,1.666667,1.307692
sub-f88f48fa,0.322034,0.305085,0.101695,0.144068,0.127119,2.714286,2.250000,1.500000,1.888889,1.666667
sub-f900f8d1,0.254902,0.235294,0.225490,0.215686,0.068627,1.733333,1.600000,1.642857,1.833333,1.166667
sub-f988b984,0.320000,0.320000,0.128000,0.136000,0.096000,1.904762,2.500000,1.454545,1.416667,1.500000
sub-f989ab12,0.187500,0.151786,0.250000,0.276786,0.133929,1.615385,1.416667,1.647059,1.937500,1.875000
sub-f9929c46,0.205882,0.220588,0.205882,0.205882,0.161765,1.272727,1.250000,1.272727,1.272727,1.100000
sub-f99c3394,0.221311,0.237705,0.221311,0.155738,0.163934,2.076923,1.933333,1.928571,1.727273,1.666667
sub-f99df42a,0.176000,0.240000,0.200000,0.208000,0.176000,1.466667,1.875000,1.388889,1.857143,1.571429
sub-fa054068,0.242424,0.222222,0.151515,0.202020,0.181818,2.000000,2.200000,1.363636,1.666667,1.500000
sub-fa59943c,0.329268,0.402439,0.134146,0.048780,0.085366,1.800000,2.062500,1.571429,1.000000,1.400000
sub-fa6468b7,0.250000,0.208333,0.229167,0.270833,0.041667,1.333333,1.000000,1.100000,1.300000,1.000000
sub-fb0da3da,0.296296,0.305556,0.129630,0.129630,0.138889,2.133333,2.062500,1.272727,1.400000,1.363636
sub-fb171f74,0.261261,0.270270,0.180180,0.180180,0.108108,1.812500,1.875000,1.538462,1.333333,1.333333
sub-fbe5ad3c,0.200000,0.138462,0.353846,0.138462,0.169231,1.181818,1.285714,1.437500,1.125000,1.222222
sub-fc102a62,0.290323,0.354839,0.112903,0.096774,0.145161,1.636364,1.692308,1.166667,1.200000,1.125000
sub-fc143608,0.384000,0.320000,0.120000,0.096000,0.080000,2.400000,2.352941,1.250000,1.200000,1.666667
sub-fc39f12d,0.309091,0.254545,0.072727,0.172727,0.190909,2.000000,2.000000,1.000000,1.583333,1.750000
sub-fc462c95,0.196078,0.117647,0.078431,0.352941,0.254902,1.111111,1.000000,1.000000,1.384615,1.300000
sub-fc49ae05,0.340909,0.272727,0.136364,0.022727,0.227273,1.153846,1.200000,1.000000,1.000000,1.111111
sub-fc5c97ee,0.183673,0.193878,0.173469,0.234694,0.214286,1.384615,1.461538,1.307692,2.090909,1.500000
sub-fc9043fa,0.421875,0.390625,0.093750,0.015625,0.078125,1.800000,1.785714,1.500000,1.000000,1.666667
sub-fc92ad12,0.111111,0.128205,0.273504,0.188034,0.299145,1.444444,1.363636,1.777778,1.833333,1.842105
sub-fcf62c5e,0.320000,0.368000,0.152000,0.072000,0.088000,2.222222,2.421053,1.727273,1.285714,1.571429
sub-fd55fbb1,0.327586,0.370690,0.146552,0.103448,0.051724,2.714286,2.866667,1.214286,1.333333,1.200000
sub-fd6b7648,0.224138,0.224138,0.224138,0.206897,0.120690,1.857143,1.733333,1.368421,1.333333,1.272727
sub-fe159024,0.317308,0.288462,0.182692,0.076923,0.134615,1.941176,2.307692,1.727273,1.000000,1.272727
sub-fe35def7,0.177215,0.151899,0.189873,0.278481,0.202532,1.076923,1.200000,1.153846,2.000000,1.333333
sub-fe9b843e,0.246753,0.285714,0.168831,0.181818,0.116883,1.357143,1.571429,1.083333,1.555556,1.000000
sub-fec1d802,0.177966,0.177966,0.296610,0.313559,0.033898,1.500000,1.909091,2.916667,2.176471,1.000000
sub-fec6b3b3,0.083333,0.108333,0.325000,0.233333,0.250000,1.250000,1.181818,2.600000,1.473684,2.000000
sub-fee9195f,0.224299,0.205607,0.205607,0.242991,0.121495,1.500000,2.000000,1.571429,1.857143,1.444444
sub-ff10861b,0.320388,0.349515,0.126214,0.135922,0.067961,1.833333,2.000000,1.181818,1.272727,1.000000
sub-ff1e1209,0.422414,0.344828,0.077586,0.094828,0.060345,3.266667,3.636364,1.285714,1.375000,1.166667
sub-ff2be107,0.138211,0.081301,0.260163,0.195122,0.325203,1.307692,1.000000,2.461538,2.000000,2.500000
sub-ff7855eb,0.115942,0.086957,0.376812,0.130435,0.289855,1.000000,1.500000,1.625000,1.000000,1.538462
sub-ff86147c,0.214286,0.250000,0.258929,0.116071,0.160714,1.600000,2.000000,1.611111,1.083333,1.500000
sub-ffc734a9,0.215385,0.169231,0.261538,0.107692,0.246154,1.272727,1.222222,1.700000,1.166667,1.333333
