ID,fracocc_1,fracocc_2,fracocc_3,fracocc_4,fracocc_5,dwell_1,dwell_2,dwell_3,dwell_4,dwell_5
sub-0038f6d3,0.279279,0.288288,0.162162,0.171171,0.099099,1.823529,2.000000,1.285714,1.357143,1.222222
sub-0065c4e7,0.487603,0.363636,0.024793,0.074380,0.049587,2.809524,2.095238,1.000000,1.285714,1.000000
sub-00a5f155,0.260870,0.282609,0.163043,0.097826,0.195652,1.500000,1.857143,1.363636,1.285714,1.384615
sub-0103fd3b,0.287671,0.232877,0.191781,0.205479,0.082192,1.750000,1.307692,1.166667,1.250000,1.500000
sub-017bc66c,0.369748,0.344538,0.092437,0.109244,0.084034,2.588235,2.562500,1.375000,1.625000,1.250000
sub-0223ca30,0.394737,0.324561,0.061404,0.087719,0.131579,2.368421,1.850000,1.400000,1.666667,1.363636
sub-0262fb07,0.336449,0.383178,0.065421,0.046729,0.168224,2.000000,2.157895,1.000000,1.000000,1.636364
sub-028396a2,0.296610,0.254237,0.101695,0.093220,0.254237,1.666667,1.764706,1.333333,1.375000,1.764706
sub-02e70592,0.357143,0.346939,0.091837,0.061224,0.142857,1.750000,1.619048,1.500000,1.200000,1.076923
sub-030862f3,0.413223,0.380165,0.049587,0.057851,0.099174,2.941176,2.555556,1.200000,1.166667,1.200000
sub-030a2f21,0.418803,0.384615,0.059829,0.094017,0.042735,2.578947,2.368421,1.000000,1.100000,1.000000
sub-0312aa2f,0.276423,0.284553,0.186992,0.097561,0.154472,2.615385,1.750000,1.916667,1.333333,1.583333
sub-032bc148,0.289474,0.394737,0.131579,0.118421,0.065789,1.375000,2.000000,1.250000,1.000000,1.000000
sub-037ebdea,0.293103,0.362069,0.137931,0.051724,0.155172,1.062500,1.166667,1.000000,1.000000,1.125000
sub-03b4fac2,0.296296,0.333333,0.166667,0.055556,0.148148,1.454545,1.500000,1.500000,1.000000,1.142857
sub-03d5f6b2,0.267241,0.284483,0.215517,0.215517,0.017241,1.937500,1.941176,1.785714,1.562500,1.000000
sub-03dbb3ef,0.307692,0.307692,0.192308,0.173077,0.019231,1.454545,1.454545,1.000000,1.000000,1.000000
sub-0424f0cc,0.371901,0.347107,0.074380,0.049587,0.157025,2.647059,2.100000,1.000000,1.000000,1.583333
sub-0431abda,0.164557,0.189873,0.329114,0.278481,0.037975,1.181818,1.250000,1.625000,1.375000,1.000000
sub-044c81a4,0.241379,0.258621,0.215517,0.189655,0.094828,1.473684,1.764706,1.785714,1.692308,1.222222
sub-04d422d4,0.278481,0.278481,0.139241,0.227848,0.075949,1.466667,1.294118,1.000000,1.285714,1.200000
sub-05804543,0.104000,0.208000,0.208000,0.256000,0.224000,1.444444,1.625000,1.857143,1.882353,2.153846
sub-05b68380,0.312000,0.304000,0.152000,0.136000,0.096000,1.857143,2.000000,1.461538,1.416667,1.200000
sub-05c8148a,0.324561,0.315789,0.131579,0.140351,0.087719,2.312500,2.250000,1.500000,1.600000,1.428571
sub-05da9db8,0.350515,0.371134,0.134021,0.092784,0.051546,2.000000,2.117647,1.444444,1.285714,1.000000
sub-0618a7a8,0.391304,0.420290,0.043478,0.130435,0.014493,1.687500,1.933333,1.000000,1.125000,1.000000
sub-0619f332,0.383333,0.400000,0.066667,0.058333,0.091667,2.000000,2.181818,1.142857,1.166667,1.375000
sub-062a3828,0.194175,0.281553,0.213592,0.203883,0.106796,1.538462,1.611111,1.466667,1.312500,1.222222
sub-063189b9,0.256098,0.219512,0.243902,0.219512,0.060976,1.500000,1.200000,1.666667,1.500000,1.250000
sub-0640fc90,0.303571,0.285714,0.160714,0.125000,0.125000,1.307692,1.454545,1.000000,1.166667,1.000000
sub-0677b0ae,0.394958,0.361345,0.084034,0.075630,0.084034,2.043478,1.954545,1.111111,1.000000,1.000000
sub-074c7ae0,0.300971,0.339806,0.126214,0.126214,0.106796,1.937500,1.666667,1.181818,1.444444,1.000000
sub-075ba38c,0.336207,0.370690,0.094828,0.060345,0.137931,2.294118,1.954545,1.375000,1.000000,1.230769
sub-078d0115,0.341463,0.260163,0.227642,0.170732,0.000000,2.100000,1.882353,1.750000,1.500000,NaN
sub-079ad0b1,0.448000,0.432000,0.024000,0.088000,0.008000,3.111111,3.000000,1.000000,1.375000,1.000000
sub-08bdadc8,0.283333,0.300000,0.150000,0.158333,0.108333,2.125000,2.250000,1.636364,1.583333,1.181818
sub-08d4a49b,0.222222,0.301587,0.253968,0.206349,0.015873,1.166667,1.357143,1.333333,1.181818,1.000000
sub-08fc6819,0.176000,0.168000,0.224000,0.128000,0.304000,1.833333,1.615385,1.750000,1.600000,2.000000
sub-09378b74,0.247706,0.201835,0.229358,0.220183,0.100917,1.500000,1.222222,1.470588,1.714286,1.375000
sub-09927d73,0.246753,0.285714,0.168831,0.103896,0.194805,1.583333,1.375000,1.444444,1.000000,1.250000
sub-09ff79ff,0.267857,0.250000,0.196429,0.205357,0.080357,1.875000,1.647059,1.375000,1.533333,1.285714
sub-0a249e33,0.254545,0.281818,0.181818,0.190909,0.090909,1.647059,1.631579,1.428571,1.400000,1.250000
sub-0aa36d72,0.398230,0.380531,0.070796,0.053097,0.097345,2.647059,2.263158,1.000000,1.200000,1.222222
sub-0ab8eedd,0.324786,0.333333,0.111111,0.102564,0.128205,2.375000,1.857143,1.181818,1.200000,1.363636
sub-0abfcc01,0.228571,0.266667,0.200000,0.209524,0.095238,1.500000,1.750000,1.615385,1.294118,1.111111
sub-0b35d330,0.410256,0.367521,0.085470,0.068376,0.068376,2.086957,2.150000,1.250000,1.142857,1.000000
sub-0bb849b5,0.382114,0.439024,0.024390,0.065041,0.089431,2.611111,2.842105,1.000000,1.142857,1.222222
sub-0bd59c4e,0.423077,0.442308,0.038462,0.076923,0.019231,1.571429,1.437500,1.000000,1.333333,1.000000
sub-0be9a317,0.301887,0.367925,0.094340,0.066038,0.169811,1.882353,1.950000,1.111111,1.166667,1.636364
sub-0bea5471,0.294872,0.243590,0.179487,0.166667,0.115385,1.533333,1.266667,1.400000,1.300000,1.285714
sub-0c41aed6,0.369048,0.333333,0.095238,0.142857,0.059524,1.550000,1.555556,1.000000,1.090909,1.250000
sub-0c6dd44d,0.322222,0.233333,0.155556,0.211111,0.077778,1.611111,1.500000,1.400000,1.117647,1.166667
sub-0cc78551,0.304878,0.317073,0.097561,0.158537,0.121951,1.785714,1.625000,1.142857,1.300000,1.250000
sub-0d109f78,0.211864,0.177966,0.254237,0.177966,0.177966,1.785714,1.615385,2.142857,1.909091,1.500000
sub-0d4055a4,0.303279,0.319672,0.090164,0.073770,0.213115,2.176471,2.437500,1.375000,1.285714,1.857143
sub-0dd04d8d,0.369048,0.345238,0.095238,0.083333,0.107143,1.631579,1.812500,1.142857,1.000000,1.125000
sub-0e0b5c03,0.386667,0.426667,0.080000,0.066667,0.040000,1.526316,1.684211,1.000000,1.250000,1.000000
sub-0ea01690,0.312500,0.392857,0.107143,0.107143,0.080357,2.187500,2.095238,1.333333,1.333333,1.000000
sub-0ef9a840,0.286957,0.278261,0.173913,0.130435,0.130435,2.357143,2.133333,1.428571,1.500000,1.500000
sub-0f6654ce,0.333333,0.325203,0.121951,0.056911,0.162602,2.157895,1.904762,1.250000,1.166667,1.250000
sub-0feed494,0.262295,0.245902,0.245902,0.196721,0.049180,1.600000,1.250000,1.071429,1.333333,1.000000
sub-0ffb32d2,0.308333,0.358333,0.108333,0.058333,0.166667,1.947368,2.263158,1.083333,1.166667,1.538462
sub-1000f047,0.254237,0.288136,0.228814,0.177966,0.050847,1.666667,1.700000,2.076923,1.500000,1.200000
sub-11094134,0.213115,0.147541,0.336066,0.295082,0.008197,1.444444,1.200000,2.050000,1.894737,1.000000
sub-1112d9df,0.383838,0.393939,0.101010,0.101010,0.020202,1.900000,2.052632,1.000000,1.111111,1.000000
sub-1127e943,0.328125,0.343750,0.109375,0.031250,0.187500,1.235294,1.375000,1.166667,1.000000,1.200000
sub-1208c421,0.333333,0.333333,0.133333,0.066667,0.133333,1.153846,1.071429,1.000000,1.000000,1.000000
sub-13060080,0.277778,0.314815,0.203704,0.111111,0.092593,1.071429,1.416667,1.222222,1.000000,1.000000
sub-143c05b0,0.195122,0.195122,0.219512,0.252033,0.138211,1.846154,1.600000,1.421053,1.937500,1.416667
sub-14921d16,0.152000,0.176000,0.256000,0.280000,0.136000,1.357143,1.692308,1.684211,1.750000,1.307692
sub-156dd92b,0.170732,0.146341,0.268293,0.235772,0.178862,1.400000,1.285714,2.062500,1.611111,1.466667
sub-15a45610,0.314050,0.322314,0.123967,0.157025,0.082645,1.900000,2.166667,1.666667,1.900000,1.111111
sub-15bf4c30,0.377049,0.459016,0.065574,0.073770,0.024590,2.421053,2.947368,1.000000,1.285714,1.000000
sub-15f5f4a4,0.397959,0.428571,0.061224,0.040816,0.071429,2.052632,1.909091,1.000000,1.000000,1.166667
sub-16f7c767,0.300000,0.341667,0.133333,0.108333,0.116667,1.894737,1.863636,1.142857,1.181818,1.166667
sub-1722f709,0.329670,0.340659,0.131868,0.164835,0.032967,1.666667,1.550000,1.333333,1.500000,1.000000
sub-1757dc19,0.313131,0.303030,0.151515,0.171717,0.060606,2.214286,2.000000,1.500000,1.214286,1.000000
sub-175f0243,0.234694,0.224490,0.285714,0.244898,0.010204,1.642857,1.692308,1.866667,1.600000,1.000000
sub-18345449,0.357143,0.392857,0.142857,0.089286,0.017857,1.428571,1.571429,1.000000,1.000000,1.000000
sub-185510a2,0.384615,0.393162,0.076923,0.094017,0.051282,2.500000,2.090909,1.125000,1.833333,1.200000
sub-18843b7b,0.282609,0.217391,0.217391,0.184783,0.097826,1.368421,1.333333,1.333333,1.214286,1.285714
sub-18dcd71e,0.328000,0.400000,0.144000,0.088000,0.040000,2.411765,2.777778,1.384615,1.571429,1.000000
sub-1a0dd2e0,0.113208,0.216981,0.216981,0.198113,0.254717,1.500000,1.533333,1.437500,1.500000,1.687500
sub-1a7ffbab,0.387097,0.403226,0.112903,0.080645,0.016129,2.823529,2.777778,1.272727,1.250000,1.000000
sub-1baacce3,0.276316,0.328947,0.144737,0.157895,0.092105,1.400000,1.470588,1.375000,1.200000,1.000000
sub-1bcbb6c2,0.257143,0.242857,0.171429,0.157143,0.171429,1.125000,1.214286,1.200000,1.100000,1.200000
sub-1bd6ef0e,0.252033,0.260163,0.178862,0.105691,0.203252,1.823529,1.777778,1.692308,1.083333,1.470588
sub-1c9dca29,0.349593,0.349593,0.048780,0.048780,0.203252,2.047619,1.954545,1.200000,1.200000,1.785714
sub-1cab9f59,0.168142,0.176991,0.238938,0.265487,0.150442,1.583333,1.428571,1.588235,2.142857,1.133333
sub-1cae716e,0.316327,0.265306,0.183673,0.214286,0.020408,1.823529,1.625000,1.636364,1.615385,1.000000
sub-1cb849c3,0.340426,0.329787,0.106383,0.138298,0.085106,1.777778,1.631579,1.000000,1.300000,1.142857
sub-1ce73965,0.427184,0.320388,0.087379,0.058252,0.106796,2.588235,2.062500,1.500000,1.200000,1.375000
sub-1d0cc3f0,0.215909,0.272727,0.045455,0.227273,0.238636,1.727273,1.500000,1.000000,1.818182,1.750000
sub-1e7394f2,0.163793,0.137931,0.250000,0.189655,0.258621,1.461538,1.454545,1.705882,1.692308,1.666667
sub-1e7b5201,0.287234,0.234043,0.170213,0.180851,0.127660,1.588235,1.466667,1.066667,1.545455,1.500000
sub-1e805bd2,0.292683,0.300813,0.203252,0.170732,0.032520,2.117647,1.850000,1.562500,1.500000,1.333333
sub-1e8256cb,0.246154,0.230769,0.184615,0.200000,0.138462,1.333333,1.250000,1.333333,1.300000,1.285714
sub-1f00664b,0.283333,0.316667,0.133333,0.116667,0.150000,1.214286,1.461538,1.333333,1.000000,1.285714
sub-1f35e406,0.121951,0.219512,0.292683,0.341463,0.024390,1.000000,1.125000,1.000000,1.166667,1.000000
sub-1f45c28e,0.386364,0.409091,0.056818,0.079545,0.068182,2.428571,2.117647,1.000000,1.166667,1.000000
sub-1f989207,0.414634,0.357724,0.097561,0.065041,0.065041,2.833333,2.095238,1.200000,1.000000,1.000000
sub-1fb22c1e,0.198198,0.234234,0.243243,0.189189,0.135135,1.375000,1.625000,1.687500,1.400000,1.250000
sub-1fe27156,0.186813,0.175824,0.252747,0.263736,0.120879,1.416667,1.333333,1.533333,1.600000,1.222222
sub-1fe834f0,0.393617,0.372340,0.106383,0.031915,0.095745,1.947368,1.842105,1.000000,1.000000,1.285714
sub-1fead018,0.268908,0.260504,0.226891,0.168067,0.075630,1.600000,1.722222,1.421053,1.333333,1.285714
sub-200785b5,0.318841,0.217391,0.144928,0.130435,0.188406,1.571429,1.153846,1.111111,1.125000,1.300000
sub-2016203f,0.157143,0.228571,0.171429,0.185714,0.257143,1.222222,1.142857,1.090909,1.083333,1.384615
sub-20a17075,0.296000,0.240000,0.144000,0.080000,0.240000,1.947368,1.764706,1.285714,1.000000,1.875000
sub-20a2b1b4,0.224000,0.200000,0.176000,0.208000,0.192000,2.000000,1.666667,1.833333,1.857143,2.000000
sub-20b7485e,0.314516,0.290323,0.137097,0.137097,0.120968,2.166667,2.000000,1.214286,1.307692,1.500000
sub-20d43624,0.211382,0.252033,0.252033,0.260163,0.024390,1.733333,1.722222,1.823529,2.000000,1.500000
sub-20e346fc,0.321739,0.321739,0.156522,0.078261,0.121739,2.176471,2.055556,1.384615,1.500000,1.555556
sub-20ee3cab,0.272727,0.303030,0.151515,0.161616,0.111111,1.588235,1.578947,1.250000,1.230769,1.375000
sub-213f175e,0.357143,0.339286,0.107143,0.178571,0.017857,1.333333,1.266667,1.000000,1.111111,1.000000
sub-21465080,0.318681,0.219780,0.197802,0.241758,0.021978,1.705882,1.250000,1.285714,1.833333,2.000000
sub-21bdd5ba,0.241379,0.155172,0.241379,0.258621,0.103448,1.166667,1.125000,1.166667,1.363636,1.000000
sub-22622dde,0.305556,0.296296,0.148148,0.175926,0.074074,1.650000,1.684211,1.454545,1.357143,1.333333
sub-22c762ef,0.360000,0.280000,0.176000,0.104000,0.080000,2.368421,1.750000,1.833333,1.300000,1.250000
sub-23826a62,0.292683,0.227642,0.268293,0.203252,0.008130,1.800000,1.866667,2.200000,1.666667,1.000000
sub-23ae845f,0.247934,0.256198,0.123967,0.165289,0.206612,1.578947,1.937500,1.363636,1.538462,1.562500
sub-24458446,0.306818,0.340909,0.125000,0.170455,0.056818,1.800000,1.764706,1.222222,1.153846,1.000000
sub-24995e17,0.283186,0.265487,0.159292,0.194690,0.097345,1.777778,2.000000,1.384615,1.294118,1.375000
sub-24a7c6ca,0.254902,0.274510,0.215686,0.215686,0.039216,1.083333,1.166667,1.100000,1.000000,1.000000
sub-24c13105,0.424000,0.376000,0.040000,0.096000,0.064000,2.789474,2.350000,1.250000,1.200000,1.333333
sub-24ed9807,0.306452,0.306452,0.096774,0.120968,0.169355,1.809524,2.000000,1.333333,1.363636,1.615385
sub-257bbec9,0.241935,0.217742,0.161290,0.233871,0.145161,1.666667,1.687500,1.538462,1.526316,1.285714
sub-270cd2b7,0.509091,0.345455,0.072727,0.018182,0.054545,1.555556,1.266667,1.000000,1.000000,1.000000
sub-27aeb32c,0.337500,0.400000,0.100000,0.125000,0.037500,1.421053,1.777778,1.000000,1.250000,1.000000
sub-27e590b8,0.363636,0.324675,0.142857,0.155844,0.012987,1.647059,1.470588,1.000000,1.333333,1.000000
sub-28a0fdd3,0.315789,0.324561,0.131579,0.131579,0.096491,2.117647,2.312500,1.250000,1.500000,1.375000
sub-28c7360d,0.233333,0.250000,0.250000,0.191667,0.075000,1.866667,1.764706,2.000000,1.352941,1.500000
sub-29454e82,0.393939,0.409091,0.106061,0.090909,0.000000,1.625000,2.076923,1.000000,1.000000,NaN
sub-2954dc06,0.191781,0.178082,0.273973,0.109589,0.246575,1.555556,1.300000,1.250000,1.142857,1.285714
sub-29855626,0.309735,0.256637,0.079646,0.115044,0.238938,1.666667,1.705882,1.125000,1.444444,1.588235
sub-29cb7cfb,0.333333,0.333333,0.133333,0.177778,0.022222,1.500000,1.250000,1.000000,1.000000,1.000000
sub-2a1d84ce,0.333333,0.407407,0.074074,0.092593,0.092593,1.285714,1.466667,1.333333,1.000000,1.000000
sub-2a6b2e84,0.206897,0.195402,0.195402,0.172414,0.229885,1.636364,1.416667,1.416667,1.363636,1.818182
sub-2a9aa446,0.326531,0.306122,0.163265,0.122449,0.081633,1.882353,1.875000,1.142857,1.090909,1.333333
sub-2b2dc874,0.294737,0.336842,0.105263,0.168421,0.094737,1.750000,1.777778,1.250000,1.333333,1.125000
sub-2b4ee1eb,0.200000,0.224000,0.232000,0.184000,0.160000,1.388889,2.000000,2.230769,1.769231,1.538462
sub-2b90d30e,0.155172,0.172414,0.275862,0.293103,0.103448,1.125000,1.111111,1.333333,1.700000,1.000000
sub-2bad3f29,0.294118,0.323529,0.147059,0.147059,0.088235,1.250000,1.466667,1.111111,1.250000,1.000000
sub-2bee75ef,0.297297,0.315315,0.153153,0.153153,0.081081,1.833333,2.500000,1.307692,1.888889,1.800000
sub-2ca8e629,0.136000,0.168000,0.184000,0.248000,0.264000,1.416667,1.235294,1.277778,1.550000,1.941176
sub-2cfd2032,0.086957,0.152174,0.326087,0.391304,0.043478,1.000000,1.166667,1.764706,2.117647,1.333333
sub-2d70f07a,0.158537,0.231707,0.207317,0.170732,0.231707,1.300000,1.266667,1.545455,1.166667,1.461538
sub-2e02a615,0.352459,0.278689,0.114754,0.131148,0.122951,1.869565,2.000000,1.076923,1.142857,1.500000
sub-2e2c9089,0.296000,0.288000,0.224000,0.176000,0.016000,1.850000,1.800000,1.647059,1.571429,1.000000
sub-2e3e0575,0.318841,0.231884,0.246377,0.159420,0.043478,1.571429,1.454545,1.307692,1.100000,1.000000
sub-2ec9ef3f,0.345455,0.290909,0.145455,0.054545,0.163636,1.187500,1.142857,1.142857,1.000000,1.285714
sub-2eea391b,0.325000,0.337500,0.100000,0.112500,0.125000,1.625000,1.588235,1.142857,1.125000,1.000000
sub-2f67216f,0.268293,0.268293,0.170732,0.170732,0.121951,1.100000,1.222222,1.166667,1.000000,1.000000
sub-2ffd1498,0.312500,0.294643,0.169643,0.178571,0.044643,1.458333,1.650000,1.357143,1.333333,1.000000
sub-300f964c,0.292683,0.365854,0.170732,0.146341,0.024390,1.714286,1.875000,1.272727,1.333333,1.000000
sub-30a73542,0.162602,0.211382,0.227642,0.227642,0.170732,1.538462,1.857143,1.750000,1.555556,1.615385
sub-30ab196e,0.233333,0.300000,0.158333,0.158333,0.150000,1.750000,1.800000,1.727273,1.357143,1.384615
sub-3109bf1c,0.432836,0.402985,0.044776,0.074627,0.044776,1.812500,1.800000,1.000000,1.000000,1.000000
sub-31394e7a,0.146341,0.170732,0.365854,0.268293,0.048780,1.000000,1.166667,1.153846,1.100000,1.000000
sub-3177bea8,0.401639,0.401639,0.049180,0.065574,0.081967,2.450000,2.722222,1.200000,1.142857,1.000000
sub-317bb08e,0.264706,0.352941,0.205882,0.156863,0.019608,2.076923,2.117647,1.909091,1.333333,1.000000
sub-3199a8c6,0.309524,0.333333,0.166667,0.095238,0.095238,1.083333,1.166667,1.000000,1.000000,1.000000
sub-31c71fe5,0.462185,0.403361,0.025210,0.084034,0.025210,3.055556,2.526316,1.000000,1.111111,1.000000
sub-329ec5d1,0.280488,0.329268,0.073171,0.195122,0.121951,1.642857,1.588235,1.000000,1.454545,1.111111
sub-32ad6734,0.193277,0.168067,0.285714,0.243697,0.109244,1.533333,1.538462,1.888889,1.611111,1.625000
sub-32b0b746,0.362069,0.327586,0.137931,0.034483,0.137931,1.750000,1.357143,1.333333,1.000000,1.333333
sub-3319088e,0.369048,0.369048,0.035714,0.178571,0.047619,1.823529,1.550000,1.000000,1.666667,1.333333
sub-333c69b6,0.134831,0.179775,0.247191,0.247191,0.191011,1.200000,1.230769,1.375000,1.692308,1.545455
sub-3380a3f8,0.333333,0.342105,0.122807,0.087719,0.114035,2.111111,2.166667,1.166667,1.250000,1.181818
sub-33aa81b1,0.360000,0.392000,0.128000,0.080000,0.040000,2.142857,2.333333,1.454545,1.250000,1.000000
sub-33fad75a,0.389610,0.376623,0.103896,0.064935,0.064935,1.578947,1.611111,1.000000,1.000000,1.250000
sub-3405c96d,0.226891,0.243697,0.134454,0.100840,0.294118,1.687500,2.071429,1.333333,1.714286,2.500000
sub-34416bde,0.350000,0.330000,0.120000,0.140000,0.060000,1.842105,1.833333,1.090909,1.400000,1.000000
sub-34458bb9,0.290323,0.298387,0.217742,0.169355,0.024194,2.571429,2.466667,1.588235,1.500000,1.000000
sub-34539ef6,0.206612,0.198347,0.247934,0.314050,0.033058,1.562500,1.846154,2.000000,2.111111,1.000000
sub-34568da1,0.271739,0.228261,0.163043,0.184783,0.152174,1.785714,1.615385,1.153846,1.545455,1.400000
sub-34834c97,0.431818,0.386364,0.090909,0.090909,0.000000,1.357143,1.307692,1.000000,1.000000,NaN
sub-34b27343,0.385321,0.412844,0.073394,0.045872,0.082569,2.000000,2.142857,1.142857,1.250000,1.125000
sub-34eda375,0.266667,0.200000,0.228571,0.247619,0.057143,1.555556,1.312500,1.411765,1.733333,1.200000
sub-3513bb29,0.292683,0.280488,0.121951,0.182927,0.121951,1.714286,1.642857,1.250000,1.153846,1.111111
sub-351f5911,0.240385,0.211538,0.240385,0.201923,0.105769,1.785714,1.833333,1.666667,1.615385,1.375000
sub-353604a7,0.333333,0.231884,0.086957,0.173913,0.173913,1.352941,1.142857,1.000000,1.090909,1.200000
sub-3579c837,0.272727,0.261364,0.204545,0.147727,0.113636,1.500000,2.090909,1.636364,1.300000,1.111111
sub-363fef83,0.300000,0.291667,0.166667,0.116667,0.125000,2.117647,2.187500,1.428571,1.166667,1.363636
sub-364e27da,0.253521,0.295775,0.225352,0.169014,0.056338,1.200000,1.400000,1.142857,1.200000,1.000000
sub-36812311,0.282258,0.217742,0.185484,0.193548,0.120968,2.058824,1.928571,1.533333,1.714286,1.250000
sub-36e8c5ee,0.280992,0.272727,0.231405,0.165289,0.049587,2.125000,2.200000,1.750000,1.250000,1.200000
sub-372f7c97,0.239130,0.282609,0.108696,0.282609,0.086957,1.100000,1.181818,1.000000,1.083333,1.000000
sub-37370aac,0.268908,0.310924,0.226891,0.151261,0.042017,2.000000,1.947368,1.800000,1.384615,1.000000
sub-373f0ffd,0.351064,0.361702,0.106383,0.095745,0.085106,1.571429,2.000000,1.111111,1.125000,1.142857
sub-38428731,0.272727,0.318182,0.209091,0.181818,0.018182,1.764706,1.590909,1.277778,1.333333,1.000000
sub-390829f4,0.360000,0.320000,0.240000,0.080000,0.000000,1.285714,1.142857,1.333333,1.000000,NaN
sub-3948081f,0.136000,0.120000,0.328000,0.248000,0.168000,1.307692,1.250000,2.562500,1.937500,1.750000
sub-395cc66e,0.272727,0.254545,0.127273,0.190909,0.154545,1.875000,1.555556,1.272727,1.750000,1.416667
sub-39df6d4d,0.269663,0.337079,0.123596,0.168539,0.101124,1.411765,1.764706,1.222222,1.363636,1.125000
sub-39e13aaf,0.317757,0.177570,0.140187,0.149533,0.214953,1.700000,1.583333,1.363636,1.230769,1.533333
sub-39ec2b3a,0.379032,0.338710,0.129032,0.120968,0.032258,2.473684,2.333333,1.333333,1.363636,1.333333
sub-3a64891e,0.322314,0.363636,0.115702,0.099174,0.099174,2.294118,2.000000,1.076923,1.200000,1.333333
sub-3ab13149,0.208333,0.200000,0.166667,0.183333,0.241667,1.562500,1.714286,1.428571,1.466667,1.380952
sub-3afc22be,0.219298,0.298246,0.131579,0.114035,0.236842,1.785714,1.888889,1.500000,1.181818,2.076923
sub-3b099e7c,0.330275,0.376147,0.091743,0.100917,0.100917,1.800000,2.050000,1.000000,1.222222,1.571429
sub-3b0bbcca,0.196078,0.205882,0.225490,0.235294,0.137255,1.666667,1.500000,1.769231,1.714286,1.272727
sub-3b897a16,0.296703,0.263736,0.175824,0.120879,0.142857,1.928571,1.411765,1.333333,1.222222,1.300000
sub-3bea84e7,0.256198,0.272727,0.190083,0.148760,0.132231,2.066667,2.062500,1.642857,1.384615,1.600000
sub-3c0c48f6,0.257732,0.226804,0.237113,0.257732,0.020619,1.666667,1.294118,1.437500,1.923077,1.000000
sub-3c412bbf,0.328000,0.368000,0.152000,0.120000,0.032000,2.411765,2.190476,1.583333,1.363636,1.000000
sub-3c46c07f,0.168000,0.256000,0.176000,0.176000,0.224000,1.500000,1.882353,1.833333,1.571429,2.000000
sub-3cc48bce,0.298077,0.326923,0.134615,0.153846,0.086538,1.722222,1.700000,1.555556,1.454545,1.285714
sub-3ccd2419,0.235294,0.264706,0.220588,0.132353,0.147059,1.066667,1.500000,1.363636,1.285714,1.111111
sub-3cdeee8a,0.428571,0.441558,0.051948,0.025974,0.051948,1.650000,1.700000,1.333333,1.000000,1.000000
sub-3d2a195e,0.401639,0.426230,0.073770,0.049180,0.049180,2.882353,2.736842,1.285714,1.200000,1.000000
sub-3dcc96bf,0.284314,0.343137,0.176471,0.176471,0.019608,1.812500,1.842105,1.500000,1.285714,1.000000
sub-3e8e8f70,0.388430,0.314050,0.066116,0.107438,0.123967,2.238095,2.235294,1.142857,1.181818,1.250000
sub-3ef55793,0.156250,0.197917,0.218750,0.302083,0.125000,1.250000,1.357143,1.500000,1.611111,1.090909
sub-3f20cb2f,0.161290,0.225806,0.236559,0.258065,0.118280,1.250000,1.500000,1.375000,1.846154,1.222222
sub-3f2c7881,0.313433,0.313433,0.119403,0.119403,0.134328,1.312500,1.500000,1.600000,1.333333,1.125000
sub-3f9845b7,0.411215,0.411215,0.056075,0.074766,0.046729,2.750000,2.444444,1.200000,1.000000,1.000000
sub-3fa321e5,0.290323,0.314516,0.120968,0.153226,0.120968,2.400000,1.950000,1.500000,1.583333,1.500000
sub-3fc89bdf,0.288136,0.305085,0.118644,0.186441,0.101695,1.307692,1.800000,1.166667,1.222222,1.200000
sub-3fdf00ec,0.151261,0.151261,0.294118,0.310924,0.092437,1.384615,1.200000,2.333333,2.055556,1.833333
sub-3fe4c8be,0.295082,0.327869,0.098361,0.229508,0.049180,1.285714,1.333333,1.200000,1.272727,1.000000
sub-3febaacb,0.300000,0.290909,0.163636,0.172727,0.072727,1.833333,1.882353,1.384615,1.357143,1.333333
sub-40480d87,0.276786,0.258929,0.187500,0.160714,0.116071,1.347826,1.450000,1.235294,1.200000,1.181818
sub-40a8af30,0.213115,0.163934,0.262295,0.270492,0.090164,1.857143,1.428571,1.777778,1.833333,1.100000
sub-40cd38aa,0.400000,0.424000,0.040000,0.064000,0.072000,2.500000,2.789474,1.000000,1.142857,1.125000
sub-4116e37f,0.161017,0.186441,0.203390,0.203390,0.245763,1.727273,2.000000,1.846154,1.714286,1.705882
sub-41837856,0.347107,0.404959,0.057851,0.074380,0.115702,2.470588,2.450000,1.166667,1.125000,1.750000
sub-41c65311,0.338843,0.330579,0.074380,0.099174,0.157025,2.733333,2.352941,1.285714,1.200000,1.727273
sub-41c80295,0.290909,0.400000,0.127273,0.090909,0.090909,1.454545,1.692308,1.000000,1.000000,1.000000
sub-41d5f210,0.388889,0.407407,0.055556,0.055556,0.092593,1.500000,1.466667,1.000000,1.000000,1.000000
sub-42313275,0.088496,0.079646,0.389381,0.389381,0.053097,1.111111,1.285714,2.588235,2.750000,1.000000
sub-424816de,0.118644,0.169492,0.364407,0.338983,0.008475,1.000000,1.428571,1.791667,2.500000,1.000000
sub-42be1b79,0.403226,0.322581,0.064516,0.016129,0.193548,3.125000,2.666667,1.142857,1.000000,1.600000
sub-42ff619b,0.217742,0.209677,0.137097,0.153226,0.282258,1.687500,1.444444,1.700000,1.461538,2.187500
sub-43223fee,0.393162,0.307692,0.128205,0.094017,0.076923,2.190476,2.250000,1.071429,1.100000,1.285714
sub-43687c63,0.223140,0.239669,0.256198,0.256198,0.024793,1.687500,1.812500,1.937500,2.384615,1.000000
sub-4377ba37,0.323944,0.239437,0.140845,0.140845,0.154930,1.352941,1.307692,1.111111,1.000000,1.100000
sub-43e6771c,0.176471,0.193277,0.252101,0.201681,0.176471,1.615385,1.769231,2.142857,1.600000,1.500000
sub-43fec3ba,0.382022,0.337079,0.134831,0.056180,0.089888,1.789474,2.142857,1.000000,1.000000,1.000000
sub-4507f914,0.280000,0.256000,0.088000,0.168000,0.208000,1.944444,2.000000,1.375000,1.500000,1.625000
sub-459d2f41,0.222222,0.250000,0.138889,0.138889,0.250000,1.600000,1.800000,1.363636,1.250000,1.588235
sub-459f502f,0.150685,0.205479,0.232877,0.273973,0.136986,1.222222,1.363636,1.416667,1.666667,1.111111
sub-45bcc689,0.240000,0.272000,0.128000,0.136000,0.224000,2.000000,2.428571,1.600000,1.416667,2.153846
sub-45c1d1f7,0.252174,0.269565,0.156522,0.069565,0.252174,1.812500,1.937500,1.500000,1.142857,1.611111
sub-45c73ddd,0.271186,0.254237,0.127119,0.220339,0.127119,1.684211,1.875000,1.250000,1.857143,1.250000
sub-45d3f841,0.386555,0.310924,0.142857,0.117647,0.042017,2.555556,2.055556,1.416667,1.272727,1.000000
sub-46dec161,0.250000,0.230000,0.190000,0.110000,0.220000,1.470588,1.352941,1.461538,1.222222,1.571429
sub-477fa3ad,0.306452,0.290323,0.088710,0.137097,0.177419,2.111111,1.800000,1.100000,1.545455,1.294118
sub-479ffa4f,0.434783,0.347826,0.043478,0.057971,0.115942,1.875000,1.846154,1.000000,1.000000,1.142857
sub-481c79cc,0.237705,0.270492,0.139344,0.163934,0.188525,1.450000,1.650000,1.307692,1.428571,1.437500
sub-48374184,0.326733,0.336634,0.168317,0.108911,0.059406,1.736842,2.000000,1.416667,1.222222,1.000000
sub-485dfbea,0.324324,0.337838,0.094595,0.094595,0.148649,1.263158,1.562500,1.166667,1.400000,1.222222
sub-485ec574,0.266667,0.275000,0.183333,0.166667,0.108333,1.882353,1.833333,1.466667,1.428571,1.300000
sub-486257c7,0.275229,0.247706,0.201835,0.211009,0.064220,1.578947,1.800000,1.571429,1.642857,1.166667
sub-48aef4b5,0.273504,0.273504,0.213675,0.111111,0.128205,2.133333,1.882353,1.785714,1.300000,1.153846
sub-48b8b0e4,0.328000,0.320000,0.128000,0.112000,0.112000,2.562500,2.222222,1.333333,1.166667,1.166667
sub-48deeaa7,0.406250,0.468750,0.031250,0.046875,0.046875,1.529412,1.764706,1.000000,1.000000,1.000000
sub-496a509f,0.287356,0.264368,0.195402,0.229885,0.022989,1.315789,1.352941,1.214286,1.111111,1.000000
sub-49efd909,0.316667,0.300000,0.100000,0.133333,0.150000,1.117647,1.125000,1.000000,1.000000,1.000000
sub-49f63af2,0.301075,0.311828,0.096774,0.118280,0.172043,1.647059,1.933333,1.125000,1.571429,1.333333
sub-4a3f09d6,0.353448,0.387931,0.077586,0.060345,0.120690,2.277778,2.250000,1.285714,1.166667,1.272727
sub-4ac4cb0a,0.450000,0.391667,0.075000,0.058333,0.025000,2.842105,2.238095,1.125000,1.000000,1.000000
sub-4ac8cb38,0.298246,0.298246,0.166667,0.122807,0.114035,1.888889,2.266667,1.357143,1.400000,1.625000
sub-4b1369b2,0.300000,0.225000,0.175000,0.158333,0.141667,1.894737,1.421053,1.400000,1.357143,1.214286
sub-4b356b3c,0.220339,0.254237,0.101695,0.271186,0.152542,1.300000,1.250000,1.200000,1.333333,1.285714
sub-4ba48d87,0.245283,0.283019,0.188679,0.141509,0.141509,1.444444,1.578947,1.428571,1.666667,1.363636
sub-4c422d32,0.304762,0.333333,0.095238,0.114286,0.152381,2.000000,2.058824,1.111111,1.200000,1.333333
sub-4cc4718f,0.302326,0.186047,0.186047,0.302326,0.023256,1.181818,1.142857,1.142857,1.181818,1.000000
sub-4cff45db,0.364407,0.338983,0.067797,0.059322,0.169492,2.866667,2.352941,1.000000,1.166667,1.538462
sub-4d7b20c6,0.217742,0.185484,0.177419,0.153226,0.266129,1.800000,1.769231,1.692308,1.900000,1.833333
sub-4dc75872,0.172727,0.172727,0.300000,0.281818,0.072727,1.055556,1.187500,1.833333,1.722222,1.333333
sub-4ddbfa65,0.275000,0.266667,0.191667,0.125000,0.141667,2.200000,2.133333,1.769231,1.363636,1.307692
sub-4df0773d,0.348624,0.339450,0.119266,0.100917,0.091743,2.375000,2.466667,1.444444,1.100000,1.250000
sub-4e349387,0.314516,0.346774,0.161290,0.145161,0.032258,2.052632,2.047619,1.666667,1.500000,1.333333
sub-4e43f365,0.234375,0.218750,0.109375,0.250000,0.187500,1.500000,1.272727,1.400000,1.454545,1.090909
sub-4e658572,0.175439,0.201754,0.114035,0.201754,0.307018,1.538462,1.533333,1.181818,1.437500,1.842105
sub-4e6e7db0,0.352000,0.360000,0.136000,0.120000,0.032000,1.833333,1.875000,1.214286,1.250000,1.000000
sub-4e9d2d10,0.386555,0.394958,0.058824,0.042017,0.117647,2.555556,2.764706,1.166667,1.000000,1.750000
sub-4ea3be7a,0.214286,0.250000,0.107143,0.130952,0.297619,1.285714,1.400000,1.285714,1.222222,1.470588
sub-4ead75cf,0.188119,0.207921,0.198020,0.247525,0.158416,1.187500,1.312500,1.333333,1.562500,1.333333
sub-4eb75032,0.282609,0.260870,0.184783,0.195652,0.076087,1.529412,1.600000,1.416667,1.500000,1.166667
sub-4f49b1b4,0.356522,0.356522,0.078261,0.130435,0.078261,2.562500,2.277778,1.285714,1.500000,1.500000
sub-4f51173e,0.293333,0.360000,0.133333,0.106667,0.106667,1.833333,1.928571,1.250000,1.142857,1.142857
sub-4f5238cb,0.266129,0.274194,0.209677,0.120968,0.129032,1.650000,1.700000,1.444444,1.250000,1.454545
sub-4f52e463,0.210526,0.175439,0.192982,0.157895,0.263158,1.090909,1.111111,1.000000,1.125000,1.250000
sub-4fc3e74e,0.284483,0.370690,0.129310,0.103448,0.112069,2.062500,2.388889,1.363636,1.090909,1.181818
sub-4fc5145f,0.340000,0.340000,0.100000,0.100000,0.120000,1.416667,1.545455,1.250000,1.000000,1.000000
sub-4fc822e3,0.375000,0.291667,0.150000,0.150000,0.033333,1.956522,1.590909,1.384615,1.200000,1.000000
sub-501a5ca8,0.264957,0.273504,0.170940,0.188034,0.102564,1.631579,1.600000,1.666667,1.571429,1.333333
sub-503252d4,0.235294,0.268908,0.134454,0.117647,0.243697,1.555556,1.777778,1.600000,1.555556,1.705882
sub-50537bb4,0.205128,0.222222,0.239316,0.239316,0.094017,1.714286,1.529412,1.400000,1.647059,1.375000
sub-50dcaf86,0.247423,0.185567,0.123711,0.175258,0.268041,1.500000,1.384615,1.090909,1.416667,1.857143
sub-512e75ea,0.200000,0.226087,0.173913,0.182609,0.217391,2.090909,1.625000,1.818182,1.615385,1.666667
sub-5176c157,0.232558,0.186047,0.186047,0.255814,0.139535,1.000000,1.000000,1.000000,1.100000,1.500000
sub-51e8ab97,0.219298,0.192982,0.254386,0.228070,0.105263,1.562500,1.833333,1.933333,2.166667,1.333333
sub-5205b2fb,0.241379,0.264368,0.241379,0.183908,0.068966,1.615385,1.533333,1.400000,1.454545,1.200000
sub-525c3545,0.315217,0.336957,0.119565,0.119565,0.108696,1.705882,1.722222,1.100000,1.222222,1.111111
sub-529a0294,0.254237,0.220339,0.135593,0.127119,0.262712,1.875000,1.444444,1.454545,1.500000,2.066667
sub-52a829d7,0.407767,0.388350,0.058252,0.038835,0.106796,2.100000,2.105263,1.000000,1.000000,1.222222
sub-52aa46c0,0.266667,0.323810,0.133333,0.171429,0.104762,1.750000,1.888889,1.400000,1.636364,1.571429
sub-52bbae05,0.324561,0.333333,0.149123,0.140351,0.052632,1.850000,2.000000,1.416667,1.142857,1.200000
sub-52cd90b2,0.204082,0.265306,0.285714,0.204082,0.040816,1.111111,1.181818,1.400000,1.000000,1.000000
sub-53072377,0.288136,0.355932,0.161017,0.144068,0.050847,1.888889,2.000000,1.055556,1.307692,1.000000
sub-5346a1ba,0.241758,0.208791,0.219780,0.164835,0.164835,1.571429,1.461538,1.666667,1.363636,1.500000
sub-534f8709,0.285714,0.275510,0.112245,0.255102,0.071429,2.153846,2.076923,1.222222,1.785714,1.166667
sub-542ae25a,0.284314,0.303922,0.107843,0.156863,0.147059,1.526316,1.550000,1.222222,1.333333,1.363636
sub-5447d53e,0.225806,0.322581,0.172043,0.118280,0.161290,1.500000,2.000000,1.454545,1.100000,1.363636
sub-554535d0,0.365854,0.325203,0.097561,0.113821,0.097561,2.250000,2.105263,1.500000,1.166667,1.500000
sub-5568cf0b,0.188525,0.213115,0.229508,0.147541,0.221311,1.642857,1.733333,1.555556,1.200000,1.687500
sub-5575829d,0.434783,0.347826,0.072464,0.072464,0.072464,1.764706,1.500000,1.250000,1.666667,1.000000
sub-559c0e69,0.319588,0.340206,0.144330,0.185567,0.010309,1.631579,1.736842,1.555556,1.500000,1.000000
sub-563b43ed,0.235294,0.252101,0.134454,0.176471,0.201681,2.333333,2.000000,1.333333,1.909091,2.000000
sub-565f562c,0.418033,0.385246,0.065574,0.090164,0.040984,2.318182,2.473684,1.142857,1.375000,1.000000
sub-56c7496a,0.246154,0.276923,0.138462,0.138462,0.200000,1.230769,1.125000,1.000000,1.000000,1.083333
sub-56e0ac2b,0.178862,0.211382,0.138211,0.235772,0.235772,1.466667,1.529412,1.545455,1.705882,1.705882
sub-56fb32cf,0.320988,0.358025,0.123457,0.049383,0.148148,1.625000,1.812500,1.111111,1.000000,1.200000
sub-57636d13,0.341772,0.303797,0.151899,0.050633,0.151899,1.421053,1.600000,1.200000,1.000000,1.200000
sub-576cf5b1,0.327103,0.373832,0.093458,0.140187,0.065421,2.058824,2.500000,1.000000,1.500000,1.000000
sub-5785591b,0.276423,0.308943,0.211382,0.162602,0.040650,2.428571,2.375000,1.625000,1.428571,1.250000
sub-57c4e05a,0.294643,0.276786,0.178571,0.160714,0.089286,2.200000,1.631579,1.538462,1.384615,1.428571
sub-57c8968f,0.191667,0.166667,0.200000,0.258333,0.183333,1.437500,1.428571,1.411765,1.937500,1.692308
sub-583b83af,0.205128,0.230769,0.230769,0.170940,0.162393,1.600000,1.800000,2.076923,1.666667,1.900000
sub-585b8040,0.375000,0.375000,0.066667,0.066667,0.116667,2.500000,2.812500,1.000000,1.000000,1.272727
sub-588d313c,0.362069,0.344828,0.103448,0.172414,0.017241,1.400000,1.250000,1.200000,1.111111,1.000000
sub-58de2806,0.324786,0.307692,0.102564,0.136752,0.128205,1.809524,1.800000,1.333333,1.142857,1.153846
sub-596a32bf,0.571429,0.333333,0.000000,0.047619,0.047619,1.714286,1.166667,NaN,1.000000,1.000000
sub-59d3b6ea,0.303030,0.333333,0.141414,0.191919,0.030303,2.000000,1.736842,1.166667,1.583333,1.000000
sub-5a17c30b,0.313559,0.279661,0.076271,0.101695,0.228814,1.947368,2.062500,1.285714,1.090909,1.687500
sub-5a1bf2c5,0.152542,0.135593,0.288136,0.305085,0.118644,1.000000,1.000000,1.133333,1.384615,1.000000
sub-5a2e3da1,0.162791,0.093023,0.302326,0.337209,0.104651,1.076923,1.000000,1.625000,1.450000,1.285714
sub-5a312fd5,0.302752,0.321101,0.119266,0.128440,0.128440,1.833333,2.187500,1.300000,1.555556,1.555556
sub-5ac87eeb,0.352459,0.344262,0.114754,0.098361,0.090164,2.047619,2.210526,1.272727,1.090909,1.222222
sub-5b32d62f,0.303571,0.250000,0.107143,0.142857,0.196429,2.000000,2.000000,1.500000,1.333333,1.571429
sub-5bf7016d,0.371901,0.396694,0.082645,0.099174,0.049587,2.647059,2.666667,1.111111,1.333333,1.200000
sub-5c5475c5,0.310345,0.336207,0.086207,0.112069,0.155172,2.000000,2.294118,1.428571,1.300000,1.636364
sub-5c99d342,0.320000,0.328000,0.120000,0.104000,0.128000,2.222222,1.863636,1.153846,1.444444,1.454545
sub-5ca5829f,0.308943,0.349593,0.130081,0.081301,0.130081,2.000000,2.150000,2.000000,1.111111,1.333333
sub-5cd51685,0.303797,0.316456,0.113924,0.063291,0.202532,1.714286,1.562500,1.125000,1.000000,1.333333
sub-5d1e130f,0.282051,0.290598,0.188034,0.128205,0.111111,1.941176,2.000000,1.375000,1.250000,1.625000
sub-5dd303b2,0.341463,0.373984,0.146341,0.105691,0.032520,2.625000,2.875000,1.384615,1.444444,1.333333
sub-5e1d9c42,0.424000,0.360000,0.120000,0.088000,0.008000,2.789474,2.500000,1.500000,1.571429,1.000000
sub-5e1f7ed3,0.272000,0.248000,0.160000,0.112000,0.208000,1.888889,1.722222,1.666667,1.400000,1.625000
sub-5e3c3afb,0.288000,0.288000,0.208000,0.120000,0.096000,2.000000,1.714286,1.529412,1.500000,1.200000
sub-5e51d572,0.218182,0.254545,0.181818,0.200000,0.145455,1.500000,1.166667,1.000000,1.222222,1.142857
sub-5e9dcb61,0.154472,0.219512,0.219512,0.154472,0.252033,1.461538,1.687500,1.928571,1.461538,2.384615
sub-5ef7c611,0.170455,0.125000,0.250000,0.329545,0.125000,1.500000,1.222222,1.833333,1.812500,1.100000
sub-5f032887,0.313725,0.254902,0.176471,0.156863,0.098039,1.230769,1.300000,1.285714,1.142857,1.250000
sub-5f0402f7,0.319672,0.377049,0.098361,0.065574,0.139344,2.437500,2.421053,1.333333,1.333333,1.307692
sub-5f1d259b,0.268908,0.294118,0.134454,0.109244,0.193277,1.777778,2.058824,1.454545,1.181818,1.437500
sub-60c87b50,0.431034,0.379310,0.034483,0.086207,0.068966,1.785714,1.294118,1.000000,1.000000,1.000000
sub-60e4dbc3,0.400000,0.368000,0.080000,0.088000,0.064000,2.272727,2.000000,1.250000,1.100000,1.142857
sub-6104407d,0.200000,0.200000,0.280000,0.288000,0.032000,1.785714,1.785714,1.944444,2.400000,1.000000
sub-6112bc46,0.308824,0.338235,0.073529,0.088235,0.191176,1.312500,1.533333,1.250000,1.000000,1.444444
sub-614b9e3e,0.305263,0.336842,0.147368,0.178947,0.031579,1.933333,1.777778,1.400000,1.214286,1.000000
sub-6155c1e5,0.258929,0.258929,0.205357,0.089286,0.187500,1.705882,1.933333,1.352941,1.428571,1.400000
sub-615d62df,0.148649,0.162162,0.256757,0.256757,0.175676,1.375000,1.333333,1.187500,1.461538,1.300000
sub-61d78bb2,0.304000,0.352000,0.128000,0.080000,0.136000,1.900000,2.588235,1.454545,1.111111,1.545455
sub-61eac6f3,0.325000,0.266667,0.200000,0.175000,0.033333,1.950000,2.285714,1.714286,1.400000,1.000000
sub-629c251b,0.330357,0.250000,0.080357,0.160714,0.178571,1.947368,2.000000,1.285714,1.384615,1.666667
sub-6308aaa8,0.217391,0.188406,0.202899,0.130435,0.260870,1.250000,1.083333,1.272727,1.285714,1.384615
sub-633e6b98,0.215686,0.254902,0.215686,0.078431,0.235294,1.000000,1.083333,1.000000,1.000000,1.200000
sub-63a7b87c,0.394958,0.352941,0.092437,0.109244,0.050420,2.350000,2.333333,1.222222,1.181818,1.200000
sub-64a3a945,0.262295,0.188525,0.180328,0.131148,0.237705,1.684211,1.642857,1.571429,1.600000,2.071429
sub-64fc196a,0.305556,0.263889,0.180556,0.138889,0.111111,1.466667,1.266667,1.444444,1.250000,1.000000
sub-65a6bc4c,0.308333,0.375000,0.075000,0.100000,0.141667,2.312500,3.000000,1.500000,2.000000,1.545455
sub-65ecc1be,0.273585,0.245283,0.198113,0.207547,0.075472,1.812500,1.444444,1.312500,1.466667,1.142857
sub-663ac8a2,0.377358,0.320755,0.150943,0.028302,0.122642,1.904762,1.789474,1.142857,1.000000,1.181818
sub-66512678,0.325000,0.375000,0.075000,0.125000,0.100000,1.083333,1.250000,1.000000,1.000000,1.000000
sub-66675fc2,0.336957,0.326087,0.076087,0.097826,0.163043,1.722222,1.764706,1.166667,1.000000,1.500000
sub-6677628c,0.257143,0.247619,0.142857,0.085714,0.266667,1.687500,1.625000,1.363636,1.500000,1.866667
sub-66c1d953,0.203540,0.221239,0.238938,0.283186,0.053097,1.642857,1.562500,1.928571,1.777778,1.200000
sub-66deda53,0.378049,0.317073,0.048780,0.121951,0.134146,1.937500,1.625000,1.000000,1.111111,1.571429
sub-67ae9678,0.320755,0.311321,0.122642,0.094340,0.150943,2.125000,1.941176,1.444444,1.111111,1.600000
sub-6823669d,0.441860,0.302326,0.116279,0.093023,0.046512,1.117647,1.083333,1.000000,1.000000,1.000000
sub-682e92c6,0.202899,0.217391,0.275362,0.260870,0.043478,1.076923,1.363636,1.357143,1.500000,1.000000
sub-683beff3,0.296296,0.370370,0.166667,0.129630,0.037037,1.230769,1.538462,1.000000,1.166667,1.000000
sub-685b7d1e,0.397260,0.397260,0.027397,0.095890,0.082192,1.611111,1.611111,1.000000,1.166667,1.000000
sub-68dd5689,0.372340,0.287234,0.159574,0.170213,0.010638,2.058824,1.500000,1.153846,1.333333,1.000000
sub-6915f78a,0.101449,0.130435,0.318841,0.246377,0.202899,1.166667,1.125000,1.571429,1.214286,1.555556
sub-691a4577,0.229358,0.293578,0.220183,0.220183,0.036697,1.785714,1.600000,1.500000,1.500000,1.000000
sub-692b19b9,0.217391,0.217391,0.130435,0.260870,0.173913,1.153846,1.153846,1.285714,1.200000,1.090909
sub-6944d2a3,0.400000,0.317647,0.117647,0.105882,0.058824,1.888889,1.687500,1.250000,1.000000,1.000000
sub-69480fce,0.287234,0.319149,0.180851,0.063830,0.148936,1.588235,1.875000,1.307692,1.000000,1.076923
sub-6af6e0f1,0.347826,0.278261,0.191304,0.173913,0.008696,2.105263,1.684211,1.466667,1.818182,1.000000
sub-6b6b9836,0.327586,0.353448,0.129310,0.086207,0.103448,2.235294,2.277778,1.250000,1.111111,1.333333
sub-6b6e11f5,0.261364,0.227273,0.204545,0.170455,0.136364,1.352941,1.428571,1.500000,1.153846,1.500000
sub-6b998730,0.344828,0.293103,0.103448,0.094828,0.163793,2.222222,2.000000,1.333333,1.222222,1.187500
sub-6bc464da,0.364407,0.338983,0.135593,0.127119,0.033898,2.150000,2.000000,1.230769,1.363636,1.000000
sub-6bd517ea,0.178218,0.198020,0.178218,0.198020,0.247525,1.384615,1.666667,1.500000,1.666667,1.785714
sub-6bd58939,0.289474,0.254386,0.175439,0.096491,0.184211,1.833333,1.933333,1.818182,1.222222,1.750000
sub-6bdfd645,0.183333,0.133333,0.250000,0.200000,0.233333,1.692308,1.454545,1.875000,1.200000,1.647059
sub-6c6a1f71,0.081967,0.196721,0.147541,0.163934,0.409836,1.250000,1.200000,1.000000,1.000000,1.666667
sub-6c813377,0.428571,0.418367,0.061224,0.061224,0.030612,2.625000,2.277778,1.000000,1.200000,1.500000
sub-6c86dde0,0.230769,0.269231,0.201923,0.259615,0.038462,1.714286,1.866667,1.615385,1.800000,1.000000
sub-6ce2c563,0.217742,0.145161,0.225806,0.177419,0.233871,1.928571,1.636364,1.866667,1.571429,1.705882
sub-6ce2fd06,0.346535,0.306931,0.128713,0.138614,0.079208,2.058824,1.937500,1.625000,1.400000,1.000000
sub-6cee4e1a,0.348315,0.314607,0.179775,0.078652,0.078652,1.722222,1.750000,1.333333,1.166667,1.750000
sub-6cffa7ab,0.193277,0.285714,0.159664,0.050420,0.310924,1.533333,1.888889,1.583333,1.000000,1.850000
sub-6d1c00b7,0.117647,0.142857,0.327731,0.285714,0.126050,1.555556,1.700000,2.052632,2.266667,1.363636
sub-6d36bb8b,0.358491,0.283019,0.150943,0.188679,0.018868,2.111111,1.500000,1.333333,1.666667,1.000000
sub-6d602a07,0.404959,0.355372,0.082645,0.123967,0.033058,2.450000,2.263158,1.111111,1.666667,1.000000
sub-6d6b950c,0.330508,0.322034,0.127119,0.211864,0.008475,2.294118,2.533333,1.363636,1.562500,1.000000
sub-6d76b349,0.296296,0.296296,0.185185,0.166667,0.055556,1.230769,1.230769,1.111111,1.000000,1.000000
sub-6db06aa3,0.355932,0.381356,0.110169,0.093220,0.059322,2.000000,2.250000,1.300000,1.100000,1.166667
sub-6ddb196d,0.307018,0.359649,0.096491,0.131579,0.105263,2.187500,1.863636,1.222222,1.250000,1.333333
sub-6de5446e,0.300000,0.245455,0.163636,0.109091,0.181818,1.434783,1.500000,1.800000,1.333333,1.666667
sub-6e5fa079,0.433735,0.433735,0.036145,0.060241,0.036145,2.000000,1.894737,1.000000,1.000000,1.000000
sub-6e7b5c24,0.188889,0.111111,0.133333,0.211111,0.355556,1.214286,1.250000,1.200000,1.583333,1.684211
sub-6fb0f8d7,0.330435,0.286957,0.121739,0.182609,0.078261,2.000000,1.941176,1.555556,1.615385,1.285714
sub-6fb39ec0,0.300813,0.284553,0.130081,0.195122,0.089431,1.947368,2.333333,1.230769,1.846154,1.375000
sub-70d49e3d,0.323232,0.343434,0.090909,0.090909,0.151515,2.000000,2.266667,1.125000,1.125000,1.250000
sub-716525e1,0.160000,0.240000,0.120000,0.160000,0.320000,1.230769,1.600000,1.200000,1.454545,1.684211
sub-71b4b2c4,0.318584,0.221239,0.176991,0.168142,0.115044,2.000000,1.470588,1.428571,1.357143,1.625000
sub-726c5c90,0.237705,0.213115,0.139344,0.204918,0.204918,1.450000,1.625000,1.545455,1.562500,1.666667
sub-72783f7b,0.245614,0.245614,0.175439,0.061404,0.271930,1.866667,1.473684,1.666667,1.166667,2.214286
sub-72a38adb,0.328358,0.343284,0.164179,0.074627,0.089552,1.466667,1.533333,1.000000,1.000000,1.500000
sub-730420ef,0.250000,0.277778,0.166667,0.175926,0.129630,1.928571,2.000000,1.384615,1.461538,1.555556
sub-7313c72c,0.080645,0.153226,0.266129,0.290323,0.209677,1.250000,1.461538,1.941176,1.800000,2.000000
sub-733cb8fe,0.400000,0.350000,0.066667,0.100000,0.083333,2.400000,2.210526,1.142857,1.500000,1.250000
sub-737f0fee,0.250000,0.312500,0.135417,0.125000,0.177083,1.500000,1.578947,1.181818,1.200000,1.545455
sub-73c6811b,0.184211,0.276316,0.052632,0.118421,0.368421,1.272727,1.750000,1.000000,1.125000,1.866667
sub-745f0879,0.290323,0.274194,0.225806,0.161290,0.048387,1.200000,1.214286,1.076923,1.111111,1.000000
sub-75251924,0.115385,0.051282,0.346154,0.269231,0.217949,1.285714,1.000000,1.588235,1.500000,1.416667
sub-752a59c6,0.475610,0.341463,0.085366,0.060976,0.036585,2.052632,1.866667,1.166667,1.000000,1.000000
sub-756d664c,0.280374,0.242991,0.130841,0.084112,0.261682,1.666667,1.625000,1.400000,1.125000,1.750000
sub-75b501f4,0.250000,0.210000,0.220000,0.180000,0.140000,1.666667,1.312500,1.571429,1.285714,1.400000
sub-75bb5553,0.440000,0.392000,0.064000,0.040000,0.064000,2.291667,2.333333,1.142857,1.000000,1.000000
sub-76e13175,0.415929,0.433628,0.061947,0.053097,0.035398,2.611111,2.882353,1.166667,1.000000,1.000000
sub-7747c61c,0.287234,0.287234,0.095745,0.170213,0.159574,1.800000,1.800000,1.500000,1.454545,1.363636
sub-7757fd50,0.328571,0.328571,0.085714,0.128571,0.128571,1.533333,1.533333,1.200000,1.125000,1.285714
sub-77c583ae,0.263736,0.252747,0.197802,0.230769,0.054945,1.500000,1.642857,1.285714,1.750000,1.250000
sub-77cb3435,0.368932,0.291262,0.097087,0.145631,0.097087,1.900000,1.764706,1.000000,1.363636,1.000000
sub-7814effe,0.378641,0.398058,0.087379,0.038835,0.097087,1.950000,1.952381,1.125000,1.000000,1.428571
sub-78ebedd2,0.333333,0.373984,0.081301,0.130081,0.081301,2.050000,2.300000,1.111111,1.333333,1.111111
sub-793cb691,0.155172,0.094828,0.258621,0.241379,0.250000,1.384615,1.222222,1.875000,1.555556,1.933333
sub-7954d561,0.315789,0.333333,0.210526,0.087719,0.052632,1.200000,1.357143,1.090909,1.000000,1.000000
sub-7a1418be,0.192661,0.211009,0.220183,0.165138,0.211009,1.400000,1.533333,2.000000,1.500000,1.769231
sub-7a9bd64f,0.429752,0.388430,0.049587,0.057851,0.074380,2.736842,2.473684,1.200000,1.166667,1.500000
sub-7adaf0db,0.288000,0.264000,0.096000,0.080000,0.272000,1.894737,1.650000,1.333333,1.111111,1.619048
sub-7aee16bc,0.266129,0.258065,0.161290,0.137097,0.177419,1.833333,1.777778,1.428571,1.545455,1.571429
sub-7b18b386,0.320000,0.306667,0.093333,0.120000,0.160000,1.600000,1.533333,1.400000,1.285714,1.200000
sub-7b21550b,0.356436,0.376238,0.108911,0.089109,0.069307,2.000000,2.111111,1.375000,1.285714,1.400000
sub-7bb3c4d7,0.282258,0.314516,0.161290,0.112903,0.129032,1.842105,1.950000,1.333333,1.272727,1.333333
sub-7c447b7f,0.349057,0.311321,0.141509,0.075472,0.122642,1.681818,1.736842,1.250000,1.142857,1.444444
sub-7c89df60,0.197674,0.174419,0.232558,0.302326,0.093023,1.545455,1.153846,1.538462,2.000000,1.333333
sub-7cc7ef7f,0.282353,0.294118,0.058824,0.141176,0.223529,1.600000,2.083333,1.000000,1.200000,1.266667
sub-7cd8552d,0.349398,0.385542,0.084337,0.120482,0.060241,1.812500,1.882353,1.166667,1.111111,1.250000
sub-7d1a4a50,0.246914,0.222222,0.222222,0.283951,0.024691,1.428571,1.384615,1.384615,1.210526,1.000000
sub-7d1efb79,0.226087,0.226087,0.130435,0.234783,0.182609,1.857143,1.857143,1.363636,2.454545,1.400000
sub-7d9b9cd6,0.344828,0.293103,0.146552,0.198276,0.017241,2.000000,1.789474,1.214286,1.642857,1.000000
sub-7e17b2e0,0.396396,0.360360,0.099099,0.108108,0.036036,2.588235,2.500000,1.222222,1.333333,1.333333
sub-7e6092e9,0.267857,0.285714,0.160714,0.142857,0.142857,1.071429,1.230769,1.125000,1.142857,1.142857
sub-7eea71d8,0.360000,0.320000,0.128000,0.112000,0.080000,2.368421,2.105263,1.333333,1.272727,1.250000
sub-7f1a99a8,0.154762,0.261905,0.238095,0.321429,0.023810,1.444444,1.571429,1.538462,1.500000,1.000000
sub-7f3a85eb,0.270492,0.147541,0.172131,0.188525,0.221311,2.062500,1.800000,1.312500,1.533333,1.928571
sub-7f94c42b,0.252427,0.262136,0.097087,0.165049,0.223301,1.625000,1.588235,1.111111,1.545455,1.916667
sub-7fee8697,0.131313,0.171717,0.272727,0.191919,0.232323,1.444444,1.214286,1.800000,1.727273,1.769231
sub-8012fd9b,0.179487,0.192308,0.243590,0.269231,0.115385,1.400000,1.500000,1.461538,1.615385,1.285714
sub-8044a762,0.155556,0.088889,0.155556,0.311111,0.288889,1.000000,1.000000,1.166667,1.166667,1.000000
sub-8085a954,0.342342,0.288288,0.144144,0.135135,0.090090,1.900000,1.882353,1.454545,1.250000,1.111111
sub-80894abd,0.375000,0.339286,0.169643,0.089286,0.026786,2.000000,2.111111,1.266667,1.428571,1.000000
sub-810edeef,0.342593,0.333333,0.148148,0.138889,0.037037,2.312500,2.250000,1.600000,1.250000,1.333333
sub-818c4a36,0.271930,0.175439,0.236842,0.157895,0.157895,2.066667,1.818182,1.588235,1.285714,1.285714
sub-81d23338,0.298969,0.329897,0.134021,0.103093,0.134021,1.611111,1.684211,1.181818,1.111111,1.181818
sub-82746982,0.292683,0.276423,0.130081,0.113821,0.186992,2.571429,2.428571,2.000000,1.400000,1.437500
sub-82825229,0.352000,0.328000,0.168000,0.104000,0.048000,2.315789,1.863636,1.500000,1.625000,1.000000
sub-829d3b5f,0.252874,0.287356,0.195402,0.149425,0.114943,1.375000,1.470588,1.416667,1.000000,1.250000
sub-83080cc6,0.348315,0.325843,0.157303,0.101124,0.067416,1.722222,1.933333,1.400000,1.125000,1.500000
sub-83285a20,0.062500,0.116071,0.339286,0.160714,0.321429,1.166667,1.083333,2.235294,1.384615,2.250000
sub-83586c4d,0.250000,0.231481,0.250000,0.120370,0.148148,1.928571,1.785714,1.928571,1.181818,1.777778
sub-83ae2faf,0.343750,0.312500,0.062500,0.187500,0.093750,1.157895,1.428571,1.000000,1.090909,1.000000
sub-83db705c,0.299145,0.282051,0.111111,0.102564,0.205128,2.333333,2.062500,1.444444,1.500000,2.000000
sub-83fee1a8,0.058252,0.097087,0.349515,0.271845,0.223301,1.000000,1.111111,2.000000,1.866667,1.437500
sub-8411712f,0.133333,0.125000,0.325000,0.341667,0.075000,1.333333,1.250000,2.294118,1.782609,1.285714
sub-8428de6b,0.272727,0.345455,0.181818,0.145455,0.054545,1.250000,1.461538,1.000000,1.000000,1.500000
sub-84691a8d,0.341176,0.352941,0.141176,0.129412,0.035294,1.812500,1.578947,1.500000,1.222222,1.000000
sub-850c9540,0.341772,0.278481,0.177215,0.164557,0.037975,1.588235,1.571429,1.272727,1.300000,1.000000
sub-852c0f5b,0.385417,0.385417,0.052083,0.093750,0.083333,1.608696,1.850000,1.250000,1.125000,1.000000
sub-85592030,0.319149,0.329787,0.117021,0.095745,0.138298,1.875000,1.937500,1.100000,1.500000,1.625000
sub-8566bafc,0.248000,0.224000,0.192000,0.120000,0.216000,1.722222,1.400000,1.600000,1.666667,1.588235
sub-85e64ddb,0.319328,0.268908,0.159664,0.168067,0.084034,1.900000,2.000000,1.187500,1.250000,1.666667
sub-861893b0,0.146552,0.172414,0.224138,0.250000,0.206897,1.307692,1.538462,1.857143,2.071429,2.000000
sub-8654789d,0.301724,0.353448,0.103448,0.120690,0.120690,1.944444,2.157895,1.333333,1.272727,1.272727
sub-86be733a,0.408000,0.384000,0.072000,0.032000,0.104000,2.428571,3.692308,1.500000,1.333333,1.181818
sub-87561528,0.183673,0.142857,0.204082,0.183673,0.285714,1.500000,1.400000,1.666667,1.285714,2.000000
sub-876fc880,0.336449,0.373832,0.093458,0.093458,0.102804,2.769231,2.857143,1.250000,1.111111,1.222222
sub-88925b80,0.308943,0.268293,0.170732,0.186992,0.065041,2.000000,1.500000,1.750000,1.769231,1.333333
sub-88bfc200,0.450980,0.401961,0.049020,0.058824,0.039216,2.875000,2.411765,1.000000,1.200000,1.000000
sub-88dc1dcf,0.247934,0.157025,0.231405,0.190083,0.173554,1.428571,1.461538,1.750000,1.533333,1.750000
sub-8904b7ad,0.219048,0.247619,0.161905,0.257143,0.114286,1.642857,2.000000,1.214286,1.800000,1.500000
sub-89977442,0.267857,0.339286,0.178571,0.214286,0.000000,1.153846,1.266667,1.111111,1.500000,NaN
sub-89e0a235,0.373494,0.421687,0.096386,0.072289,0.036145,1.937500,2.333333,1.142857,1.000000,1.000000
sub-8a8e58c7,0.303571,0.357143,0.160714,0.125000,0.053571,2.266667,2.000000,1.200000,1.400000,1.200000
sub-8ab1fb97,0.397260,0.383562,0.123288,0.095890,0.000000,1.812500,2.000000,1.285714,1.166667,NaN
sub-8ae25413,0.350427,0.341880,0.136752,0.119658,0.051282,2.157895,2.222222,1.333333,1.555556,1.500000
sub-8b339985,0.288000,0.272000,0.168000,0.128000,0.144000,2.000000,1.789474,1.400000,1.454545,1.384615
sub-8b5c184b,0.208333,0.216667,0.216667,0.166667,0.191667,1.666667,1.857143,1.444444,1.428571,1.437500
sub-8bed797c,0.261261,0.279279,0.198198,0.171171,0.090090,1.705882,1.631579,1.100000,1.117647,1.428571
sub-8c27b6a0,0.234043,0.180851,0.234043,0.223404,0.127660,1.466667,1.307692,1.466667,1.615385,1.500000
sub-8c4414a7,0.222222,0.263889,0.152778,0.166667,0.194444,1.333333,1.583333,1.222222,1.200000,1.272727
sub-8c4e9db4,0.333333,0.291667,0.183333,0.175000,0.016667,2.000000,2.058824,1.466667,1.400000,2.000000
sub-8c5de839,0.316327,0.326531,0.163265,0.173469,0.020408,1.823529,1.777778,1.333333,1.416667,1.000000
sub-8c9437ca,0.244444,0.222222,0.111111,0.200000,0.222222,1.000000,1.000000,1.000000,1.125000,1.000000
sub-8c9f12d7,0.209677,0.201613,0.185484,0.201613,0.201613,1.733333,1.470588,1.533333,1.666667,1.923077
sub-8cb711d8,0.378049,0.365854,0.097561,0.097561,0.060976,1.937500,1.875000,1.142857,1.142857,1.000000
sub-8cf9cabb,0.213115,0.262295,0.188525,0.147541,0.188525,1.625000,1.523810,1.437500,1.285714,1.533333
sub-8d089883,0.314516,0.217742,0.169355,0.120968,0.177419,2.052632,1.800000,1.500000,1.363636,2.000000
sub-8dd8aae9,0.200000,0.200000,0.216000,0.256000,0.128000,1.562500,1.562500,1.800000,1.777778,1.454545
sub-8e2bf258,0.188034,0.196581,0.247863,0.170940,0.196581,1.375000,1.437500,1.705882,1.333333,1.916667
sub-8ea25180,0.367347,0.275510,0.081633,0.193878,0.081633,2.000000,1.928571,1.333333,1.357143,1.142857
sub-8ed3da91,0.317073,0.382114,0.097561,0.056911,0.146341,1.857143,2.350000,1.333333,1.000000,1.636364
sub-8ed731e8,0.294737,0.305263,0.136842,0.105263,0.157895,2.000000,2.071429,1.625000,1.250000,1.666667
sub-8ef356b5,0.330275,0.284404,0.155963,0.155963,0.073394,1.894737,1.722222,1.133333,1.416667,1.600000
sub-8f4474ef,0.151261,0.168067,0.268908,0.277311,0.134454,1.384615,1.538462,1.684211,1.941176,1.600000
sub-8f7715d7,0.333333,0.311111,0.133333,0.066667,0.155556,1.666667,1.750000,1.333333,1.200000,1.166667
sub-8f875876,0.229730,0.148649,0.270270,0.216216,0.135135,1.307692,1.222222,1.666667,1.600000,1.250000
sub-8fc60c3e,0.282051,0.346154,0.089744,0.102564,0.179487,1.375000,1.928571,1.166667,1.142857,1.272727
sub-8fec9609,0.325203,0.325203,0.162602,0.065041,0.121951,2.000000,2.000000,1.176471,1.000000,1.363636
sub-901564ff,0.316667,0.300000,0.125000,0.141667,0.116667,2.111111,2.117647,1.250000,1.700000,1.555556
sub-90647b29,0.093220,0.084746,0.330508,0.211864,0.279661,1.375000,1.000000,2.052632,1.785714,1.833333
sub-90716faf,0.385542,0.313253,0.048193,0.144578,0.108434,1.684211,1.625000,1.000000,1.333333,1.125000
sub-9092ef73,0.218182,0.290909,0.181818,0.163636,0.145455,1.200000,1.142857,1.000000,1.125000,1.142857
sub-9096f672,0.401639,0.426230,0.073770,0.040984,0.057377,2.578947,2.600000,1.125000,1.250000,1.166667
sub-90eaa6c9,0.255319,0.276596,0.234043,0.234043,0.000000,1.090909,1.300000,1.222222,1.100000,NaN
sub-90fb217e,0.222222,0.213675,0.205128,0.128205,0.230769,1.857143,2.083333,2.000000,1.666667,1.928571
sub-917ef236,0.333333,0.305556,0.101852,0.138889,0.120370,2.000000,1.941176,1.222222,1.153846,1.444444
sub-91afcb45,0.253012,0.325301,0.120482,0.144578,0.156627,1.615385,1.687500,1.250000,1.333333,1.300000
sub-91b76f88,0.361111,0.388889,0.027778,0.125000,0.097222,1.625000,1.400000,1.000000,1.125000,1.166667
sub-91f6cb54,0.300885,0.398230,0.079646,0.061947,0.159292,1.888889,2.142857,1.285714,1.000000,1.200000
sub-923f6d69,0.252427,0.203883,0.203883,0.116505,0.223301,1.368421,1.909091,1.312500,1.500000,1.769231
sub-92645ffb,0.372549,0.401961,0.078431,0.078431,0.068627,2.235294,2.157895,1.142857,1.333333,1.000000
sub-9314f13e,0.259259,0.222222,0.197531,0.197531,0.123457,1.500000,1.285714,1.230769,1.333333,1.111111
sub-93b15938,0.202703,0.256757,0.189189,0.270270,0.081081,1.250000,1.461538,1.076923,1.428571,1.200000
sub-93f05d08,0.309735,0.327434,0.141593,0.141593,0.079646,2.187500,1.850000,1.333333,1.230769,1.125000
sub-94035ab0,0.278846,0.298077,0.182692,0.096154,0.144231,1.705882,1.631579,1.583333,1.250000,1.363636
sub-941fc5cd,0.394495,0.348624,0.082569,0.064220,0.110092,2.047619,2.235294,1.125000,1.166667,1.500000
sub-945bf396,0.434343,0.383838,0.050505,0.070707,0.060606,3.071429,2.714286,1.250000,1.750000,1.200000
sub-94785f0d,0.357798,0.302752,0.155963,0.128440,0.055046,1.950000,1.941176,1.214286,1.400000,1.000000
sub-9484da79,0.295455,0.261364,0.113636,0.113636,0.215909,1.444444,1.352941,1.111111,1.111111,1.357143
sub-9504cb5a,0.300813,0.284553,0.170732,0.097561,0.146341,2.466667,1.944444,1.750000,1.333333,1.285714
sub-950d9af4,0.281818,0.245455,0.081818,0.145455,0.245455,1.631579,1.500000,1.285714,1.454545,1.800000
sub-95206ec5,0.188679,0.226415,0.245283,0.132075,0.207547,1.538462,1.500000,1.444444,1.400000,1.466667
sub-9579fc69,0.301370,0.260274,0.205479,0.178082,0.054795,1.466667,1.117647,1.071429,1.181818,1.000000
sub-96188e61,0.320755,0.339623,0.169811,0.150943,0.018868,1.888889,2.117647,1.384615,1.600000,1.000000
sub-965e0b39,0.355372,0.355372,0.107438,0.090909,0.090909,2.866667,2.263158,1.444444,1.571429,1.222222
sub-9677d29e,0.336842,0.336842,0.094737,0.073684,0.157895,2.000000,1.882353,1.500000,1.000000,1.363636
sub-96af5d3c,0.382114,0.341463,0.113821,0.113821,0.048780,2.473684,2.333333,1.400000,1.400000,1.500000
sub-97594e87,0.254098,0.286885,0.180328,0.163934,0.114754,1.631579,1.842105,1.466667,1.666667,1.400000
sub-976c58d9,0.305785,0.247934,0.140496,0.247934,0.057851,1.947368,1.764706,1.307692,2.000000,1.400000
sub-97910eaf,0.272000,0.256000,0.152000,0.112000,0.208000,1.888889,2.000000,1.900000,1.166667,1.733333
sub-97cf1a68,0.229508,0.262295,0.155738,0.114754,0.237705,1.866667,1.882353,1.461538,1.400000,2.071429
sub-985ef253,0.225000,0.183333,0.241667,0.308333,0.041667,1.928571,1.692308,1.933333,2.312500,1.000000
sub-98d3f087,0.153226,0.129032,0.217742,0.185484,0.314516,1.357143,1.600000,1.500000,1.533333,2.166667
sub-99b5018c,0.393443,0.442623,0.040984,0.049180,0.073770,2.086957,2.347826,1.250000,1.200000,1.000000
sub-99eeeb14,0.281553,0.330097,0.165049,0.145631,0.077670,1.933333,1.888889,1.545455,1.250000,1.333333
sub-9a791d03,0.296296,0.231481,0.203704,0.064815,0.203704,1.882353,1.923077,2.000000,1.400000,2.000000
sub-9a7bb6e8,0.220339,0.169492,0.211864,0.228814,0.169492,1.444444,1.818182,1.785714,2.076923,1.666667
sub-9aa5814f,0.172414,0.241379,0.224138,0.112069,0.250000,1.818182,2.153846,1.733333,1.444444,1.933333
sub-9acb1fd7,0.433628,0.309735,0.070796,0.115044,0.070796,2.578947,1.944444,1.000000,1.181818,1.142857
sub-9b2c8458,0.229508,0.196721,0.221311,0.254098,0.098361,1.750000,1.714286,1.588235,1.937500,1.200000
sub-9b353500,0.263158,0.273684,0.115789,0.126316,0.221053,1.923077,1.529412,1.100000,1.333333,1.615385
sub-9b74c8eb,0.264957,0.230769,0.170940,0.213675,0.119658,1.722222,1.800000,1.538462,1.470588,1.166667
sub-9b76802e,0.300000,0.260000,0.200000,0.200000,0.040000,1.250000,1.181818,1.428571,1.000000,1.000000
sub-9b8257bc,0.304000,0.304000,0.144000,0.184000,0.064000,2.111111,2.235294,1.285714,1.533333,1.600000
sub-9bcea9fc,0.233871,0.209677,0.250000,0.145161,0.161290,1.611111,1.733333,1.550000,1.384615,1.176471
sub-9c80ad67,0.281818,0.363636,0.181818,0.145455,0.027273,1.823529,2.222222,1.428571,1.454545,1.000000
sub-9d44a037,0.300885,0.238938,0.150442,0.088496,0.221239,2.000000,2.076923,1.214286,1.250000,1.923077
sub-9d4ff737,0.264000,0.288000,0.136000,0.120000,0.192000,2.200000,2.117647,1.545455,1.363636,2.000000
sub-9d61a3eb,0.306818,0.306818,0.090909,0.113636,0.181818,2.250000,1.687500,1.000000,1.000000,1.454545
sub-9d8846de,0.394366,0.408451,0.098592,0.084507,0.014085,1.750000,1.812500,1.000000,1.000000,1.000000
sub-9d8fced5,0.378378,0.315315,0.126126,0.144144,0.036036,2.333333,2.187500,1.555556,1.454545,1.000000
sub-9db0a7f0,0.368000,0.416000,0.104000,0.088000,0.024000,2.421053,2.888889,1.444444,1.222222,1.000000
sub-9dbf5788,0.236842,0.228070,0.175439,0.122807,0.236842,1.687500,1.733333,1.666667,1.400000,1.588235
sub-9e0ea943,0.222222,0.172840,0.234568,0.172840,0.197531,1.384615,1.166667,1.357143,1.272727,1.333333
sub-9e24a8ff,0.210084,0.218487,0.235294,0.310924,0.025210,1.470588,1.857143,2.000000,1.947368,1.500000
sub-9e2b9c23,0.333333,0.325203,0.097561,0.056911,0.186992,2.411765,2.222222,1.200000,1.400000,1.642857
sub-9e34055d,0.308943,0.349593,0.113821,0.203252,0.024390,2.000000,2.529412,1.555556,1.562500,1.000000
sub-9e6499e6,0.230000,0.220000,0.180000,0.190000,0.180000,1.352941,1.833333,1.285714,1.583333,1.285714
sub-9e88a570,0.306452,0.483871,0.145161,0.048387,0.016129,1.461538,1.764706,1.000000,1.000000,1.000000
sub-9ea1ceca,0.264706,0.225490,0.205882,0.107843,0.196078,1.928571,1.642857,1.750000,1.571429,1.538462
sub-9fb17436,0.149425,0.137931,0.241379,0.183908,0.287356,1.181818,1.200000,1.400000,1.777778,1.785714
sub-a069f6ed,0.348624,0.348624,0.100917,0.110092,0.091743,2.111111,2.111111,1.222222,1.500000,1.250000
sub-a1093cbb,0.250000,0.193548,0.241935,0.145161,0.169355,1.631579,1.846154,2.142857,1.500000,1.400000
sub-a10bcedd,0.282609,0.271739,0.184783,0.228261,0.032609,1.625000,1.470588,1.416667,1.400000,1.000000
sub-a10cac19,0.284404,0.339450,0.155963,0.110092,0.110092,2.066667,2.176471,2.125000,1.333333,1.090909
sub-a129f7e8,0.258333,0.275000,0.075000,0.150000,0.241667,1.823529,1.833333,1.125000,1.285714,2.230769
sub-a12abf72,0.440476,0.309524,0.047619,0.095238,0.107143,1.947368,1.625000,1.000000,1.000000,1.285714
sub-a1b620d8,0.340206,0.319588,0.103093,0.154639,0.082474,1.941176,1.631579,1.250000,1.500000,1.333333
sub-a1b767d5,0.350000,0.350000,0.041667,0.116667,0.141667,2.210526,2.100000,1.250000,1.272727,1.545455
sub-a1b9680d,0.290000,0.340000,0.140000,0.150000,0.080000,1.812500,2.266667,1.400000,1.250000,1.333333
sub-a2097526,0.300000,0.262500,0.212500,0.200000,0.025000,1.500000,1.500000,1.214286,1.333333,1.000000
sub-a21927f3,0.400000,0.400000,0.066667,0.108333,0.025000,2.666667,2.181818,1.000000,1.181818,1.000000
sub-a2944031,0.162602,0.178862,0.211382,0.186992,0.260163,1.666667,1.294118,2.000000,1.642857,2.461538
sub-a358a3a4,0.373984,0.373984,0.138211,0.081301,0.032520,2.421053,2.875000,1.700000,1.250000,1.000000
sub-a37de315,0.250000,0.290323,0.201613,0.201613,0.056452,1.722222,1.800000,1.666667,1.923077,1.166667
sub-a3a2b217,0.272727,0.400000,0.163636,0.109091,0.054545,1.153846,1.375000,1.125000,1.000000,1.000000
sub-a40e8135,0.369863,0.410959,0.123288,0.054795,0.041096,1.687500,1.578947,1.125000,1.000000,1.000000
sub-a44221e6,0.376238,0.376238,0.069307,0.069307,0.108911,2.000000,2.375000,1.166667,1.166667,1.222222
sub-a499063f,0.216667,0.233333,0.233333,0.200000,0.116667,1.300000,1.000000,1.272727,1.333333,1.166667
sub-a4b79d0f,0.266667,0.244444,0.177778,0.244444,0.066667,1.333333,1.100000,1.142857,1.000000,1.000000
sub-a4dfe556,0.305085,0.381356,0.144068,0.127119,0.042373,2.117647,2.250000,1.700000,1.500000,1.250000
sub-a54f7b78,0.381356,0.364407,0.110169,0.084746,0.059322,2.647059,2.687500,1.300000,1.250000,1.166667
sub-a568e7d2,0.422414,0.318966,0.077586,0.094828,0.086207,2.578947,2.176471,1.125000,1.222222,1.250000
sub-a62cd127,0.318681,0.329670,0.098901,0.054945,0.197802,1.812500,1.875000,1.500000,1.250000,1.384615
sub-a68050b1,0.258929,0.160714,0.241071,0.205357,0.133929,1.260870,1.500000,1.500000,1.437500,1.875000
sub-a6845558,0.273585,0.320755,0.188679,0.150943,0.066038,1.705882,2.125000,1.333333,1.333333,1.400000
sub-a6fbbfc9,0.318182,0.318182,0.106061,0.181818,0.075758,1.500000,1.400000,1.400000,1.090909,1.000000
sub-a703404d,0.305085,0.322034,0.084746,0.135593,0.152542,2.000000,1.900000,1.000000,1.333333,1.285714
sub-a71c7da1,0.080000,0.120000,0.256000,0.232000,0.312000,1.250000,1.250000,2.133333,1.611111,2.052632
sub-a728fc66,0.320000,0.312000,0.168000,0.136000,0.064000,1.904762,2.052632,1.500000,1.700000,1.333333
sub-a76e64fe,0.109589,0.109589,0.260274,0.328767,0.191781,1.142857,1.000000,1.461538,1.600000,1.272727
sub-a776f0bc,0.269841,0.285714,0.095238,0.095238,0.253968,1.416667,1.285714,1.000000,1.000000,1.333333
sub-a7d28b7c,0.327869,0.360656,0.098361,0.049180,0.163934,2.666667,2.200000,1.200000,1.000000,1.250000
sub-a8082cd3,0.361905,0.333333,0.104762,0.104762,0.095238,2.235294,2.187500,1.222222,1.100000,1.666667
sub-a921246d,0.262295,0.237705,0.114754,0.122951,0.262295,1.684211,1.812500,1.076923,1.153846,2.133333
sub-a93794f2,0.406504,0.390244,0.089431,0.089431,0.024390,2.380952,2.666667,1.375000,1.222222,1.000000
sub-aa6ddfbb,0.257143,0.304762,0.038095,0.133333,0.266667,1.500000,1.777778,1.000000,1.076923,1.333333
sub-aa8a3cb1,0.266129,0.217742,0.233871,0.153226,0.129032,2.200000,1.588235,1.380952,1.461538,1.600000
sub-aab026ac,0.185567,0.134021,0.237113,0.175258,0.268041,1.636364,1.444444,1.533333,1.416667,1.625000
sub-ab6ee487,0.218182,0.181818,0.327273,0.236364,0.036364,1.000000,1.111111,1.384615,1.083333,1.000000
sub-ab99f3ae,0.141667,0.166667,0.291667,0.216667,0.183333,1.545455,1.428571,2.058824,1.857143,1.466667
sub-aba69b83,0.204082,0.265306,0.183673,0.265306,0.081633,1.000000,1.300000,1.125000,1.181818,1.000000
sub-ac05b320,0.202020,0.222222,0.191919,0.282828,0.101010,1.538462,1.571429,1.357143,1.555556,1.111111
sub-acf4a0a9,0.346154,0.320513,0.115385,0.192308,0.025641,1.928571,1.562500,1.000000,1.153846,1.000000
sub-ad9ff17c,0.256637,0.300885,0.203540,0.212389,0.026549,1.812500,2.125000,1.642857,1.500000,1.000000
sub-ae1c4ac0,0.132075,0.169811,0.301887,0.226415,0.169811,1.000000,1.125000,1.142857,1.000000,1.285714
sub-aec865ff,0.291667,0.233333,0.100000,0.141667,0.233333,2.058824,1.750000,1.200000,1.416667,2.333333
sub-aefe2b86,0.200000,0.184000,0.176000,0.192000,0.248000,1.666667,1.769231,1.692308,2.000000,2.066667
sub-af240e16,0.276423,0.276423,0.219512,0.162602,0.065041,2.000000,1.700000,1.588235,1.333333,1.142857
sub-af434b5d,0.320755,0.207547,0.207547,0.169811,0.094340,2.266667,1.833333,1.692308,1.384615,1.250000
sub-af7fa8b2,0.318584,0.309735,0.168142,0.079646,0.123894,1.714286,1.842105,1.461538,1.125000,1.400000
sub-afb13951,0.155172,0.155172,0.327586,0.327586,0.034483,1.000000,1.000000,1.357143,1.117647,1.000000
sub-aff59dff,0.282258,0.250000,0.169355,0.258065,0.040323,1.842105,1.722222,1.500000,1.777778,1.250000
sub-b012e893,0.344262,0.409836,0.090164,0.032787,0.122951,2.625000,2.631579,1.100000,1.000000,1.250000
sub-b08c1f61,0.275000,0.325000,0.208333,0.091667,0.100000,2.538462,2.437500,2.083333,1.571429,1.200000
sub-b0eed788,0.308511,0.319149,0.138298,0.106383,0.127660,1.705882,1.764706,1.300000,1.111111,1.333333
sub-b117f65e,0.372340,0.329787,0.074468,0.117021,0.106383,2.058824,2.214286,1.166667,1.222222,1.428571
sub-b2ac5f9e,0.120968,0.056452,0.395161,0.370968,0.056452,1.000000,1.400000,2.578947,2.555556,1.166667
sub-b317bcc8,0.352000,0.360000,0.072000,0.088000,0.128000,2.588235,2.812500,1.500000,1.222222,1.454545
sub-b363e5d9,0.207547,0.188679,0.179245,0.188679,0.235849,1.375000,1.333333,1.461538,1.666667,1.785714
sub-b3854719,0.328000,0.312000,0.128000,0.192000,0.040000,2.411765,2.166667,1.333333,1.500000,1.000000
sub-b3ae415f,0.328000,0.312000,0.088000,0.120000,0.152000,2.157895,2.437500,1.222222,1.363636,1.357143
sub-b3bde5cc,0.354167,0.395833,0.062500,0.114583,0.072917,1.789474,2.111111,1.200000,1.222222,1.000000
sub-b3df074c,0.173913,0.191304,0.286957,0.260870,0.086957,1.538462,1.692308,2.062500,1.764706,1.250000
sub-b4669213,0.159664,0.226891,0.193277,0.117647,0.302521,1.583333,1.800000,1.210526,1.555556,2.000000
sub-b4671281,0.278846,0.307692,0.134615,0.192308,0.086538,1.812500,1.882353,1.166667,1.666667,1.125000
sub-b481fb9d,0.245902,0.245902,0.147541,0.098361,0.262295,1.875000,2.000000,1.800000,1.200000,2.461538
sub-b5c1cb94,0.281818,0.281818,0.190909,0.209091,0.036364,1.937500,1.631579,1.909091,1.916667,1.000000
sub-b7328dba,0.349057,0.396226,0.103774,0.094340,0.056604,1.850000,2.210526,1.571429,1.250000,1.000000
sub-b76b7e8d,0.487805,0.341463,0.073171,0.097561,0.000000,1.538462,1.272727,1.000000,1.000000,NaN
sub-b76cf101,0.121495,0.121495,0.308411,0.383178,0.065421,1.444444,1.181818,2.200000,2.411765,1.166667
sub-b79be773,0.311475,0.368852,0.024590,0.114754,0.180328,2.235294,2.250000,1.000000,1.272727,1.375000
sub-b7ddd33f,0.388889,0.388889,0.088889,0.077778,0.055556,1.750000,1.666667,1.142857,1.166667,1.000000
sub-b82b95dd,0.266055,0.284404,0.201835,0.165138,0.082569,1.450000,1.550000,1.571429,1.285714,1.125000
sub-b84803bf,0.363636,0.380165,0.066116,0.049587,0.140496,3.142857,3.066667,1.142857,1.500000,1.307692
sub-b85c090a,0.234234,0.162162,0.081081,0.288288,0.234234,1.529412,1.636364,1.500000,1.684211,1.857143
sub-b8a61685,0.157895,0.131579,0.302632,0.171053,0.236842,1.500000,1.111111,1.533333,1.181818,1.500000
sub-b8e0a9a5,0.297619,0.226190,0.190476,0.142857,0.142857,1.666667,1.461538,1.454545,1.200000,1.500000
sub-b950b436,0.169492,0.161017,0.211864,0.245763,0.211864,1.538462,1.461538,1.785714,1.933333,1.785714
sub-b9667750,0.341667,0.441667,0.083333,0.091667,0.041667,2.277778,2.409091,1.250000,1.375000,1.000000
sub-b987e5c4,0.243590,0.179487,0.153846,0.192308,0.230769,1.357143,1.400000,1.000000,1.875000,1.384615
sub-b9f8cd4b,0.258333,0.241667,0.166667,0.200000,0.133333,2.066667,1.611111,1.333333,1.500000,1.777778
sub-ba3277f2,0.188525,0.221311,0.213115,0.098361,0.278689,1.769231,2.076923,2.000000,1.333333,2.125000
sub-ba56b6ca,0.250000,0.250000,0.160714,0.125000,0.214286,1.866667,1.400000,1.500000,1.555556,1.714286
sub-ba827232,0.315789,0.328947,0.157895,0.184211,0.013158,1.411765,1.562500,1.090909,1.166667,1.000000
sub-ba8b2709,0.301724,0.275862,0.181034,0.137931,0.103448,2.187500,2.000000,1.750000,1.230769,1.200000
sub-bacb2baa,0.241758,0.252747,0.208791,0.120879,0.175824,1.692308,1.352941,1.461538,1.222222,1.454545
sub-badec2c8,0.210084,0.210084,0.184874,0.176471,0.218487,1.666667,1.785714,1.466667,1.615385,1.529412
sub-bae3ff6c,0.343284,0.223881,0.164179,0.119403,0.149254,1.533333,1.071429,1.222222,1.000000,1.111111
sub-baf53535,0.267241,0.318966,0.137931,0.112069,0.163793,1.937500,2.055556,1.333333,1.000000,1.583333
sub-baf8d2e7,0.358333,0.333333,0.133333,0.133333,0.041667,2.047619,1.818182,1.454545,1.230769,1.000000
sub-bb0c5b34,0.367521,0.341880,0.102564,0.051282,0.136752,1.954545,2.000000,1.333333,1.000000,1.230769
sub-bbad4adc,0.254545,0.327273,0.063636,0.145455,0.209091,1.555556,1.800000,1.166667,1.230769,1.352941
sub-bbd1c58b,0.320000,0.360000,0.160000,0.133333,0.026667,1.500000,1.687500,1.500000,1.111111,1.000000
sub-bc95a335,0.312500,0.328125,0.093750,0.109375,0.156250,1.538462,1.235294,1.000000,1.166667,1.000000
sub-bcbc742a,0.396552,0.344828,0.086207,0.155172,0.017241,2.090909,2.500000,1.111111,1.285714,1.000000
sub-bd1fa320,0.250000,0.173077,0.221154,0.230769,0.125000,1.529412,1.500000,1.533333,1.600000,1.300000
sub-bdd5be7e,0.298246,0.263158,0.105263,0.184211,0.149123,1.700000,1.578947,1.090909,1.400000,1.416667
sub-bdf448af,0.201613,0.241935,0.217742,0.193548,0.145161,1.562500,2.000000,1.687500,1.500000,1.636364
sub-be11549d,0.218182,0.236364,0.172727,0.218182,0.154545,1.411765,1.529412,1.357143,1.600000,1.214286
sub-be3e3f39,0.291667,0.291667,0.125000,0.183333,0.108333,1.666667,1.458333,1.250000,1.571429,1.181818
sub-bf2215fd,0.349057,0.349057,0.075472,0.056604,0.169811,2.312500,2.055556,1.142857,1.000000,1.500000
sub-bf23e532,0.301724,0.344828,0.155172,0.181034,0.017241,2.187500,2.352941,1.058824,1.750000,2.000000
sub-bf675255,0.300000,0.336364,0.072727,0.100000,0.190909,1.833333,2.055556,1.333333,1.222222,1.500000
sub-bf8006d0,0.435484,0.427419,0.064516,0.056452,0.016129,3.176471,3.117647,1.142857,1.166667,1.000000
sub-bfd08f6e,0.264000,0.272000,0.176000,0.224000,0.064000,2.062500,2.000000,1.466667,2.000000,1.142857
sub-bfeb12b9,0.275000,0.200000,0.300000,0.225000,0.000000,1.222222,1.142857,1.090909,1.125000,NaN
sub-c0b2c562,0.271739,0.228261,0.228261,0.228261,0.043478,1.562500,1.500000,1.500000,1.615385,1.000000
sub-c1df6983,0.220339,0.186441,0.144068,0.228814,0.220339,1.444444,1.571429,1.416667,1.588235,1.625000
sub-c20f83ee,0.305085,0.338983,0.110169,0.203390,0.042373,2.000000,1.666667,1.181818,1.714286,1.250000
sub-c210b68c,0.180952,0.200000,0.257143,0.200000,0.161905,1.461538,1.312500,1.350000,2.333333,1.214286
sub-c2521f04,0.376471,0.423529,0.023529,0.070588,0.105882,1.777778,2.000000,1.000000,1.000000,1.285714
sub-c25d1a8e,0.353535,0.363636,0.101010,0.141414,0.040404,1.666667,1.894737,1.111111,1.272727,1.000000
sub-c26e55bb,0.346535,0.257426,0.178218,0.158416,0.059406,1.750000,1.444444,1.636364,1.777778,1.000000
sub-c2c97c8f,0.193548,0.193548,0.236559,0.150538,0.225806,1.384615,2.000000,1.375000,1.272727,1.235294
sub-c2e5cbcb,0.333333,0.390805,0.114943,0.080460,0.080460,1.812500,1.789474,1.000000,1.000000,1.166667
sub-c2ff1ab8,0.327731,0.302521,0.100840,0.126050,0.142857,1.857143,1.894737,1.090909,1.250000,1.214286
sub-c34ed4ce,0.408163,0.346939,0.102041,0.102041,0.040816,1.428571,1.133333,1.000000,1.000000,1.000000
sub-c3c62849,0.295082,0.237705,0.147541,0.114754,0.204918,2.117647,1.812500,1.384615,1.166667,1.470588
sub-c3e64802,0.341463,0.333333,0.130081,0.138211,0.056911,2.470588,2.411765,1.230769,1.214286,1.400000
sub-c46b226c,0.354167,0.354167,0.020833,0.041667,0.229167,1.307692,1.416667,1.000000,1.000000,1.222222
sub-c4847e59,0.375000,0.375000,0.125000,0.105769,0.019231,2.166667,2.052632,1.300000,1.222222,1.000000
sub-c4852797,0.216000,0.168000,0.168000,0.160000,0.288000,2.076923,1.750000,1.500000,1.818182,2.117647
sub-c5361f39,0.313043,0.304348,0.139130,0.113043,0.130435,2.000000,2.058824,1.454545,1.181818,1.363636
sub-c5b15a9c,0.271739,0.239130,0.206522,0.228261,0.054348,1.923077,1.571429,1.583333,1.500000,1.250000
sub-c5be11b4,0.329545,0.420455,0.079545,0.125000,0.045455,2.071429,2.312500,1.166667,1.222222,1.000000
sub-c6067bf1,0.389831,0.364407,0.093220,0.067797,0.084746,2.090909,1.791667,1.100000,1.333333,1.000000
sub-c62bf411,0.233333,0.200000,0.216667,0.333333,0.016667,1.076923,1.200000,1.181818,1.538462,1.000000
sub-c70590fd,0.344828,0.336207,0.129310,0.060345,0.129310,1.739130,1.857143,1.363636,1.000000,1.363636
sub-c8209d6c,0.247788,0.265487,0.141593,0.150442,0.194690,2.153846,1.764706,1.333333,1.416667,1.833333
sub-c86d49c9,0.322034,0.271186,0.084746,0.084746,0.237288,1.461538,1.230769,1.000000,1.000000,1.076923
sub-c8afc8aa,0.361446,0.337349,0.072289,0.144578,0.084337,1.578947,1.750000,1.000000,1.200000,1.000000
sub-c8b05e81,0.333333,0.311111,0.133333,0.200000,0.022222,1.875000,2.000000,1.200000,1.200000,1.000000
sub-c8c5d7a3,0.273504,0.273504,0.153846,0.179487,0.119658,1.777778,2.000000,1.384615,1.750000,1.076923
sub-c8e4e16a,0.330000,0.310000,0.150000,0.170000,0.040000,2.062500,1.476190,1.071429,1.307692,1.000000
sub-c8f57d40,0.359649,0.394737,0.052632,0.078947,0.114035,2.157895,2.647059,1.000000,1.125000,1.625000
sub-c9c11d4f,0.226891,0.243697,0.142857,0.243697,0.142857,1.928571,1.611111,1.545455,1.705882,1.700000
sub-c9cf8bdb,0.190476,0.214286,0.309524,0.071429,0.214286,1.000000,1.000000,1.300000,1.000000,1.000000
sub-c9e2f056,0.156250,0.177083,0.291667,0.302083,0.072917,1.500000,1.545455,1.866667,1.705882,1.000000
sub-ca7beb92,0.140187,0.112150,0.299065,0.233645,0.214953,1.153846,1.200000,1.777778,1.666667,1.642857
sub-cab70ce6,0.284211,0.284211,0.136842,0.105263,0.189474,1.687500,1.350000,1.181818,1.250000,1.285714
sub-cb0dc161,0.327869,0.336066,0.131148,0.114754,0.090164,2.000000,2.050000,1.333333,1.400000,1.571429
sub-cb5b6306,0.237705,0.204918,0.139344,0.114754,0.303279,1.450000,1.388889,1.545455,1.166667,2.176471
sub-cb923e06,0.347107,0.305785,0.115702,0.074380,0.157025,2.100000,1.947368,1.272727,1.125000,1.727273
sub-cbbfd413,0.297521,0.239669,0.148760,0.090909,0.223140,1.894737,2.071429,1.285714,1.100000,1.687500
sub-ccbad9d3,0.288660,0.237113,0.113402,0.134021,0.226804,1.750000,1.769231,1.375000,1.300000,1.692308
sub-cdf017d8,0.290323,0.344086,0.172043,0.064516,0.129032,1.687500,2.000000,1.333333,1.200000,1.500000
sub-ce750484,0.308943,0.260163,0.105691,0.195122,0.130081,2.111111,2.461538,1.300000,1.714286,1.600000
sub-ce7557cd,0.303279,0.278689,0.172131,0.204918,0.040984,1.947368,1.888889,1.750000,1.785714,1.000000
sub-ce94d8e0,0.243902,0.268293,0.227642,0.073171,0.186992,2.000000,2.062500,1.750000,1.500000,1.533333
sub-ce9b62aa,0.337662,0.350649,0.051948,0.051948,0.207792,1.625000,1.500000,1.000000,1.000000,1.333333
sub-cf22611c,0.261905,0.333333,0.047619,0.190476,0.166667,1.100000,1.000000,1.000000,1.000000,1.000000
sub-cf96c936,0.327731,0.327731,0.067227,0.126050,0.151261,2.437500,2.600000,1.000000,1.500000,1.636364
sub-cfc821c0,0.189189,0.171171,0.225225,0.099099,0.315315,1.750000,1.461538,1.785714,1.375000,2.187500
sub-cfc90fc2,0.247788,0.336283,0.159292,0.185841,0.070796,1.473684,2.111111,1.500000,1.500000,1.000000
sub-cff4915b,0.303030,0.272727,0.222222,0.181818,0.020202,2.000000,1.588235,1.466667,1.384615,1.000000
sub-d0036534,0.202899,0.188406,0.231884,0.318841,0.057971,1.076923,1.000000,1.454545,1.294118,1.000000
sub-d04b3811,0.344000,0.296000,0.120000,0.136000,0.104000,1.954545,2.055556,1.250000,1.416667,1.300000
sub-d0af181f,0.309859,0.309859,0.070423,0.183099,0.126761,1.294118,1.294118,1.000000,1.083333,1.125000
sub-d0ccda46,0.358333,0.325000,0.125000,0.150000,0.041667,2.687500,2.294118,1.363636,1.285714,1.250000
sub-d10de4ad,0.240506,0.354430,0.037975,0.113924,0.253165,1.357143,1.647059,1.000000,1.285714,1.538462
sub-d1342c50,0.266667,0.266667,0.213333,0.240000,0.013333,1.538462,1.250000,1.230769,1.285714,1.000000
sub-d145ffa8,0.321739,0.365217,0.121739,0.113043,0.078261,2.055556,2.210526,1.272727,1.181818,1.285714
sub-d19a4e50,0.393617,0.446809,0.021277,0.031915,0.106383,1.947368,2.000000,1.000000,1.000000,1.250000
sub-d1d5df0d,0.185484,0.185484,0.209677,0.258065,0.161290,1.352941,1.437500,1.529412,1.882353,1.538462
sub-d2205a7c,0.290909,0.318182,0.090909,0.163636,0.136364,1.684211,2.187500,1.428571,1.125000,1.500000
sub-d22f8855,0.202128,0.202128,0.202128,0.159574,0.234043,1.583333,1.266667,1.357143,1.500000,1.571429
sub-d240713e,0.277778,0.259259,0.240741,0.185185,0.037037,1.250000,1.166667,1.181818,1.111111,1.000000
sub-d2718ecf,0.322034,0.271186,0.135593,0.186441,0.084746,1.900000,1.523810,1.230769,1.466667,1.000000
sub-d27ee639,0.218391,0.298851,0.183908,0.103448,0.195402,1.357143,1.625000,1.142857,1.125000,1.416667
sub-d28cae76,0.409639,0.445783,0.012048,0.072289,0.060241,1.789474,1.850000,1.000000,1.000000,1.250000
sub-d2ad3f86,0.325203,0.349593,0.138211,0.121951,0.065041,2.222222,2.047619,1.133333,1.500000,1.142857
sub-d2beb4ec,0.349515,0.310680,0.116505,0.135922,0.087379,2.400000,1.882353,1.000000,1.400000,1.500000
sub-d2c47f13,0.286885,0.204918,0.172131,0.065574,0.270492,2.187500,2.083333,1.500000,1.142857,2.062500
sub-d32938f9,0.442478,0.309735,0.115044,0.079646,0.053097,2.631579,2.058824,1.181818,1.800000,1.000000
sub-d35069ed,0.201613,0.258065,0.137097,0.266129,0.137097,1.666667,1.777778,1.307692,2.357143,1.307692
sub-d3547b05,0.277778,0.324074,0.185185,0.157407,0.055556,1.875000,1.944444,1.428571,1.307692,1.000000
sub-d3dbca3b,0.462185,0.411765,0.050420,0.042017,0.033613,2.894737,2.882353,1.000000,1.250000,1.333333
sub-d49d1590,0.360465,0.383721,0.081395,0.011628,0.162791,1.937500,2.200000,1.166667,1.000000,1.076923
sub-d4c76aa8,0.192308,0.134615,0.153846,0.230769,0.288462,1.111111,1.000000,1.000000,1.200000,1.363636
sub-d540a226,0.164706,0.152941,0.141176,0.270588,0.270588,1.166667,1.181818,1.200000,1.437500,1.642857
sub-d54a444e,0.175000,0.225000,0.233333,0.075000,0.291667,1.400000,1.687500,1.866667,1.125000,1.750000
sub-d6711207,0.307018,0.280702,0.140351,0.236842,0.035088,2.058824,1.777778,1.333333,2.076923,1.333333
sub-d6874ecf,0.254545,0.236364,0.172727,0.118182,0.218182,1.750000,1.857143,1.583333,1.300000,1.500000
sub-d788ab03,0.262712,0.254237,0.127119,0.211864,0.144068,1.823529,2.000000,1.500000,1.470588,1.416667
sub-d7e0b542,0.325000,0.325000,0.116667,0.091667,0.141667,2.052632,2.166667,1.750000,1.100000,1.545455
sub-d7ec9ae3,0.271186,0.254237,0.186441,0.211864,0.076271,1.684211,1.764706,1.692308,1.666667,1.000000
sub-d86c6aeb,0.319672,0.286885,0.073770,0.122951,0.196721,2.052632,1.944444,1.125000,1.153846,1.600000
sub-d8a64c8c,0.255319,0.276596,0.127660,0.234043,0.106383,1.846154,1.857143,1.500000,1.375000,1.250000
sub-d8ab4fef,0.158879,0.196262,0.224299,0.158879,0.261682,1.416667,1.400000,1.600000,1.307692,1.647059
sub-d8e8d03c,0.300000,0.250000,0.141667,0.075000,0.233333,2.000000,1.666667,1.307692,1.125000,1.866667
sub-d8fc0059,0.234234,0.288288,0.117117,0.108108,0.252252,1.444444,1.684211,1.444444,1.500000,2.000000
sub-d9505f7f,0.237705,0.254098,0.131148,0.188525,0.188525,2.071429,1.722222,1.230769,1.916667,1.916667
sub-d9574447,0.247863,0.290598,0.188034,0.230769,0.042735,1.933333,1.888889,2.000000,1.687500,1.000000
sub-d9630463,0.311927,0.302752,0.128440,0.128440,0.128440,1.789474,1.833333,1.076923,1.272727,1.400000
sub-d982eae7,0.177570,0.242991,0.252336,0.224299,0.102804,1.727273,1.733333,1.928571,1.714286,1.571429
sub-d9a7dde8,0.436975,0.420168,0.042017,0.033613,0.067227,2.736842,2.777778,1.250000,1.000000,1.142857
sub-d9b78521,0.121951,0.170732,0.414634,0.292683,0.000000,1.000000,1.000000,1.545455,1.000000,NaN
sub-d9c89f13,0.243243,0.297297,0.216216,0.175676,0.067568,1.384615,1.294118,1.333333,1.444444,1.000000
sub-da07befd,0.172043,0.139785,0.311828,0.354839,0.021505,1.454545,1.300000,1.933333,1.833333,1.000000
sub-da14debe,0.295652,0.313043,0.182609,0.147826,0.060870,2.000000,2.000000,1.235294,1.416667,1.166667
sub-da85b0d2,0.313559,0.322034,0.059322,0.135593,0.169492,1.850000,2.000000,1.166667,1.230769,1.333333
sub-daabdc32,0.285714,0.255102,0.173469,0.224490,0.061224,1.555556,1.388889,1.214286,1.294118,1.000000
sub-db1f60e2,0.338843,0.338843,0.157025,0.107438,0.057851,1.952381,2.157895,1.357143,1.444444,1.166667
sub-db2e962f,0.264151,0.415094,0.150943,0.150943,0.018868,1.166667,1.375000,1.000000,1.000000,1.000000
sub-db320f85,0.245098,0.196078,0.196078,0.205882,0.156863,1.562500,1.428571,1.538462,1.400000,1.454545
sub-dbb68f25,0.400000,0.353846,0.092308,0.092308,0.061538,1.733333,1.916667,1.200000,1.200000,1.000000
sub-dbc308f2,0.312500,0.354167,0.135417,0.093750,0.104167,1.764706,2.000000,1.444444,1.125000,1.111111
sub-dc7bd768,0.245614,0.219298,0.131579,0.184211,0.219298,1.647059,1.666667,1.666667,1.500000,1.785714
sub-dc7df6e2,0.189189,0.243243,0.207207,0.261261,0.099099,1.615385,1.588235,1.533333,1.526316,1.222222
sub-dccd40f8,0.247788,0.274336,0.212389,0.212389,0.053097,1.555556,1.631579,1.500000,1.333333,1.200000
sub-dcdce7a1,0.328000,0.376000,0.048000,0.120000,0.128000,1.952381,2.350000,1.500000,1.153846,1.777778
sub-dcfb2aef,0.193277,0.226891,0.260504,0.218487,0.100840,1.533333,2.076923,1.823529,1.625000,1.090909
sub-dd72baf9,0.358974,0.333333,0.128205,0.085470,0.094017,2.625000,2.166667,1.666667,1.000000,1.571429
sub-dd7cd3aa,0.419753,0.382716,0.098765,0.098765,0.000000,1.789474,1.823529,1.000000,1.333333,NaN
sub-ddd0e508,0.236364,0.263636,0.145455,0.072727,0.281818,1.733333,2.071429,1.454545,1.333333,1.937500
sub-de0c6ad8,0.152000,0.152000,0.200000,0.208000,0.288000,1.357143,1.583333,1.562500,1.529412,2.400000
sub-de6898bc,0.268293,0.284553,0.105691,0.162602,0.178862,2.200000,2.500000,1.444444,1.666667,1.833333
sub-dea6252e,0.319328,0.302521,0.100840,0.210084,0.067227,1.809524,1.714286,1.500000,1.562500,1.333333
sub-deb86e8a,0.382609,0.339130,0.086957,0.086957,0.104348,2.000000,1.950000,1.111111,1.250000,1.090909
sub-dee0f991,0.388889,0.379630,0.046296,0.064815,0.120370,2.210526,2.050000,1.250000,1.400000,1.300000
sub-df08b50d,0.195122,0.182927,0.219512,0.256098,0.146341,1.230769,1.250000,1.285714,1.500000,1.200000
sub-df2ff0b3,0.314050,0.297521,0.140496,0.099174,0.148760,1.809524,2.250000,1.700000,1.333333,1.285714
sub-df3aaa51,0.368932,0.359223,0.077670,0.145631,0.048544,2.111111,2.055556,1.333333,1.250000,1.000000
sub-e0410318,0.274336,0.300885,0.150442,0.123894,0.150442,1.722222,1.888889,1.307692,1.272727,1.416667
sub-e089c73e,0.197802,0.153846,0.208791,0.241758,0.197802,1.200000,1.076923,1.357143,1.375000,1.636364
sub-e0a4f096,0.243243,0.148649,0.189189,0.216216,0.202703,1.285714,1.222222,1.166667,1.333333,1.363636
sub-e0c64703,0.163934,0.163934,0.163934,0.245902,0.262295,1.333333,1.666667,1.333333,1.666667,2.285714
sub-e12930ab,0.138889,0.203704,0.287037,0.212963,0.157407,1.250000,1.571429,1.937500,1.642857,1.545455
sub-e1a4f26e,0.302521,0.352941,0.100840,0.117647,0.126050,1.800000,1.826087,1.500000,1.166667,1.250000
sub-e258c30d,0.344000,0.352000,0.112000,0.120000,0.072000,2.529412,2.315789,1.272727,1.363636,1.285714
sub-e26ba779,0.351351,0.364865,0.094595,0.175676,0.013514,1.625000,1.687500,1.000000,1.625000,1.000000
sub-e2817cd3,0.360000,0.320000,0.140000,0.100000,0.080000,1.384615,1.230769,1.000000,1.250000,1.000000
sub-e2e58bb4,0.086957,0.057971,0.391304,0.318841,0.144928,1.200000,1.333333,1.687500,1.466667,1.111111
sub-e2fb4a5a,0.041322,0.041322,0.198347,0.380165,0.338843,1.000000,1.250000,1.600000,2.555556,2.157895
sub-e34267d3,0.140000,0.220000,0.220000,0.140000,0.280000,1.166667,1.000000,1.000000,1.000000,1.076923
sub-e36a4396,0.278351,0.288660,0.195876,0.154639,0.082474,1.687500,1.750000,1.583333,1.363636,1.142857
sub-e4f15275,0.177778,0.244444,0.222222,0.288889,0.066667,1.000000,1.222222,1.111111,1.181818,1.000000
sub-e523c998,0.303371,0.314607,0.089888,0.213483,0.078652,1.350000,2.000000,1.333333,1.266667,1.166667
sub-e5284121,0.375000,0.326923,0.076923,0.076923,0.144231,2.294118,2.000000,1.333333,1.000000,1.153846
sub-e533cba3,0.183333,0.233333,0.116667,0.125000,0.341667,1.294118,1.473684,1.555556,1.250000,2.277778
sub-e54264e5,0.342105,0.368421,0.052632,0.078947,0.157895,1.529412,1.473684,1.000000,1.000000,1.090909
sub-e544a53d,0.260870,0.269565,0.191304,0.078261,0.200000,1.666667,1.722222,1.692308,1.125000,1.916667
sub-e5894ff5,0.247525,0.247525,0.227723,0.148515,0.128713,1.562500,1.388889,1.769231,1.363636,1.181818
sub-e5da608f,0.336134,0.361345,0.092437,0.134454,0.075630,2.500000,2.263158,1.100000,1.600000,1.125000
sub-e5f9f075,0.115702,0.099174,0.272727,0.347107,0.165289,1.166667,1.333333,1.571429,1.826087,1.538462
sub-e6585315,0.213115,0.229508,0.262295,0.213115,0.081967,1.300000,1.166667,1.333333,1.181818,1.000000
sub-e676a4f1,0.441176,0.411765,0.039216,0.058824,0.049020,2.045455,2.100000,1.000000,1.000000,1.000000
sub-e6aba9d4,0.291667,0.300000,0.158333,0.116667,0.133333,2.058824,2.000000,1.583333,1.555556,1.454545
sub-e6b671d7,0.262295,0.327869,0.188525,0.098361,0.122951,2.000000,2.105263,1.352941,1.500000,1.250000
sub-e71c001b,0.250000,0.298077,0.163462,0.125000,0.163462,1.529412,1.823529,1.416667,1.300000,2.125000
sub-e7a2dfc8,0.295238,0.266667,0.180952,0.190476,0.066667,1.937500,1.555556,1.357143,1.538462,1.000000
sub-e7b4fad4,0.306452,0.314516,0.161290,0.169355,0.048387,2.000000,1.857143,1.666667,1.750000,1.000000
sub-e7c2a9ea,0.340659,0.373626,0.098901,0.120879,0.065934,1.823529,1.789474,1.125000,1.100000,1.000000
sub-e83fc249,0.250000,0.234375,0.187500,0.218750,0.109375,1.230769,1.363636,1.090909,1.166667,1.000000
sub-e86ebf65,0.348214,0.357143,0.071429,0.098214,0.125000,1.950000,2.000000,1.142857,1.571429,1.166667
sub-e895d5bf,0.312000,0.272000,0.104000,0.080000,0.232000,2.600000,2.000000,1.625000,1.111111,1.812500
sub-e8af6dbf,0.419355,0.362903,0.072581,0.056452,0.088710,2.166667,2.250000,1.285714,1.166667,1.375000
sub-e8e75c18,0.261682,0.317757,0.130841,0.149533,0.140187,1.555556,1.888889,1.400000,1.454545,1.250000
sub-e95bef08,0.380165,0.322314,0.132231,0.107438,0.057851,2.555556,2.166667,1.777778,1.300000,1.000000
sub-e96ad0aa,0.222222,0.148148,0.314815,0.277778,0.037037,1.090909,1.000000,1.307692,1.153846,1.000000
sub-ea3e0167,0.268908,0.252101,0.176471,0.168067,0.134454,2.000000,2.000000,1.750000,1.333333,1.600000
sub-ec430170,0.205882,0.176471,0.225490,0.254902,0.137255,1.500000,1.384615,1.642857,1.238095,1.272727
sub-ec9db008,0.308333,0.258333,0.116667,0.100000,0.216667,2.176471,2.066667,1.400000,1.714286,2.166667
sub-ed0a38c1,0.188119,0.237624,0.267327,0.217822,0.089109,1.357143,1.600000,1.687500,1.571429,1.500000
sub-ed6c93d2,0.307018,0.298246,0.131579,0.114035,0.149123,2.058824,1.888889,1.363636,1.300000,1.545455
sub-edbb53c9,0.336066,0.319672,0.139344,0.057377,0.147541,1.782609,1.857143,1.307692,1.166667,1.800000
sub-ee0b8fc3,0.220339,0.135593,0.338983,0.288136,0.016949,1.300000,1.333333,1.333333,1.545455,1.000000
sub-ee208ec6,0.283019,0.245283,0.301887,0.150943,0.018868,1.250000,1.444444,1.142857,1.000000,1.000000
sub-ee2d0fae,0.170732,0.195122,0.219512,0.178862,0.235772,1.615385,2.000000,2.076923,1.692308,1.933333
sub-eeab06e2,0.372340,0.372340,0.063830,0.106383,0.085106,2.187500,1.944444,1.200000,1.111111,1.142857
sub-eeb93250,0.227642,0.235772,0.154472,0.170732,0.211382,1.750000,1.611111,1.727273,2.100000,1.857143
sub-eee2e8ba,0.180328,0.204918,0.180328,0.131148,0.303279,1.466667,1.388889,1.375000,1.230769,2.312500
sub-ef1096c0,0.263636,0.318182,0.036364,0.181818,0.200000,1.812500,2.333333,1.000000,1.538462,1.571429
sub-ef333648,0.243697,0.235294,0.193277,0.260504,0.067227,1.705882,2.000000,1.916667,2.214286,1.000000
sub-ef47e1cb,0.320000,0.280000,0.056000,0.120000,0.224000,2.222222,1.944444,1.166667,1.363636,1.866667
sub-ef9938fc,0.233645,0.252336,0.214953,0.149533,0.149533,1.388889,1.588235,1.533333,1.777778,1.454545
sub-efa513cb,0.253165,0.227848,0.278481,0.189873,0.050633,1.176471,1.200000,1.571429,1.500000,1.333333
sub-f0b4a87e,0.288288,0.279279,0.153153,0.216216,0.063063,1.777778,1.823529,1.307692,1.500000,1.400000
sub-f0c22557,0.206897,0.287356,0.126437,0.160920,0.218391,1.200000,1.666667,1.000000,1.166667,1.583333
sub-f143d0bb,0.119266,0.128440,0.275229,0.311927,0.165138,1.083333,1.166667,1.764706,2.000000,1.500000
sub-f19e7cb4,0.253968,0.253968,0.206349,0.206349,0.079365,1.333333,1.454545,1.300000,1.181818,1.000000
sub-f1fff45c,0.351852,0.314815,0.037037,0.129630,0.166667,1.461538,1.545455,1.000000,1.000000,1.000000
sub-f2f7e19f,0.202532,0.189873,0.177215,0.278481,0.151899,1.333333,1.250000,1.272727,1.375000,1.200000
sub-f3034678,0.306667,0.306667,0.133333,0.173333,0.080000,1.437500,1.533333,1.000000,1.000000,1.200000
sub-f35f8377,0.326087,0.293478,0.119565,0.097826,0.163043,1.578947,1.588235,1.000000,1.500000,1.250000
sub-f3bec2c7,0.282051,0.282051,0.179487,0.162393,0.094017,1.736842,2.062500,1.500000,1.583333,1.571429
sub-f41983d5,0.267857,0.285714,0.169643,0.142857,0.133929,1.578947,2.000000,1.583333,1.777778,1.250000
sub-f4267489,0.379032,0.354839,0.088710,0.088710,0.088710,2.350000,2.095238,1.222222,1.000000,1.571429
sub-f4642509,0.173913,0.217391,0.269565,0.234783,0.104348,1.333333,1.785714,1.937500,1.800000,1.200000
sub-f4a570be,0.426087,0.365217,0.095652,0.078261,0.034783,2.333333,2.210526,1.571429,1.125000,1.000000
sub-f5145b8e,0.065574,0.163934,0.360656,0.278689,0.131148,1.000000,1.111111,1.833333,1.133333,1.000000
sub-f534211d,0.284404,0.183486,0.220183,0.146789,0.165138,1.937500,1.538462,1.411765,1.454545,1.285714
sub-f54d1792,0.275862,0.258621,0.258621,0.155172,0.051724,1.142857,1.500000,1.250000,1.125000,1.500000
sub-f5592644,0.352941,0.372549,0.137255,0.117647,0.019608,1.200000,1.357143,1.000000,1.200000,1.000000
sub-f568b698,0.327273,0.363636,0.127273,0.100000,0.081818,1.894737,2.105263,1.555556,1.222222,1.000000
sub-f5aecd0c,0.252033,0.195122,0.186992,0.260163,0.105691,1.823529,1.263158,1.533333,1.777778,1.300000
sub-f5c20bf3,0.236111,0.263889,0.152778,0.263889,0.083333,1.307692,1.187500,1.100000,1.583333,1.000000
sub-f66bc32c,0.282828,0.282828,0.222222,0.181818,0.030303,1.647059,2.000000,1.571429,1.384615,1.000000
sub-f71f4e37,0.154545,0.054545,0.290909,0.218182,0.281818,1.700000,1.000000,1.777778,1.714286,2.214286
sub-f72eb6e6,0.189474,0.200000,0.263158,0.263158,0.084211,1.636364,1.583333,1.666667,1.785714,1.142857
sub-f7bf68ad,0.290598,0.367521,0.068376,0.051282,0.222222,1.888889,2.529412,1.000000,1.500000,2.363636
sub-f80dfc3d,0.425000,0.283333,0.091667,0.058333,0.141667,2.550000,2.000000,1.571429,1.166667,1.545455
sub-f85fd7b2,0.316667,0.266667,0.083333,0.116667,0.216667,1.357143,1.333333,1.000000,1.000000,1.181818
sub-f87e808d,0.300000,0.300000,0.140000,0.150000,0.110000,2.000000,1.578947,1.555556,1.250000,1.100000
sub-f88f48fa,0.296610,0.313559,0.152542,0.152542,0.084746,2.187500,2.055556,1.500000,1.636364,1.250000
sub-f900f8d1,0.284314,0.254902,0.176471,0.215686,0.068627,1.611111,1.625000,1.384615,1.294118,1.000000
sub-f988b984,0.248000,0.224000,0.064000,0.192000,0.272000,1.722222,1.750000,1.000000,1.714286,2.266667
sub-f989ab12,0.116071,0.160714,0.321429,0.232143,0.169643,1.300000,1.285714,2.571429,1.444444,1.583333
sub-f9929c46,0.323529,0.338235,0.088235,0.117647,0.132353,1.466667,1.352941,1.200000,1.000000,1.125000
sub-f99c3394,0.221311,0.237705,0.196721,0.254098,0.090164,1.800000,2.416667,2.400000,1.823529,1.571429
sub-f99df42a,0.256000,0.328000,0.160000,0.064000,0.192000,2.285714,2.277778,1.666667,1.600000,1.411765
sub-fa054068,0.363636,0.313131,0.070707,0.060606,0.191919,1.894737,1.722222,1.166667,1.200000,1.357143
sub-fa59943c,0.304878,0.390244,0.085366,0.073171,0.146341,1.562500,1.777778,1.166667,1.000000,1.500000
sub-fa6468b7,0.229167,0.270833,0.166667,0.208333,0.125000,1.100000,1.083333,1.142857,1.111111,1.000000
sub-fb0da3da,0.268519,0.240741,0.166667,0.166667,0.157407,1.933333,1.625000,1.500000,1.500000,1.416667
sub-fb171f74,0.342342,0.405405,0.090090,0.072072,0.090090,2.000000,1.800000,1.111111,1.142857,1.111111
sub-fbe5ad3c,0.276923,0.292308,0.123077,0.200000,0.107692,1.384615,1.461538,1.142857,1.300000,1.166667
sub-fc102a62,0.322581,0.225806,0.080645,0.177419,0.193548,1.428571,1.272727,1.000000,1.222222,1.200000
sub-fc143608,0.376000,0.320000,0.088000,0.136000,0.080000,2.238095,2.222222,1.222222,1.416667,1.250000
sub-fc39f12d,0.245455,0.336364,0.163636,0.218182,0.036364,1.588235,2.055556,1.200000,1.714286,1.000000
sub-fc462c95,0.372549,0.333333,0.098039,0.117647,0.078431,1.900000,1.700000,1.000000,1.000000,1.000000
sub-fc49ae05,0.204545,0.204545,0.250000,0.318182,0.022727,1.125000,1.285714,1.100000,1.166667,1.000000
sub-fc5c97ee,0.357143,0.418367,0.051020,0.040816,0.132653,2.333333,2.411765,1.000000,1.000000,1.444444
sub-fc9043fa,0.281250,0.328125,0.156250,0.171875,0.062500,1.636364,1.400000,1.111111,1.100000,1.000000
sub-fc92ad12,0.307692,0.307692,0.230769,0.136752,0.017094,2.117647,2.250000,1.588235,1.600000,1.000000
sub-fcf62c5e,0.296000,0.272000,0.208000,0.144000,0.080000,1.761905,1.478261,1.625000,1.384615,1.428571
sub-fd55fbb1,0.215517,0.163793,0.232759,0.172414,0.215517,1.923077,1.583333,2.076923,1.538462,1.785714
sub-fd6b7648,0.301724,0.362069,0.163793,0.086207,0.086207,1.944444,2.470588,1.357143,1.250000,1.250000
sub-fe159024,0.336538,0.413462,0.105769,0.076923,0.067308,1.944444,2.150000,1.222222,1.142857,1.000000
sub-fe35def7,0.354430,0.455696,0.113924,0.037975,0.037975,1.555556,1.894737,1.125000,1.000000,1.000000
sub-fe9b843e,0.259740,0.285714,0.103896,0.129870,0.220779,1.250000,1.222222,1.142857,1.250000,1.416667
sub-fec1d802,0.194915,0.211864,0.186441,0.186441,0.220339,1.533333,1.562500,1.571429,1.692308,1.857143
sub-fec6b3b3,0.400000,0.400000,0.083333,0.091667,0.025000,3.428571,3.000000,1.111111,1.222222,1.500000
sub-fee9195f,0.327103,0.345794,0.140187,0.130841,0.056075,2.058824,1.681818,1.500000,1.400000,1.000000
sub-ff10861b,0.223301,0.242718,0.262136,0.213592,0.058252,1.533333,1.470588,1.800000,1.692308,1.200000
sub-ff1e1209,0.206897,0.206897,0.206897,0.129310,0.250000,1.846154,1.846154,2.181818,1.666667,2.230769
sub-ff2be107,0.317073,0.260163,0.162602,0.211382,0.048780,2.437500,2.000000,1.333333,1.857143,1.000000
sub-ff7855eb,0.304348,0.333333,0.159420,0.159420,0.043478,1.312500,1.533333,1.222222,1.100000,1.000000
sub-ff86147c,0.303571,0.258929,0.169643,0.187500,0.080357,1.700000,1.933333,1.461538,1.312500,1.285714
sub-ffc734a9,0.338462,0.338462,0.107692,0.153846,0.061538,1.375000,1.375000,1.166667,1.111111,1.000000
