ID,fracocc_1,fracocc_2,fracocc_3,fracocc_4,fracocc_5,dwell_1,dwell_2,dwell_3,dwell_4,dwell_5
sub-0065c4e7,0.135417,0.218750,0.281250,0.156250,0.208333,2.600000,5.250000,6.750000,3.000000,2.857143
sub-0223ca30,0.063830,0.085106,0.191489,0.404255,0.255319,1.500000,1.333333,3.000000,3.166667,3.000000
sub-028396a2,0.125000,0.250000,0.270833,0.000000,0.354167,3.000000,4.000000,4.333333,NaN,4.250000
sub-030862f3,0.306818,0.215909,0.227273,0.125000,0.125000,3.857143,4.750000,2.857143,1.833333,2.200000
sub-0424f0cc,0.333333,0.266667,0.133333,0.150000,0.116667,3.333333,2.666667,1.600000,1.500000,3.500000
sub-05804543,0.346939,0.346939,0.091837,0.112245,0.102041,4.857143,5.666667,2.250000,2.200000,3.333333
sub-05b68380,0.431373,0.254902,0.137255,0.019608,0.156863,4.400000,2.600000,3.500000,1.000000,2.666667
sub-0619f332,0.171171,0.297297,0.207207,0.099099,0.225225,4.750000,4.125000,3.833333,2.200000,3.125000
sub-0677b0ae,0.200000,0.200000,0.189474,0.200000,0.210526,3.800000,3.800000,3.600000,3.166667,2.857143
sub-075ba38c,0.236364,0.054545,0.254545,0.218182,0.236364,2.166667,1.500000,3.500000,2.400000,2.600000
sub-078d0115,0.256881,0.284404,0.137615,0.174312,0.146789,4.666667,5.166667,3.750000,2.714286,4.000000
sub-079ad0b1,0.279661,0.288136,0.101695,0.152542,0.177966,4.125000,4.250000,2.000000,2.571429,3.000000
sub-08bdadc8,0.328571,0.357143,0.042857,0.114286,0.157143,3.833333,4.166667,1.500000,1.600000,5.500000
sub-08fc6819,0.258065,0.258065,0.217742,0.169355,0.096774,4.571429,4.000000,4.500000,2.333333,2.000000
sub-09ff79ff,0.254545,0.218182,0.236364,0.145455,0.145455,3.500000,12.000000,2.600000,2.666667,2.666667
sub-0aa36d72,0.187500,0.203125,0.265625,0.187500,0.156250,4.000000,4.333333,8.500000,4.000000,3.333333
sub-0ab8eedd,0.125000,0.222222,0.208333,0.194444,0.250000,3.000000,2.000000,2.500000,2.800000,3.000000
sub-0bb849b5,0.136364,0.136364,0.227273,0.284091,0.215909,2.000000,3.000000,4.000000,4.166667,3.166667
sub-0d109f78,0.191011,0.179775,0.224719,0.157303,0.247191,2.428571,2.666667,2.857143,4.666667,2.750000
sub-0d4055a4,0.300000,0.300000,0.150000,0.083333,0.166667,3.000000,3.000000,2.250000,1.666667,2.000000
sub-0ea01690,0.234043,0.127660,0.170213,0.276596,0.191489,2.750000,2.000000,2.666667,3.250000,1.800000
sub-0f6654ce,0.284091,0.159091,0.284091,0.125000,0.147727,4.166667,2.800000,3.571429,2.200000,4.333333
sub-0ffb32d2,0.176471,0.166667,0.196078,0.313725,0.147059,4.500000,2.833333,3.333333,4.000000,5.000000
sub-1000f047,0.189873,0.240506,0.101266,0.291139,0.177215,3.750000,2.111111,4.000000,3.833333,2.800000
sub-11094134,0.096154,0.153846,0.192308,0.230769,0.326923,1.666667,2.666667,5.000000,3.000000,5.666667
sub-143c05b0,0.198276,0.310345,0.172414,0.163793,0.155172,5.750000,5.142857,2.857143,3.800000,3.600000
sub-14921d16,0.278261,0.286957,0.234783,0.095652,0.104348,8.000000,5.500000,3.375000,2.200000,4.000000
sub-156dd92b,0.264706,0.225490,0.225490,0.215686,0.068627,4.500000,7.666667,5.750000,5.500000,1.750000
sub-15a45610,0.383721,0.383721,0.069767,0.116279,0.046512,5.500000,4.125000,1.500000,2.000000,1.333333
sub-15bf4c30,0.188235,0.105882,0.200000,0.235294,0.270588,2.666667,3.000000,3.400000,4.000000,3.285714
sub-16f7c767,0.400000,0.100000,0.100000,0.175000,0.225000,4.000000,2.000000,2.000000,1.750000,2.250000
sub-185510a2,0.308511,0.308511,0.191489,0.053191,0.138298,7.250000,4.833333,3.600000,1.666667,1.857143
sub-18843b7b,0.116279,0.162791,0.395349,0.162791,0.162791,5.000000,2.333333,5.666667,2.333333,2.333333
sub-18dcd71e,0.252336,0.271028,0.140187,0.140187,0.196262,3.857143,4.833333,2.500000,3.000000,2.625000
sub-1a7ffbab,0.313043,0.269565,0.200000,0.200000,0.017391,4.500000,4.428571,4.600000,2.555556,2.000000
sub-1bd6ef0e,0.159091,0.136364,0.318182,0.045455,0.340909,3.500000,1.500000,2.800000,2.000000,3.000000
sub-1c9dca29,0.284404,0.311927,0.174312,0.155963,0.073394,3.875000,6.800000,3.800000,3.400000,2.666667
sub-1e805bd2,0.230769,0.173077,0.192308,0.096154,0.307692,3.000000,2.250000,2.500000,2.500000,3.200000
sub-1f989207,0.244186,0.406977,0.127907,0.127907,0.093023,4.200000,5.833333,2.750000,2.200000,2.666667
sub-1fead018,0.350000,0.400000,0.083333,0.100000,0.066667,5.250000,6.000000,2.500000,3.000000,2.000000
sub-20a17075,0.295082,0.286885,0.237705,0.065574,0.114754,7.200000,4.375000,4.142857,2.000000,3.500000
sub-20a2b1b4,0.184615,0.230769,0.153846,0.215385,0.215385,2.400000,3.000000,3.333333,2.800000,2.333333
sub-20b7485e,0.309859,0.267606,0.140845,0.225352,0.056338,3.142857,3.166667,2.500000,2.285714,2.000000
sub-20d43624,0.224490,0.204082,0.285714,0.122449,0.163265,3.666667,3.333333,4.666667,1.500000,8.000000
sub-22c762ef,0.160000,0.186667,0.306667,0.146667,0.200000,3.000000,3.500000,4.600000,2.200000,3.750000
sub-23826a62,0.339130,0.339130,0.121739,0.095652,0.104348,5.571429,4.875000,2.800000,2.750000,3.000000
sub-23ae845f,0.267327,0.267327,0.118812,0.099010,0.247525,4.500000,4.500000,3.000000,2.000000,3.571429
sub-24995e17,0.320000,0.220000,0.100000,0.200000,0.160000,4.000000,2.750000,1.666667,3.333333,2.666667
sub-24c13105,0.305263,0.210526,0.126316,0.094737,0.263158,4.142857,2.857143,2.400000,2.250000,4.166667
sub-24ed9807,0.276923,0.338462,0.200000,0.076923,0.107692,3.600000,3.666667,2.166667,2.500000,1.750000
sub-257bbec9,0.050000,0.183333,0.366667,0.250000,0.150000,1.500000,3.666667,7.333333,3.000000,2.250000
sub-28a0fdd3,0.129630,0.092593,0.444444,0.203704,0.129630,2.333333,1.666667,6.000000,3.666667,3.500000
sub-28c7360d,0.234694,0.183673,0.224490,0.265306,0.091837,3.833333,3.000000,4.400000,3.714286,2.250000
sub-29855626,0.189189,0.162162,0.148649,0.243243,0.256757,2.800000,2.000000,2.200000,3.600000,3.800000
sub-2b4ee1eb,0.362832,0.380531,0.035398,0.044248,0.176991,5.857143,8.600000,1.333333,1.666667,4.000000
sub-2ca8e629,0.318182,0.295455,0.090909,0.102273,0.193182,4.666667,4.333333,1.600000,1.500000,3.400000
sub-2e02a615,0.311111,0.277778,0.077778,0.188889,0.144444,4.000000,4.166667,2.333333,3.400000,3.250000
sub-2e2c9089,0.279412,0.323529,0.220588,0.102941,0.073529,3.800000,4.400000,3.000000,1.750000,2.500000
sub-30ab196e,0.326087,0.173913,0.152174,0.130435,0.217391,3.000000,2.000000,2.333333,2.000000,2.500000
sub-31c71fe5,0.168675,0.228916,0.289157,0.132530,0.180723,2.333333,4.750000,4.000000,5.500000,3.000000
sub-32ad6734,0.277228,0.287129,0.158416,0.049505,0.227723,4.000000,4.833333,2.666667,1.666667,3.833333
sub-33aa81b1,0.368421,0.407895,0.131579,0.052632,0.039474,4.666667,5.166667,2.000000,2.000000,1.500000
sub-3405c96d,0.533333,0.216667,0.066667,0.066667,0.116667,5.333333,3.250000,1.333333,1.333333,2.333333
sub-34458bb9,0.186813,0.142857,0.219780,0.274725,0.175824,3.400000,3.250000,4.000000,5.000000,2.666667
sub-34539ef6,0.179487,0.205128,0.230769,0.179487,0.205128,3.500000,2.666667,4.500000,2.333333,2.666667
sub-363fef83,0.364486,0.289720,0.102804,0.074766,0.168224,5.571429,5.166667,2.750000,2.000000,3.600000
sub-3948081f,0.400000,0.312500,0.162500,0.075000,0.050000,6.400000,4.166667,3.250000,3.000000,1.333333
sub-395cc66e,0.295082,0.180328,0.180328,0.213115,0.131148,3.600000,3.666667,3.666667,2.600000,2.000000
sub-39ec2b3a,0.360465,0.325581,0.139535,0.151163,0.023256,6.200000,5.600000,4.000000,2.600000,2.000000
sub-3a64891e,0.245098,0.235294,0.166667,0.156863,0.196078,5.000000,4.000000,2.428571,4.000000,3.333333
sub-3afc22be,0.336842,0.178947,0.294737,0.084211,0.105263,4.571429,2.428571,4.000000,2.000000,2.000000
sub-3c412bbf,0.345455,0.327273,0.072727,0.172727,0.081818,5.428571,6.000000,2.666667,2.375000,4.500000
sub-3c46c07f,0.212766,0.148936,0.276596,0.170213,0.191489,2.857143,2.333333,4.333333,3.200000,2.571429
sub-3e8e8f70,0.380282,0.239437,0.112676,0.112676,0.154930,5.400000,4.250000,4.000000,4.000000,2.200000
sub-3fa321e5,0.258065,0.209677,0.193548,0.258065,0.080645,3.200000,4.333333,3.000000,3.200000,1.666667
sub-3fdf00ec,0.310680,0.310680,0.165049,0.126214,0.087379,4.571429,4.571429,2.833333,2.600000,4.500000
sub-40a8af30,0.241935,0.145161,0.129032,0.258065,0.225806,5.000000,3.000000,4.000000,3.200000,2.333333
sub-40cd38aa,0.254902,0.147059,0.294118,0.254902,0.049020,3.714286,2.500000,4.285714,5.200000,1.666667
sub-4116e37f,0.470588,0.431373,0.058824,0.000000,0.039216,8.000000,7.333333,3.000000,NaN,1.000000
sub-41837856,0.403509,0.333333,0.035088,0.140351,0.087719,4.600000,3.800000,2.000000,2.666667,1.666667
sub-41c65311,0.259740,0.311688,0.168831,0.038961,0.220779,4.000000,4.800000,3.250000,1.500000,4.250000
sub-42be1b79,0.357143,0.232143,0.178571,0.205357,0.026786,8.000000,6.500000,4.000000,4.600000,1.500000
sub-42ff619b,0.244898,0.244898,0.224490,0.163265,0.122449,2.400000,3.000000,1.833333,2.666667,1.500000
sub-43687c63,0.267241,0.206897,0.267241,0.181034,0.077586,6.200000,3.000000,4.428571,4.200000,2.250000
sub-43e6771c,0.218750,0.187500,0.312500,0.125000,0.156250,3.000000,3.600000,5.000000,2.000000,3.000000
sub-4507f914,0.186441,0.245763,0.186441,0.144068,0.237288,3.666667,4.142857,3.666667,2.833333,4.000000
sub-459d2f41,0.181818,0.218182,0.309091,0.054545,0.236364,2.500000,3.000000,3.400000,1.500000,3.250000
sub-45bcc689,0.298507,0.313433,0.149254,0.134328,0.104478,2.857143,3.000000,2.500000,2.250000,2.333333
sub-45c1d1f7,0.129630,0.092593,0.351852,0.185185,0.240741,2.333333,1.666667,3.800000,2.500000,2.600000
sub-45d3f841,0.329114,0.227848,0.088608,0.126582,0.227848,3.250000,3.000000,2.333333,1.666667,3.600000
sub-477fa3ad,0.513158,0.368421,0.039474,0.039474,0.039474,7.800000,5.600000,1.500000,1.000000,1.500000
sub-481c79cc,0.260870,0.326087,0.260870,0.043478,0.108696,4.000000,7.500000,2.400000,2.000000,2.500000
sub-48aef4b5,0.268519,0.296296,0.157407,0.064815,0.212963,3.625000,5.333333,2.833333,1.400000,3.285714
sub-48b8b0e4,0.314286,0.414286,0.128571,0.028571,0.114286,7.333333,7.250000,3.000000,2.000000,4.000000
sub-4ac4cb0a,0.119048,0.059524,0.380952,0.250000,0.190476,2.000000,1.666667,5.333333,5.250000,2.666667
sub-4ac8cb38,0.318182,0.215909,0.056818,0.238636,0.170455,4.666667,3.800000,1.666667,4.200000,2.500000
sub-4b1369b2,0.281553,0.252427,0.126214,0.165049,0.174757,4.142857,3.250000,1.444444,8.500000,6.000000
sub-4cff45db,0.144737,0.052632,0.263158,0.421053,0.118421,2.750000,1.333333,2.857143,5.333333,2.250000
sub-4d7b20c6,0.295455,0.272727,0.181818,0.170455,0.079545,4.333333,4.000000,3.200000,3.750000,2.333333
sub-4ddbfa65,0.217391,0.152174,0.304348,0.217391,0.108696,3.333333,3.500000,3.500000,3.333333,1.666667
sub-4e349387,0.258333,0.275000,0.050000,0.266667,0.150000,5.166667,4.125000,3.000000,4.000000,4.500000
sub-4e6e7db0,0.257732,0.185567,0.185567,0.123711,0.247423,3.571429,2.571429,3.000000,3.000000,3.428571
sub-4fc822e3,0.166667,0.312500,0.083333,0.166667,0.270833,2.000000,3.000000,2.000000,2.666667,2.166667
sub-501a5ca8,0.134615,0.192308,0.269231,0.153846,0.250000,2.333333,2.500000,2.333333,2.666667,3.250000
sub-503252d4,0.240741,0.185185,0.203704,0.259259,0.111111,3.250000,3.333333,3.666667,3.500000,2.000000
sub-50537bb4,0.056604,0.150943,0.056604,0.377358,0.358491,1.500000,1.600000,1.500000,5.000000,3.800000
sub-50dcaf86,0.121951,0.097561,0.219512,0.243902,0.317073,5.000000,4.000000,3.000000,3.333333,3.250000
sub-512e75ea,0.320000,0.200000,0.106667,0.146667,0.226667,4.800000,2.142857,2.000000,2.200000,2.833333
sub-52aa46c0,0.474576,0.406780,0.016949,0.033898,0.067797,5.600000,4.800000,1.000000,1.000000,2.000000
sub-53072377,0.160000,0.080000,0.120000,0.300000,0.340000,1.600000,2.000000,3.000000,3.750000,5.666667
sub-554535d0,0.299145,0.299145,0.085470,0.145299,0.170940,5.000000,7.000000,3.333333,4.250000,2.857143
sub-565f562c,0.231707,0.292683,0.134146,0.195122,0.146341,2.714286,3.428571,2.200000,2.666667,2.400000
sub-56e0ac2b,0.305556,0.305556,0.194444,0.111111,0.083333,4.125000,5.500000,3.500000,2.400000,1.800000
sub-57c8968f,0.219178,0.246575,0.136986,0.123288,0.273973,8.000000,6.000000,5.000000,1.800000,4.000000
sub-583b83af,0.075000,0.150000,0.250000,0.025000,0.500000,3.000000,2.000000,3.333333,1.000000,3.333333
sub-585b8040,0.227273,0.363636,0.125000,0.193182,0.090909,4.000000,4.571429,2.750000,2.833333,2.000000
sub-5a17c30b,0.050000,0.050000,0.200000,0.400000,0.300000,2.000000,1.000000,2.666667,4.000000,4.000000
sub-5ac87eeb,0.266667,0.258333,0.125000,0.158333,0.191667,4.000000,5.166667,2.500000,2.714286,3.833333
sub-5bf7016d,0.237113,0.309278,0.134021,0.134021,0.185567,3.285714,4.285714,3.250000,3.250000,2.571429
sub-5c99d342,0.192661,0.183486,0.229358,0.211009,0.183486,5.250000,3.333333,4.166667,3.285714,2.857143
sub-5ca5829f,0.333333,0.315315,0.072072,0.099099,0.180180,7.400000,5.000000,2.000000,2.200000,4.000000
sub-5dd303b2,0.297872,0.212766,0.255319,0.042553,0.191489,3.500000,2.500000,3.000000,2.000000,3.000000
sub-5e1d9c42,0.235294,0.268908,0.176471,0.168067,0.151261,4.666667,4.571429,3.500000,4.000000,3.000000
sub-5e1f7ed3,0.466019,0.310680,0.106796,0.029126,0.087379,8.000000,8.000000,2.750000,1.000000,3.000000
sub-5e3c3afb,0.416000,0.368000,0.088000,0.088000,0.040000,10.400000,5.750000,2.750000,3.666667,1.666667
sub-5e9dcb61,0.295238,0.247619,0.133333,0.142857,0.180952,4.428571,3.250000,2.800000,2.500000,2.714286
sub-5f0402f7,0.266055,0.366972,0.155963,0.073394,0.137615,4.142857,6.666667,3.400000,2.000000,3.750000
sub-5f1d259b,0.126984,0.126984,0.333333,0.190476,0.222222,1.600000,2.000000,3.000000,3.000000,2.000000
sub-60e4dbc3,0.298387,0.354839,0.104839,0.112903,0.129032,6.166667,6.285714,2.600000,2.800000,3.200000
sub-6104407d,0.315068,0.246575,0.164384,0.178082,0.095890,3.833333,4.500000,4.000000,2.166667,1.750000
sub-61d78bb2,0.131148,0.065574,0.344262,0.311475,0.147541,2.000000,1.333333,5.250000,3.800000,3.000000
sub-61eac6f3,0.303030,0.262626,0.171717,0.171717,0.090909,5.000000,4.333333,4.250000,2.833333,3.000000
sub-691a4577,0.436364,0.363636,0.163636,0.000000,0.036364,8.000000,4.000000,2.250000,NaN,2.000000
sub-6af6e0f1,0.072727,0.145455,0.309091,0.309091,0.163636,2.000000,2.666667,4.250000,4.250000,4.500000
sub-6b6e11f5,0.268293,0.268293,0.317073,0.121951,0.024390,5.500000,2.750000,6.500000,2.500000,1.000000
sub-6b998730,0.314815,0.129630,0.277778,0.259259,0.018519,2.833333,2.333333,3.000000,2.333333,1.000000
sub-6bc464da,0.195402,0.298851,0.126437,0.218391,0.160920,2.833333,4.333333,2.200000,3.800000,3.500000
sub-6bd58939,0.152778,0.125000,0.263889,0.222222,0.236111,3.666667,3.000000,3.166667,4.000000,3.400000
sub-6bdfd645,0.208333,0.270833,0.208333,0.145833,0.166667,2.500000,2.166667,2.000000,2.333333,2.000000
sub-6ce2c563,0.290000,0.310000,0.170000,0.190000,0.040000,4.833333,4.428571,3.400000,3.166667,2.000000
sub-6d1c00b7,0.360000,0.293333,0.133333,0.173333,0.040000,3.375000,4.400000,2.000000,2.600000,1.500000
sub-6d602a07,0.393939,0.287879,0.075758,0.212121,0.030303,5.200000,3.166667,1.250000,3.500000,2.000000
sub-6d6b950c,0.188679,0.207547,0.169811,0.150943,0.283019,2.000000,2.750000,3.000000,2.666667,3.000000
sub-6db06aa3,0.306452,0.225806,0.145161,0.112903,0.209677,3.800000,4.666667,3.000000,1.400000,2.600000
sub-6fb0f8d7,0.293103,0.206897,0.034483,0.206897,0.258621,2.833333,3.000000,2.000000,3.000000,2.500000
sub-6fb39ec0,0.325000,0.308333,0.166667,0.108333,0.091667,5.571429,5.285714,4.000000,3.250000,2.200000
sub-7313c72c,0.356322,0.298851,0.114943,0.091954,0.137931,4.428571,6.500000,2.000000,2.000000,2.000000
sub-756d664c,0.333333,0.380952,0.000000,0.190476,0.095238,3.500000,3.200000,NaN,2.000000,1.000000
sub-75bb5553,0.231405,0.214876,0.206612,0.198347,0.148760,3.500000,4.333333,3.571429,4.800000,2.571429
sub-78ebedd2,0.247191,0.292135,0.168539,0.157303,0.134831,2.750000,5.200000,2.500000,2.800000,2.000000
sub-793cb691,0.260000,0.240000,0.280000,0.200000,0.020000,2.166667,3.000000,2.800000,2.500000,1.000000
sub-7aee16bc,0.261682,0.327103,0.112150,0.149533,0.149533,3.500000,3.888889,1.714286,2.666667,2.666667
sub-7b21550b,0.062500,0.015625,0.328125,0.187500,0.406250,2.000000,1.000000,5.250000,2.400000,4.333333
sub-7bb3c4d7,0.317073,0.308943,0.113821,0.121951,0.138211,5.571429,6.333333,2.800000,3.750000,2.833333
sub-7eea71d8,0.250000,0.355769,0.163462,0.048077,0.182692,2.888889,5.285714,2.125000,2.500000,3.800000
sub-8085a954,0.211268,0.366197,0.154930,0.140845,0.126761,3.000000,3.714286,2.750000,2.500000,2.250000
sub-818c4a36,0.235955,0.269663,0.157303,0.191011,0.146067,3.500000,3.428571,2.800000,3.400000,3.250000
sub-82746982,0.339130,0.295652,0.086957,0.173913,0.104348,6.500000,4.857143,2.500000,3.333333,3.000000
sub-82825229,0.197802,0.351648,0.197802,0.219780,0.032967,3.600000,4.571429,3.600000,4.000000,1.000000
sub-83586c4d,0.166667,0.166667,0.190476,0.095238,0.380952,1.750000,3.500000,2.000000,4.000000,4.000000
sub-83db705c,0.203704,0.194444,0.222222,0.222222,0.157407,3.666667,4.200000,4.800000,2.666667,2.833333
sub-8566bafc,0.278689,0.286885,0.139344,0.188525,0.106557,4.857143,7.000000,3.400000,4.600000,4.333333
sub-85e64ddb,0.284314,0.313725,0.127451,0.186275,0.088235,4.142857,5.333333,2.166667,3.166667,1.800000
sub-8654789d,0.202020,0.141414,0.232323,0.262626,0.161616,2.500000,2.800000,4.600000,2.888889,3.200000
sub-86be733a,0.266129,0.209677,0.185484,0.177419,0.161290,4.125000,5.200000,2.875000,5.500000,6.666667
sub-88925b80,0.361702,0.361702,0.021277,0.074468,0.180851,6.800000,4.857143,1.000000,1.750000,4.250000
sub-88dc1dcf,0.200000,0.072727,0.200000,0.345455,0.181818,1.833333,2.000000,3.666667,3.800000,2.000000
sub-8a8e58c7,0.380000,0.340000,0.220000,0.060000,0.000000,6.333333,5.666667,3.666667,1.000000,NaN
sub-8b339985,0.243590,0.192308,0.064103,0.230769,0.269231,2.714286,3.000000,1.250000,2.571429,3.500000
sub-8c4e9db4,0.135593,0.135593,0.228814,0.144068,0.355932,2.285714,2.666667,3.857143,3.400000,5.250000
sub-8c9f12d7,0.290909,0.072727,0.309091,0.327273,0.000000,3.200000,2.000000,5.666667,6.000000,NaN
sub-8dd8aae9,0.240385,0.259615,0.250000,0.134615,0.115385,3.571429,3.857143,3.250000,1.750000,1.714286
sub-8ed3da91,0.258929,0.250000,0.125000,0.196429,0.169643,5.800000,4.666667,2.333333,3.666667,3.166667
sub-8ef356b5,0.222222,0.311111,0.155556,0.200000,0.111111,2.500000,4.666667,1.750000,2.250000,1.666667
sub-8f4474ef,0.301887,0.283019,0.113208,0.188679,0.113208,8.000000,3.750000,3.000000,3.333333,3.000000
sub-91f6cb54,0.209677,0.112903,0.387097,0.161290,0.129032,3.250000,3.500000,6.000000,3.333333,2.666667
sub-93f05d08,0.183333,0.133333,0.216667,0.283333,0.183333,2.200000,4.000000,2.600000,2.833333,2.750000
sub-941fc5cd,0.076923,0.173077,0.346154,0.250000,0.153846,2.000000,2.250000,3.600000,2.600000,2.000000
sub-94785f0d,0.406780,0.322034,0.067797,0.118644,0.084746,6.000000,3.800000,2.000000,2.333333,2.500000
sub-9504cb5a,0.173469,0.142857,0.204082,0.224490,0.255102,3.400000,2.800000,3.333333,3.666667,5.000000
sub-96af5d3c,0.173469,0.204082,0.326531,0.255102,0.040816,2.833333,3.333333,5.333333,5.000000,1.000000
sub-97594e87,0.375000,0.263889,0.194444,0.083333,0.083333,3.857143,4.750000,2.800000,2.000000,3.000000
sub-976c58d9,0.197368,0.223684,0.276316,0.092105,0.210526,3.000000,3.400000,3.000000,2.333333,2.666667
sub-97910eaf,0.357724,0.317073,0.097561,0.105691,0.121951,6.285714,6.500000,4.000000,2.600000,3.750000
sub-97cf1a68,0.243478,0.269565,0.139130,0.156522,0.191304,4.000000,3.875000,3.200000,3.600000,2.444444
sub-985ef253,0.270270,0.148649,0.121622,0.256757,0.202703,4.000000,2.750000,2.250000,3.800000,3.000000
sub-98d3f087,0.150000,0.166667,0.150000,0.275000,0.258333,3.000000,4.000000,4.500000,4.714286,4.428571
sub-99b5018c,0.100000,0.271429,0.200000,0.328571,0.100000,2.333333,3.800000,2.800000,4.600000,2.333333
sub-9aa5814f,0.071429,0.000000,0.119048,0.357143,0.452381,1.500000,NaN,2.500000,3.750000,6.333333
sub-9acb1fd7,0.218750,0.093750,0.260417,0.281250,0.145833,4.200000,1.800000,3.571429,3.857143,2.333333
sub-9b2c8458,0.142857,0.265306,0.285714,0.163265,0.142857,1.750000,3.250000,3.500000,2.000000,3.500000
sub-9b74c8eb,0.342857,0.257143,0.128571,0.128571,0.142857,4.800000,4.500000,2.250000,4.500000,3.333333
sub-9b8257bc,0.188119,0.069307,0.326733,0.287129,0.128713,3.166667,1.750000,3.300000,7.250000,4.333333
sub-9bcea9fc,0.220779,0.194805,0.220779,0.233766,0.129870,3.400000,2.500000,3.400000,3.600000,2.500000
sub-9c80ad67,0.263889,0.319444,0.152778,0.097222,0.166667,2.714286,3.285714,2.750000,1.400000,2.400000
sub-9d4ff737,0.316327,0.275510,0.142857,0.173469,0.091837,3.875000,3.857143,2.333333,2.833333,1.500000
sub-9db0a7f0,0.289256,0.206612,0.157025,0.173554,0.173554,5.833333,3.571429,2.714286,3.500000,3.500000
sub-9e24a8ff,0.298507,0.238806,0.164179,0.104478,0.194030,5.000000,2.666667,3.666667,3.500000,2.166667
sub-9e2b9c23,0.291262,0.155340,0.223301,0.203883,0.126214,3.333333,3.200000,2.875000,3.000000,2.600000
sub-9e34055d,0.282609,0.336957,0.141304,0.065217,0.173913,5.200000,7.750000,3.250000,2.000000,2.666667
sub-9e6499e6,0.322034,0.220339,0.203390,0.152542,0.101695,3.166667,3.250000,3.000000,1.800000,2.000000
sub-a1093cbb,0.386364,0.204545,0.136364,0.136364,0.136364,3.400000,3.000000,3.000000,3.000000,2.000000
sub-a129f7e8,0.168317,0.188119,0.178218,0.297030,0.168317,3.400000,3.166667,2.000000,3.750000,4.250000
sub-a1b767d5,0.234375,0.156250,0.234375,0.250000,0.125000,2.500000,2.500000,3.000000,5.333333,2.000000
sub-a21927f3,0.333333,0.196970,0.196970,0.151515,0.121212,4.400000,3.250000,2.600000,2.500000,2.666667
sub-a2944031,0.216667,0.266667,0.191667,0.166667,0.158333,6.500000,6.400000,3.285714,6.666667,3.800000
sub-a358a3a4,0.280000,0.226667,0.226667,0.200000,0.066667,5.250000,3.400000,2.833333,3.000000,1.250000
sub-a37de315,0.333333,0.236559,0.172043,0.096774,0.161290,4.428571,4.400000,2.666667,2.250000,2.142857
sub-a4dfe556,0.244898,0.204082,0.244898,0.163265,0.142857,2.400000,2.500000,3.000000,2.000000,1.750000
sub-a68050b1,0.222222,0.285714,0.190476,0.222222,0.079365,2.800000,2.571429,2.400000,2.000000,1.666667
sub-a6845558,0.244898,0.285714,0.204082,0.204082,0.061224,3.000000,3.500000,2.500000,2.500000,1.500000
sub-a703404d,0.265957,0.319149,0.085106,0.191489,0.138298,4.166667,3.750000,1.600000,3.600000,2.600000
sub-a71c7da1,0.208000,0.256000,0.232000,0.176000,0.128000,3.250000,5.333333,4.142857,3.142857,2.666667
sub-a728fc66,0.172414,0.155172,0.172414,0.327586,0.172414,2.500000,2.250000,2.500000,3.166667,3.333333
sub-a7d28b7c,0.234568,0.259259,0.135802,0.283951,0.086420,3.166667,3.000000,1.833333,3.833333,1.750000
sub-a8082cd3,0.315789,0.140351,0.157895,0.087719,0.298246,3.000000,2.666667,1.800000,1.666667,3.400000
sub-aa8a3cb1,0.131148,0.049180,0.262295,0.442623,0.114754,2.000000,1.500000,5.333333,5.400000,3.500000
sub-aec865ff,0.191011,0.191011,0.235955,0.213483,0.168539,2.833333,3.400000,3.500000,3.166667,2.500000
sub-af240e16,0.278481,0.177215,0.215190,0.037975,0.291139,2.750000,2.800000,2.833333,1.000000,3.285714
sub-af7fa8b2,0.260870,0.246377,0.231884,0.159420,0.101449,3.600000,2.833333,3.200000,2.750000,1.750000
sub-aff59dff,0.237288,0.228814,0.194915,0.262712,0.076271,3.500000,4.500000,3.833333,3.875000,1.800000
sub-b012e893,0.179487,0.192308,0.320513,0.307692,0.000000,4.666667,3.000000,6.250000,4.800000,NaN
sub-b2ac5f9e,0.154930,0.183099,0.154930,0.183099,0.323944,2.750000,2.600000,2.750000,3.250000,4.600000
sub-b317bcc8,0.240000,0.290000,0.210000,0.080000,0.180000,3.428571,5.800000,3.500000,2.666667,3.000000
sub-b3854719,0.241071,0.241071,0.276786,0.035714,0.205357,6.750000,3.000000,4.428571,2.000000,3.285714
sub-b3ae415f,0.287129,0.386139,0.138614,0.059406,0.128713,5.800000,3.545455,2.800000,1.500000,2.166667
sub-b481fb9d,0.142857,0.222222,0.174603,0.111111,0.349206,4.500000,2.800000,2.750000,2.333333,3.666667
sub-b76cf101,0.172414,0.224138,0.120690,0.241379,0.241379,3.333333,4.333333,1.750000,3.500000,3.500000
sub-b79be773,0.317460,0.317460,0.079365,0.111111,0.174603,4.000000,3.333333,2.500000,2.333333,2.200000
sub-b84803bf,0.187500,0.125000,0.328125,0.109375,0.250000,3.000000,1.600000,3.000000,1.400000,4.000000
sub-b950b436,0.200000,0.177778,0.311111,0.200000,0.111111,2.250000,1.333333,2.333333,3.000000,1.666667
sub-b9667750,0.220930,0.244186,0.093023,0.139535,0.302326,3.800000,4.200000,1.333333,3.000000,6.500000
sub-b9f8cd4b,0.191489,0.255319,0.127660,0.106383,0.319149,2.250000,2.400000,3.000000,2.500000,2.500000
sub-ba3277f2,0.347458,0.220339,0.135593,0.194915,0.101695,5.125000,5.200000,2.666667,3.833333,2.000000
sub-ba56b6ca,0.250000,0.175000,0.100000,0.200000,0.275000,3.333333,3.500000,4.000000,4.000000,3.666667
sub-baf53535,0.243902,0.341463,0.243902,0.000000,0.170732,2.500000,3.500000,2.500000,NaN,2.333333
sub-bdf448af,0.317647,0.223529,0.117647,0.117647,0.223529,4.500000,3.166667,5.000000,2.500000,4.750000
sub-bf2215fd,0.196721,0.262295,0.245902,0.049180,0.245902,3.000000,4.000000,3.000000,1.500000,3.000000
sub-bf23e532,0.220779,0.194805,0.155844,0.155844,0.272727,2.833333,3.750000,3.000000,3.000000,4.200000
sub-bf8006d0,0.230769,0.192308,0.153846,0.173077,0.250000,4.000000,2.500000,4.000000,3.000000,6.500000
sub-bfd08f6e,0.371901,0.330579,0.074380,0.074380,0.148760,5.625000,6.666667,4.500000,2.250000,3.600000
sub-c1df6983,0.204545,0.340909,0.068182,0.136364,0.250000,2.250000,3.000000,1.500000,2.000000,1.833333
sub-c4852797,0.185185,0.212963,0.185185,0.222222,0.194444,2.500000,3.285714,2.857143,4.000000,2.625000
sub-c5361f39,0.239583,0.187500,0.166667,0.197917,0.208333,4.600000,3.000000,2.666667,3.800000,2.222222
sub-c6067bf1,0.212121,0.227273,0.121212,0.181818,0.257576,2.800000,3.750000,2.666667,3.000000,2.833333
sub-c8f57d40,0.200000,0.200000,0.200000,0.160000,0.240000,3.333333,2.000000,2.000000,2.000000,2.400000
sub-cb0dc161,0.194444,0.157407,0.212963,0.259259,0.175926,5.250000,3.400000,4.600000,4.666667,3.166667
sub-cb5b6306,0.337079,0.269663,0.191011,0.078652,0.123596,5.000000,6.000000,3.400000,3.500000,3.666667
sub-cb923e06,0.163265,0.265306,0.193878,0.336735,0.040816,4.000000,3.714286,4.750000,4.714286,1.333333
sub-ce750484,0.306818,0.352273,0.136364,0.022727,0.181818,3.857143,6.200000,2.400000,1.000000,4.000000
sub-ce7557cd,0.365854,0.414634,0.073171,0.048780,0.097561,3.750000,3.400000,1.500000,2.000000,2.000000
sub-ce94d8e0,0.105263,0.039474,0.250000,0.263158,0.342105,2.666667,1.500000,4.750000,4.000000,5.200000
sub-cf96c936,0.222222,0.314815,0.212963,0.074074,0.175926,3.000000,3.090909,2.555556,2.000000,3.800000
sub-d04b3811,0.274336,0.185841,0.185841,0.088496,0.265487,4.428571,4.200000,3.000000,2.500000,5.000000
sub-d0ccda46,0.200000,0.133333,0.142857,0.266667,0.257143,3.000000,2.333333,3.000000,3.500000,3.375000
sub-d1d5df0d,0.284314,0.274510,0.147059,0.127451,0.166667,5.800000,3.500000,3.000000,3.250000,4.250000
sub-d2205a7c,0.371795,0.371795,0.128205,0.038462,0.089744,7.250000,4.833333,3.333333,1.500000,2.333333
sub-d2ad3f86,0.279412,0.308824,0.058824,0.220588,0.132353,2.714286,4.200000,1.333333,2.142857,2.250000
sub-d2c47f13,0.247706,0.238532,0.146789,0.256881,0.110092,3.375000,3.714286,2.285714,3.500000,4.000000
sub-d35069ed,0.247706,0.256881,0.183486,0.155963,0.155963,3.857143,3.111111,2.222222,2.833333,2.833333
sub-d3dbca3b,0.152941,0.176471,0.176471,0.247059,0.247059,2.600000,2.500000,2.500000,3.500000,3.500000
sub-d54a444e,0.303571,0.196429,0.089286,0.142857,0.267857,4.250000,2.750000,2.500000,2.000000,3.750000
sub-d7e0b542,0.306452,0.387097,0.161290,0.016129,0.129032,4.750000,8.000000,3.333333,1.000000,2.666667
sub-d7ec9ae3,0.306452,0.370968,0.096774,0.080645,0.145161,3.800000,3.833333,2.000000,2.500000,1.800000
sub-d86c6aeb,0.378378,0.270270,0.175676,0.162162,0.013514,4.666667,4.000000,2.166667,2.400000,1.000000
sub-d8ab4fef,0.309524,0.357143,0.142857,0.071429,0.119048,4.333333,3.000000,2.000000,3.000000,1.666667
sub-d8e8d03c,0.310345,0.287356,0.057471,0.137931,0.206897,5.400000,8.333333,5.000000,3.000000,3.600000
sub-d9505f7f,0.379310,0.232759,0.163793,0.137931,0.086207,7.333333,3.857143,6.333333,4.000000,2.500000
sub-d9574447,0.275362,0.333333,0.086957,0.130435,0.173913,3.166667,3.285714,1.500000,2.250000,3.000000
sub-d9630463,0.104167,0.177083,0.197917,0.125000,0.395833,2.500000,2.833333,2.714286,3.000000,5.428571
sub-d9a7dde8,0.193548,0.193548,0.161290,0.225806,0.225806,4.000000,2.400000,3.333333,4.666667,3.500000
sub-da14debe,0.297619,0.226190,0.178571,0.130952,0.166667,3.571429,2.714286,2.500000,1.833333,3.500000
sub-db1f60e2,0.305556,0.305556,0.138889,0.125000,0.125000,5.500000,4.400000,2.500000,3.000000,3.000000
sub-dc7bd768,0.372549,0.333333,0.068627,0.098039,0.127451,6.333333,5.666667,1.750000,2.500000,2.600000
sub-dc7df6e2,0.196078,0.117647,0.254902,0.313725,0.117647,2.000000,1.500000,2.600000,4.000000,2.000000
sub-dcdce7a1,0.336634,0.297030,0.138614,0.108911,0.118812,4.857143,5.000000,2.800000,3.666667,2.000000
sub-dcfb2aef,0.041667,0.020833,0.520833,0.104167,0.312500,2.000000,1.000000,6.250000,1.666667,3.000000
sub-dd72baf9,0.353659,0.341463,0.121951,0.073171,0.109756,4.833333,5.600000,2.500000,2.000000,1.800000
sub-de0c6ad8,0.376147,0.220183,0.137615,0.137615,0.128440,5.125000,4.000000,2.500000,3.000000,2.333333
sub-de6898bc,0.300000,0.163636,0.218182,0.254545,0.063636,4.125000,4.500000,6.000000,3.500000,2.333333
sub-dea6252e,0.196078,0.215686,0.078431,0.137255,0.372549,2.500000,3.666667,1.333333,3.500000,4.750000
sub-df2ff0b3,0.188679,0.113208,0.396226,0.094340,0.207547,5.000000,1.500000,5.250000,2.500000,2.750000
sub-e0c64703,0.111111,0.123457,0.308642,0.209877,0.246914,2.250000,2.500000,4.166667,3.400000,3.333333
sub-e12930ab,0.345455,0.309091,0.090909,0.200000,0.054545,4.750000,2.428571,2.500000,3.666667,1.000000
sub-e1a4f26e,0.243590,0.230769,0.205128,0.230769,0.089744,2.714286,6.000000,3.200000,4.500000,2.333333
sub-e258c30d,0.145299,0.162393,0.213675,0.256410,0.222222,4.250000,3.166667,6.250000,5.000000,5.200000
sub-e2fb4a5a,0.202899,0.275362,0.115942,0.217391,0.188406,3.500000,3.800000,2.666667,3.000000,2.600000
sub-e36a4396,0.081633,0.142857,0.326531,0.142857,0.306122,2.000000,3.500000,4.000000,3.500000,3.750000
sub-e544a53d,0.310811,0.216216,0.216216,0.121622,0.135135,7.666667,3.200000,3.200000,4.500000,3.333333
sub-e5da608f,0.229730,0.270270,0.216216,0.027027,0.256757,4.250000,2.500000,2.285714,1.000000,3.166667
sub-e5f9f075,0.333333,0.309524,0.190476,0.095238,0.071429,3.500000,3.250000,2.666667,1.333333,1.500000
sub-e6aba9d4,0.446602,0.339806,0.077670,0.116505,0.019417,5.750000,5.000000,2.666667,2.400000,2.000000
sub-e7b4fad4,0.066667,0.066667,0.283333,0.133333,0.450000,2.000000,1.333333,4.250000,2.000000,5.400000
sub-e895d5bf,0.368852,0.352459,0.049180,0.122951,0.106557,5.625000,6.142857,1.500000,2.500000,6.500000
sub-e8af6dbf,0.179104,0.238806,0.179104,0.194030,0.208955,4.000000,2.666667,2.400000,4.333333,2.800000
sub-e95bef08,0.047619,0.047619,0.095238,0.428571,0.380952,3.000000,1.500000,3.000000,6.750000,4.800000
sub-ea3e0167,0.415385,0.369231,0.107692,0.061538,0.046154,5.400000,8.000000,3.500000,4.000000,1.500000
sub-ed6c93d2,0.275000,0.100000,0.150000,0.325000,0.150000,2.750000,2.000000,2.000000,3.250000,2.000000
sub-edbb53c9,0.421053,0.245614,0.140351,0.192982,0.000000,4.800000,2.800000,2.666667,2.750000,NaN
sub-ee2d0fae,0.279570,0.268817,0.215054,0.096774,0.139785,4.333333,2.777778,3.333333,3.000000,2.600000
sub-eeb93250,0.258065,0.204301,0.086022,0.215054,0.236559,4.000000,4.750000,4.000000,4.000000,7.333333
sub-ef333648,0.123596,0.146067,0.348315,0.224719,0.157303,2.200000,2.166667,4.428571,4.000000,3.500000
sub-ef47e1cb,0.322314,0.264463,0.157025,0.206612,0.049587,4.875000,5.333333,6.333333,3.571429,2.000000
sub-f3bec2c7,0.375000,0.225000,0.075000,0.225000,0.100000,3.750000,3.000000,1.500000,4.500000,2.000000
sub-f4267489,0.285714,0.387755,0.122449,0.122449,0.081633,2.800000,3.800000,3.000000,1.500000,1.333333
sub-f4642509,0.263736,0.241758,0.153846,0.197802,0.142857,3.428571,3.142857,3.500000,3.000000,2.600000
sub-f4a570be,0.073171,0.097561,0.317073,0.268293,0.243902,3.000000,2.000000,3.250000,3.666667,3.333333
sub-f534211d,0.209302,0.116279,0.023256,0.302326,0.348837,2.250000,5.000000,1.000000,6.500000,5.000000
sub-f5aecd0c,0.204819,0.180723,0.168675,0.253012,0.192771,2.428571,2.500000,3.500000,3.000000,2.666667
sub-f7bf68ad,0.402062,0.360825,0.103093,0.082474,0.051546,5.571429,5.000000,2.000000,1.600000,1.666667
sub-f88f48fa,0.276596,0.170213,0.191489,0.106383,0.255319,2.600000,2.666667,2.250000,1.666667,2.400000
sub-f988b984,0.296296,0.333333,0.212963,0.101852,0.055556,8.000000,7.200000,3.285714,5.500000,3.000000
sub-f989ab12,0.260870,0.239130,0.239130,0.130435,0.130435,3.000000,2.750000,2.200000,2.000000,2.000000
sub-f99c3394,0.241379,0.183908,0.172414,0.149425,0.252874,3.500000,5.333333,2.500000,4.333333,7.333333
sub-f99df42a,0.254098,0.319672,0.163934,0.163934,0.098361,4.428571,5.571429,2.857143,2.857143,3.000000
sub-fc143608,0.304762,0.304762,0.171429,0.123810,0.095238,6.400000,4.571429,3.000000,4.333333,2.000000
sub-fcf62c5e,0.400000,0.361905,0.104762,0.104762,0.028571,7.000000,6.333333,2.750000,2.200000,1.500000
sub-fec1d802,0.370787,0.370787,0.123596,0.112360,0.022472,6.600000,4.714286,2.200000,2.500000,1.000000
sub-fec6b3b3,0.270833,0.291667,0.145833,0.145833,0.145833,4.333333,7.000000,3.500000,3.500000,2.333333
sub-ff1e1209,0.137255,0.137255,0.215686,0.235294,0.274510,3.500000,1.750000,1.833333,4.000000,2.800000
sub-ff2be107,0.277311,0.226891,0.226891,0.109244,0.159664,4.714286,5.400000,5.400000,3.250000,3.166667
