ID,fracocc_1,fracocc_2,fracocc_3,fracocc_4,fracocc_5,dwell_1,dwell_2,dwell_3,dwell_4,dwell_5
sub-0038f6d3,0.126126,0.252252,0.324324,0.216216,0.081081,1.400000,1.866667,2.250000,2.181818,1.285714
sub-0065c4e7,0.173554,0.157025,0.239669,0.280992,0.148760,1.400000,1.727273,1.812500,1.888889,2.250000
sub-00a5f155,0.184783,0.217391,0.152174,0.239130,0.206522,1.416667,1.428571,1.400000,1.466667,1.461538
sub-0103fd3b,0.246575,0.205479,0.178082,0.164384,0.205479,1.285714,1.250000,1.300000,1.333333,1.153846
sub-017bc66c,0.327731,0.285714,0.184874,0.184874,0.016807,2.437500,2.125000,1.571429,1.833333,1.000000
sub-0223ca30,0.201754,0.201754,0.131579,0.263158,0.201754,1.916667,1.533333,1.153846,1.875000,1.769231
sub-0262fb07,0.252336,0.280374,0.102804,0.149533,0.214953,1.687500,1.875000,1.222222,1.454545,1.642857
sub-028396a2,0.169492,0.211864,0.254237,0.228814,0.135593,1.818182,1.470588,1.764706,1.800000,1.600000
sub-02e70592,0.326531,0.326531,0.142857,0.081633,0.122449,2.000000,1.882353,1.076923,2.000000,1.200000
sub-030862f3,0.280992,0.231405,0.206612,0.140496,0.140496,1.619048,2.153846,1.785714,1.545455,1.700000
sub-030a2f21,0.213675,0.256410,0.213675,0.153846,0.162393,1.666667,1.578947,1.785714,1.636364,1.461538
sub-0312aa2f,0.219512,0.227642,0.276423,0.186992,0.089431,1.421053,1.647059,1.789474,1.642857,1.222222
sub-032bc148,0.223684,0.250000,0.144737,0.210526,0.171053,1.307692,1.055556,1.100000,1.230769,1.625000
sub-037ebdea,0.103448,0.120690,0.275862,0.362069,0.137931,1.000000,1.000000,1.333333,1.400000,1.142857
sub-03b4fac2,0.203704,0.055556,0.370370,0.314815,0.055556,1.100000,1.000000,1.250000,1.133333,1.000000
sub-03d5f6b2,0.215517,0.198276,0.189655,0.250000,0.146552,1.666667,1.437500,1.833333,1.526316,1.416667
sub-03dbb3ef,0.134615,0.153846,0.288462,0.211538,0.211538,1.000000,1.000000,1.071429,1.222222,1.222222
sub-0424f0cc,0.256198,0.239669,0.231405,0.190083,0.082645,2.214286,2.230769,1.750000,1.769231,1.111111
sub-0431abda,0.164557,0.189873,0.215190,0.253165,0.177215,1.300000,1.363636,1.416667,1.538462,1.166667
sub-044c81a4,0.250000,0.250000,0.224138,0.120690,0.155172,2.416667,1.933333,1.733333,1.555556,1.636364
sub-04d422d4,0.379747,0.303797,0.063291,0.088608,0.164557,2.307692,1.714286,1.000000,1.000000,1.444444
sub-05804543,0.376000,0.368000,0.080000,0.064000,0.112000,2.350000,2.705882,1.250000,1.333333,1.272727
sub-05b68380,0.312000,0.352000,0.080000,0.152000,0.104000,2.166667,2.000000,1.000000,1.583333,1.444444
sub-05c8148a,0.263158,0.289474,0.184211,0.157895,0.105263,1.875000,1.941176,1.750000,1.636364,1.200000
sub-05da9db8,0.154639,0.092784,0.195876,0.309278,0.247423,1.666667,1.285714,1.900000,1.578947,1.333333
sub-0618a7a8,0.275362,0.246377,0.159420,0.173913,0.144928,1.357143,1.416667,1.100000,1.333333,1.428571
sub-0619f332,0.175000,0.208333,0.275000,0.133333,0.208333,1.750000,1.785714,2.062500,1.600000,1.923077
sub-062a3828,0.300971,0.300971,0.126214,0.106796,0.165049,2.384615,1.722222,1.300000,1.222222,1.700000
sub-063189b9,0.195122,0.195122,0.146341,0.219512,0.243902,1.777778,1.454545,1.200000,1.500000,1.666667
sub-0640fc90,0.160714,0.142857,0.303571,0.267857,0.125000,1.285714,1.333333,1.416667,1.153846,1.000000
sub-0677b0ae,0.142857,0.151261,0.268908,0.235294,0.201681,1.416667,1.636364,2.000000,2.000000,2.181818
sub-074c7ae0,0.291262,0.300971,0.155340,0.126214,0.126214,1.578947,1.937500,1.333333,1.300000,1.300000
sub-075ba38c,0.172414,0.224138,0.224138,0.129310,0.250000,1.428571,1.444444,1.857143,1.071429,1.812500
sub-078d0115,0.268293,0.252033,0.186992,0.073171,0.219512,1.941176,1.823529,1.642857,1.285714,1.687500
sub-079ad0b1,0.304000,0.296000,0.120000,0.176000,0.104000,2.235294,2.312500,1.250000,2.000000,1.444444
sub-08bdadc8,0.200000,0.225000,0.250000,0.183333,0.141667,1.846154,1.588235,1.875000,1.571429,1.416667
sub-08d4a49b,0.412698,0.349206,0.095238,0.031746,0.111111,2.000000,1.571429,1.200000,1.000000,1.000000
sub-08fc6819,0.320000,0.232000,0.176000,0.192000,0.080000,2.000000,1.812500,1.833333,1.714286,1.666667
sub-09378b74,0.330275,0.256881,0.100917,0.082569,0.229358,2.250000,1.750000,1.222222,1.500000,1.923077
sub-09927d73,0.181818,0.155844,0.168831,0.350649,0.142857,1.272727,1.090909,1.444444,1.687500,1.100000
sub-09ff79ff,0.232143,0.196429,0.250000,0.214286,0.107143,1.857143,1.692308,2.153846,1.500000,1.200000
sub-0a249e33,0.281818,0.254545,0.109091,0.145455,0.209091,1.937500,1.866667,1.090909,1.600000,1.769231
sub-0aa36d72,0.176991,0.194690,0.265487,0.318584,0.044248,1.428571,1.571429,1.875000,2.250000,1.250000
sub-0ab8eedd,0.196581,0.179487,0.196581,0.205128,0.222222,1.642857,1.500000,1.769231,1.714286,1.857143
sub-0abfcc01,0.314286,0.304762,0.104762,0.133333,0.142857,1.833333,1.882353,1.222222,1.750000,1.500000
sub-0b35d330,0.316239,0.316239,0.094017,0.153846,0.119658,1.850000,2.055556,1.375000,1.636364,1.555556
sub-0bb849b5,0.235772,0.300813,0.154472,0.146341,0.162602,1.812500,1.947368,1.583333,1.285714,1.818182
sub-0bd59c4e,0.346154,0.346154,0.000000,0.134615,0.173077,1.285714,1.384615,NaN,1.000000,1.285714
sub-0be9a317,0.311321,0.311321,0.141509,0.094340,0.141509,1.736842,1.650000,1.153846,1.111111,1.250000
sub-0bea5471,0.256410,0.192308,0.115385,0.179487,0.256410,1.333333,1.250000,1.285714,1.166667,1.333333
sub-0c41aed6,0.261905,0.285714,0.107143,0.178571,0.166667,1.466667,1.714286,1.500000,1.363636,1.272727
sub-0c6dd44d,0.188889,0.300000,0.122222,0.200000,0.188889,1.214286,1.421053,1.222222,1.384615,1.214286
sub-0cc78551,0.268293,0.207317,0.146341,0.146341,0.231707,1.466667,1.214286,1.333333,1.333333,1.357143
sub-0d109f78,0.144068,0.220339,0.288136,0.288136,0.059322,1.545455,1.733333,2.125000,1.619048,1.000000
sub-0d4055a4,0.311475,0.254098,0.098361,0.172131,0.163934,2.375000,1.722222,1.333333,1.235294,1.428571
sub-0dd04d8d,0.119048,0.119048,0.250000,0.369048,0.142857,1.250000,1.000000,1.500000,1.631579,1.200000
sub-0e0b5c03,0.226667,0.160000,0.240000,0.186667,0.186667,1.416667,1.200000,1.384615,1.272727,1.272727
sub-0ea01690,0.169643,0.196429,0.232143,0.250000,0.151786,1.583333,1.692308,1.857143,2.000000,1.307692
sub-0ef9a840,0.173913,0.252174,0.200000,0.243478,0.130435,1.333333,1.526316,1.533333,2.000000,1.363636
sub-0f6654ce,0.284553,0.341463,0.113821,0.081301,0.178862,1.944444,2.210526,1.272727,1.666667,1.571429
sub-0feed494,0.114754,0.114754,0.327869,0.311475,0.131148,1.000000,1.000000,1.428571,1.583333,1.142857
sub-0ffb32d2,0.350000,0.341667,0.116667,0.100000,0.091667,3.000000,2.277778,1.555556,1.333333,1.375000
sub-1000f047,0.381356,0.313559,0.144068,0.110169,0.050847,2.500000,1.947368,1.545455,1.181818,1.200000
sub-11094134,0.163934,0.254098,0.155738,0.237705,0.188525,1.666667,1.722222,1.357143,1.705882,1.642857
sub-1112d9df,0.101010,0.080808,0.080808,0.353535,0.383838,1.000000,1.333333,1.000000,1.842105,2.000000
sub-1127e943,0.156250,0.125000,0.203125,0.343750,0.171875,1.111111,1.000000,1.083333,1.571429,1.375000
sub-1208c421,0.266667,0.377778,0.155556,0.133333,0.066667,1.090909,1.416667,1.000000,1.000000,1.000000
sub-13060080,0.444444,0.462963,0.018519,0.037037,0.037037,1.333333,1.470588,1.000000,1.000000,1.000000
sub-143c05b0,0.300813,0.406504,0.146341,0.065041,0.081301,2.466667,2.941176,1.285714,1.142857,1.428571
sub-14921d16,0.256000,0.272000,0.192000,0.120000,0.160000,2.000000,2.125000,1.500000,1.500000,1.666667
sub-156dd92b,0.170732,0.186992,0.138211,0.308943,0.195122,1.750000,1.437500,1.307692,2.111111,1.714286
sub-15a45610,0.330579,0.314050,0.099174,0.074380,0.181818,2.352941,2.000000,1.333333,1.285714,1.692308
sub-15bf4c30,0.221311,0.254098,0.180328,0.172131,0.172131,1.928571,1.550000,1.571429,1.500000,1.400000
sub-15f5f4a4,0.153061,0.204082,0.265306,0.214286,0.163265,1.500000,1.428571,1.529412,1.500000,1.600000
sub-16f7c767,0.241667,0.191667,0.200000,0.200000,0.166667,1.705882,1.642857,1.846154,1.411765,1.818182
sub-1722f709,0.307692,0.351648,0.131868,0.087912,0.120879,1.647059,1.600000,1.333333,1.142857,1.100000
sub-1757dc19,0.171717,0.191919,0.252525,0.090909,0.292929,1.307692,1.461538,1.470588,1.285714,1.812500
sub-175f0243,0.285714,0.295918,0.142857,0.071429,0.204082,1.647059,1.812500,1.555556,1.166667,1.428571
sub-18345449,0.196429,0.160714,0.303571,0.232143,0.107143,1.000000,1.125000,1.307692,1.083333,1.000000
sub-185510a2,0.299145,0.290598,0.119658,0.145299,0.145299,2.187500,2.000000,1.272727,1.416667,1.545455
sub-18843b7b,0.391304,0.402174,0.054348,0.097826,0.054348,1.894737,2.176471,1.000000,1.000000,1.250000
sub-18dcd71e,0.288000,0.288000,0.144000,0.160000,0.120000,1.894737,2.400000,1.636364,1.538462,1.363636
sub-1a0dd2e0,0.292453,0.292453,0.141509,0.160377,0.113208,1.722222,1.823529,1.250000,1.416667,1.333333
sub-1a7ffbab,0.153226,0.193548,0.266129,0.217742,0.169355,1.357143,1.600000,2.062500,1.687500,1.500000
sub-1baacce3,0.289474,0.236842,0.144737,0.171053,0.157895,1.833333,1.285714,1.375000,1.181818,1.200000
sub-1bcbb6c2,0.257143,0.300000,0.214286,0.114286,0.114286,1.384615,1.615385,1.250000,1.142857,1.142857
sub-1bd6ef0e,0.203252,0.170732,0.260163,0.276423,0.089431,1.562500,1.400000,1.882353,1.789474,1.100000
sub-1c9dca29,0.292683,0.292683,0.186992,0.146341,0.081301,2.250000,2.571429,1.642857,1.500000,1.250000
sub-1cab9f59,0.256637,0.247788,0.168142,0.168142,0.159292,1.318182,1.750000,1.583333,1.357143,1.384615
sub-1cae716e,0.244898,0.204082,0.193878,0.255102,0.102041,1.500000,1.333333,1.461538,1.666667,1.111111
sub-1cb849c3,0.340426,0.329787,0.127660,0.138298,0.063830,1.523810,1.823529,1.333333,1.300000,1.000000
sub-1ce73965,0.184466,0.145631,0.281553,0.271845,0.116505,1.461538,1.666667,2.071429,1.647059,1.200000
sub-1d0cc3f0,0.397727,0.431818,0.045455,0.090909,0.034091,2.692308,2.923077,1.333333,1.333333,1.000000
sub-1e7394f2,0.189655,0.250000,0.250000,0.241379,0.068966,1.571429,1.611111,1.450000,1.555556,1.000000
sub-1e7b5201,0.276596,0.255319,0.191489,0.191489,0.085106,1.857143,1.600000,1.500000,1.285714,1.000000
sub-1e805bd2,0.333333,0.317073,0.089431,0.105691,0.154472,2.733333,2.294118,1.375000,1.300000,1.727273
sub-1e8256cb,0.138462,0.200000,0.046154,0.276923,0.338462,1.125000,1.300000,1.000000,1.384615,1.375000
sub-1f00664b,0.283333,0.266667,0.133333,0.200000,0.116667,1.214286,1.230769,1.142857,1.090909,1.000000
sub-1f35e406,0.243902,0.170732,0.170732,0.048780,0.365854,1.000000,1.000000,1.000000,1.000000,1.363636
sub-1f45c28e,0.375000,0.431818,0.056818,0.045455,0.090909,2.200000,2.375000,1.250000,1.000000,1.000000
sub-1f989207,0.243902,0.260163,0.186992,0.130081,0.178862,1.875000,1.684211,1.642857,1.333333,1.833333
sub-1fb22c1e,0.243243,0.234234,0.153153,0.216216,0.153153,1.500000,1.529412,1.214286,1.500000,1.416667
sub-1fe27156,0.219780,0.186813,0.307692,0.252747,0.032967,1.333333,1.307692,1.750000,1.533333,1.000000
sub-1fe834f0,0.361702,0.287234,0.095745,0.106383,0.148936,2.000000,1.928571,1.500000,1.666667,1.400000
sub-1fead018,0.336134,0.268908,0.151261,0.134454,0.109244,1.904762,2.000000,1.500000,1.777778,1.300000
sub-200785b5,0.231884,0.217391,0.173913,0.260870,0.115942,1.600000,1.363636,1.500000,1.285714,1.142857
sub-2016203f,0.085714,0.085714,0.228571,0.357143,0.242857,1.000000,1.000000,1.230769,1.470588,1.416667
sub-20a17075,0.360000,0.296000,0.168000,0.064000,0.112000,2.500000,2.055556,1.615385,1.142857,1.750000
sub-20a2b1b4,0.216000,0.216000,0.176000,0.168000,0.224000,1.687500,1.800000,1.466667,1.615385,1.866667
sub-20b7485e,0.346774,0.274194,0.088710,0.104839,0.185484,2.529412,2.125000,1.222222,1.300000,1.642857
sub-20d43624,0.276423,0.195122,0.235772,0.178862,0.113821,2.125000,1.714286,1.705882,1.571429,1.272727
sub-20e346fc,0.200000,0.208696,0.173913,0.191304,0.226087,2.090909,1.714286,1.538462,2.000000,2.363636
sub-20ee3cab,0.282828,0.262626,0.191919,0.151515,0.111111,1.866667,1.857143,1.357143,1.500000,1.375000
sub-213f175e,0.178571,0.196429,0.285714,0.178571,0.160714,1.250000,1.100000,1.454545,1.250000,1.285714
sub-21465080,0.406593,0.329670,0.043956,0.065934,0.153846,1.947368,2.142857,1.000000,1.000000,1.400000
sub-21bdd5ba,0.396552,0.344828,0.120690,0.120690,0.017241,1.437500,1.250000,1.000000,1.000000,1.000000
sub-22622dde,0.324074,0.361111,0.111111,0.055556,0.148148,1.944444,1.857143,1.200000,1.200000,1.454545
sub-22c762ef,0.264000,0.248000,0.176000,0.160000,0.152000,2.062500,2.066667,2.000000,1.538462,1.461538
sub-23826a62,0.406504,0.349593,0.121951,0.032520,0.089431,2.631579,2.687500,1.250000,1.333333,1.222222
sub-23ae845f,0.264463,0.289256,0.082645,0.264463,0.099174,3.200000,2.500000,1.428571,2.666667,1.333333
sub-24458446,0.363636,0.284091,0.125000,0.125000,0.102273,1.882353,1.666667,1.100000,1.100000,1.285714
sub-24995e17,0.309735,0.292035,0.203540,0.026549,0.168142,2.058824,1.941176,1.916667,1.500000,1.357143
sub-24a7c6ca,0.098039,0.215686,0.156863,0.294118,0.235294,1.000000,1.100000,1.333333,1.250000,1.000000
sub-24c13105,0.288000,0.344000,0.040000,0.160000,0.168000,1.800000,2.047619,1.250000,1.333333,1.750000
sub-24ed9807,0.290323,0.241935,0.080645,0.137097,0.250000,2.571429,2.000000,1.428571,1.545455,1.937500
sub-257bbec9,0.322581,0.290323,0.153226,0.056452,0.177419,2.222222,2.400000,1.357143,1.166667,1.571429
sub-270cd2b7,0.181818,0.218182,0.290909,0.109091,0.200000,1.428571,1.200000,1.333333,1.000000,1.000000
sub-27aeb32c,0.325000,0.362500,0.050000,0.125000,0.137500,2.000000,2.416667,1.000000,1.428571,1.222222
sub-27e590b8,0.220779,0.194805,0.207792,0.116883,0.259740,1.700000,1.153846,1.230769,1.000000,1.250000
sub-28a0fdd3,0.122807,0.087719,0.368421,0.350877,0.070175,1.555556,1.250000,2.210526,2.352941,1.333333
sub-28c7360d,0.275000,0.225000,0.125000,0.216667,0.158333,1.571429,1.588235,1.363636,1.733333,1.461538
sub-29454e82,0.348485,0.303030,0.106061,0.106061,0.136364,1.437500,1.333333,1.166667,1.166667,1.285714
sub-2954dc06,0.342466,0.287671,0.150685,0.109589,0.109589,1.470588,1.615385,1.000000,1.333333,1.142857
sub-29855626,0.345133,0.353982,0.106195,0.106195,0.088496,2.785714,2.500000,1.333333,1.714286,1.428571
sub-29cb7cfb,0.311111,0.200000,0.133333,0.133333,0.222222,1.166667,1.000000,1.000000,1.000000,1.000000
sub-2a1d84ce,0.240741,0.277778,0.222222,0.148148,0.111111,1.000000,1.153846,1.200000,1.000000,1.000000
sub-2a6b2e84,0.275862,0.264368,0.218391,0.172414,0.068966,1.333333,1.642857,1.357143,1.363636,1.000000
sub-2a9aa446,0.397959,0.306122,0.102041,0.102041,0.091837,2.166667,1.875000,1.111111,1.250000,1.500000
sub-2b2dc874,0.105263,0.094737,0.126316,0.326316,0.347368,1.111111,1.285714,1.714286,2.214286,2.200000
sub-2b4ee1eb,0.208000,0.248000,0.272000,0.144000,0.128000,1.625000,1.631579,1.888889,1.384615,1.454545
sub-2b90d30e,0.413793,0.241379,0.103448,0.103448,0.137931,1.714286,1.400000,1.200000,1.000000,1.142857
sub-2bad3f29,0.323529,0.338235,0.088235,0.161765,0.088235,1.294118,1.437500,1.000000,1.100000,1.200000
sub-2bee75ef,0.297297,0.279279,0.171171,0.180180,0.072072,1.941176,2.066667,1.357143,1.428571,1.142857
sub-2ca8e629,0.256000,0.296000,0.136000,0.144000,0.168000,1.882353,1.761905,1.307692,1.500000,1.500000
sub-2cfd2032,0.293478,0.206522,0.206522,0.141304,0.152174,1.800000,1.583333,1.900000,1.181818,1.750000
sub-2d70f07a,0.341463,0.390244,0.024390,0.134146,0.109756,1.750000,1.684211,1.000000,1.000000,1.285714
sub-2e02a615,0.204918,0.213115,0.213115,0.147541,0.221311,1.785714,1.733333,2.000000,1.800000,2.250000
sub-2e2c9089,0.248000,0.280000,0.176000,0.176000,0.120000,1.823529,1.842105,1.294118,1.833333,1.250000
sub-2e3e0575,0.217391,0.173913,0.246377,0.144928,0.217391,1.500000,1.200000,1.214286,1.250000,1.363636
sub-2ec9ef3f,0.236364,0.309091,0.181818,0.254545,0.018182,1.083333,1.416667,1.000000,1.272727,1.000000
sub-2eea391b,0.187500,0.212500,0.250000,0.225000,0.125000,1.250000,1.133333,1.538462,1.500000,1.000000
sub-2f67216f,0.243902,0.243902,0.146341,0.243902,0.121951,1.111111,1.000000,1.000000,1.000000,1.000000
sub-2ffd1498,0.330357,0.330357,0.169643,0.107143,0.062500,1.850000,2.055556,1.266667,1.500000,1.000000
sub-300f964c,0.231707,0.292683,0.121951,0.195122,0.158537,1.357143,1.600000,1.428571,1.600000,1.300000
sub-30a73542,0.162602,0.260163,0.227642,0.211382,0.138211,1.333333,1.777778,1.866667,1.444444,1.307692
sub-30ab196e,0.266667,0.250000,0.183333,0.200000,0.100000,2.133333,1.764706,1.294118,1.500000,1.500000
sub-3109bf1c,0.149254,0.194030,0.313433,0.134328,0.208955,1.111111,1.181818,1.400000,1.285714,1.400000
sub-31394e7a,0.121951,0.121951,0.243902,0.317073,0.195122,1.000000,1.000000,1.111111,1.083333,1.000000
sub-3177bea8,0.336066,0.352459,0.106557,0.131148,0.073770,2.277778,2.263158,1.300000,1.230769,1.125000
sub-317bb08e,0.343137,0.313725,0.156863,0.019608,0.166667,1.944444,2.000000,1.600000,1.000000,1.888889
sub-3199a8c6,0.071429,0.071429,0.380952,0.214286,0.261905,1.000000,1.000000,1.142857,1.000000,1.375000
sub-31c71fe5,0.260504,0.243697,0.193277,0.243697,0.058824,1.823529,1.812500,1.642857,2.071429,1.166667
sub-329ec5d1,0.170732,0.121951,0.256098,0.243902,0.207317,1.272727,1.111111,1.909091,1.333333,2.125000
sub-32ad6734,0.327731,0.310924,0.134454,0.025210,0.201681,2.166667,1.947368,1.600000,1.000000,1.600000
sub-32b0b746,0.206897,0.275862,0.293103,0.189655,0.034483,1.333333,1.333333,1.416667,1.222222,1.000000
sub-3319088e,0.154762,0.273810,0.214286,0.166667,0.190476,1.444444,1.769231,1.500000,1.272727,1.230769
sub-333c69b6,0.078652,0.112360,0.404494,0.359551,0.044944,1.000000,1.111111,2.400000,2.285714,1.333333
sub-3380a3f8,0.298246,0.245614,0.184211,0.114035,0.157895,2.125000,2.000000,1.615385,1.444444,2.000000
sub-33aa81b1,0.344000,0.328000,0.104000,0.136000,0.088000,2.529412,2.562500,1.444444,1.545455,1.375000
sub-33fad75a,0.194805,0.116883,0.207792,0.272727,0.207792,1.250000,1.285714,1.454545,1.312500,1.333333
sub-3405c96d,0.302521,0.344538,0.134454,0.168067,0.050420,3.000000,2.411765,1.600000,2.222222,1.500000
sub-34416bde,0.210000,0.140000,0.080000,0.270000,0.300000,1.312500,1.750000,1.142857,1.687500,2.142857
sub-34458bb9,0.177419,0.161290,0.306452,0.169355,0.185484,1.833333,1.818182,1.900000,1.909091,1.916667
sub-34539ef6,0.355372,0.371901,0.057851,0.049587,0.165289,2.388889,2.647059,1.000000,1.200000,1.428571
sub-34568da1,0.260870,0.250000,0.195652,0.130435,0.163043,1.600000,1.533333,1.200000,1.200000,1.875000
sub-34834c97,0.181818,0.113636,0.022727,0.272727,0.409091,1.000000,1.000000,1.000000,1.200000,1.285714
sub-34b27343,0.302752,0.321101,0.146789,0.055046,0.174312,2.200000,1.842105,1.600000,1.000000,1.461538
sub-34eda375,0.333333,0.295238,0.142857,0.076190,0.152381,2.187500,1.823529,1.500000,1.142857,1.333333
sub-3513bb29,0.280488,0.329268,0.097561,0.195122,0.097561,1.642857,1.687500,1.000000,1.066667,1.000000
sub-351f5911,0.250000,0.153846,0.173077,0.163462,0.259615,1.625000,1.454545,1.636364,1.545455,1.687500
sub-353604a7,0.347826,0.376812,0.159420,0.057971,0.057971,1.500000,1.625000,1.222222,1.000000,1.333333
sub-3579c837,0.295455,0.261364,0.238636,0.125000,0.079545,2.000000,1.533333,1.615385,1.222222,1.166667
sub-363fef83,0.175000,0.108333,0.283333,0.091667,0.341667,1.750000,1.857143,2.266667,1.222222,2.733333
sub-364e27da,0.225352,0.211268,0.183099,0.211268,0.169014,1.230769,1.250000,1.444444,1.250000,1.333333
sub-36812311,0.258065,0.282258,0.153226,0.096774,0.209677,2.666667,2.187500,1.461538,1.200000,2.363636
sub-36e8c5ee,0.198347,0.148760,0.247934,0.132231,0.272727,1.600000,1.800000,1.764706,1.454545,2.200000
sub-372f7c97,0.130435,0.108696,0.195652,0.239130,0.326087,1.000000,1.000000,1.285714,1.000000,1.363636
sub-37370aac,0.226891,0.243697,0.277311,0.218487,0.033613,2.250000,2.636364,2.357143,2.000000,1.000000
sub-373f0ffd,0.351064,0.404255,0.095745,0.063830,0.085106,1.650000,1.900000,1.000000,1.000000,1.333333
sub-38428731,0.218182,0.190909,0.154545,0.227273,0.209091,1.600000,1.615385,1.307692,1.388889,1.642857
sub-390829f4,0.260000,0.220000,0.220000,0.120000,0.180000,1.181818,1.222222,1.222222,1.000000,1.000000
sub-3948081f,0.288000,0.264000,0.176000,0.088000,0.184000,1.714286,1.941176,1.692308,1.375000,1.352941
sub-395cc66e,0.263636,0.263636,0.145455,0.154545,0.172727,1.933333,1.611111,1.333333,1.545455,1.583333
sub-39df6d4d,0.191011,0.213483,0.280899,0.101124,0.213483,1.416667,1.266667,1.562500,1.125000,1.727273
sub-39e13aaf,0.252336,0.233645,0.224299,0.177570,0.112150,1.687500,1.388889,2.000000,1.357143,1.333333
sub-39ec2b3a,0.298387,0.314516,0.169355,0.096774,0.120968,2.176471,3.000000,2.100000,1.090909,1.666667
sub-3a64891e,0.206612,0.198347,0.256198,0.231405,0.107438,1.785714,2.000000,1.937500,2.153846,1.444444
sub-3ab13149,0.408333,0.400000,0.075000,0.083333,0.033333,2.450000,2.666667,1.285714,1.111111,1.000000
sub-3afc22be,0.280702,0.263158,0.236842,0.149123,0.070175,2.000000,1.875000,1.800000,1.416667,1.142857
sub-3b099e7c,0.302752,0.412844,0.100917,0.110092,0.073394,2.538462,2.647059,1.571429,1.200000,1.333333
sub-3b0bbcca,0.372549,0.372549,0.127451,0.068627,0.058824,2.000000,2.000000,1.083333,1.400000,1.200000
sub-3b897a16,0.351648,0.318681,0.142857,0.109890,0.076923,2.285714,1.812500,1.625000,1.250000,1.000000
sub-3bea84e7,0.231405,0.223140,0.165289,0.190083,0.190083,1.647059,1.800000,1.428571,1.533333,1.769231
sub-3c0c48f6,0.195876,0.185567,0.247423,0.185567,0.185567,1.461538,1.384615,1.714286,1.636364,2.000000
sub-3c412bbf,0.280000,0.216000,0.208000,0.152000,0.144000,1.944444,1.800000,1.733333,1.727273,2.000000
sub-3c46c07f,0.096000,0.152000,0.216000,0.280000,0.256000,1.714286,1.461538,1.588235,2.187500,1.777778
sub-3cc48bce,0.144231,0.230769,0.250000,0.259615,0.115385,1.363636,1.333333,1.733333,1.800000,1.500000
sub-3ccd2419,0.191176,0.220588,0.220588,0.250000,0.117647,1.625000,1.250000,1.250000,1.416667,1.142857
sub-3cdeee8a,0.246753,0.311688,0.155844,0.103896,0.181818,1.583333,1.600000,1.200000,1.000000,1.272727
sub-3d2a195e,0.295082,0.262295,0.245902,0.073770,0.122951,2.571429,2.285714,1.666667,1.125000,1.666667
sub-3dcc96bf,0.205882,0.166667,0.264706,0.254902,0.107843,1.500000,1.545455,1.588235,1.733333,1.222222
sub-3e8e8f70,0.355372,0.363636,0.099174,0.140496,0.041322,2.529412,2.315789,1.200000,1.307692,1.250000
sub-3ef55793,0.218750,0.250000,0.229167,0.145833,0.156250,1.500000,1.600000,1.571429,1.400000,1.500000
sub-3f20cb2f,0.107527,0.129032,0.344086,0.301075,0.118280,1.666667,1.200000,1.777778,1.750000,1.375000
sub-3f2c7881,0.238806,0.208955,0.208955,0.238806,0.104478,1.333333,1.000000,1.400000,1.142857,1.166667
sub-3f9845b7,0.205607,0.233645,0.168224,0.196262,0.196262,1.692308,1.785714,1.636364,1.400000,2.100000
sub-3fa321e5,0.250000,0.193548,0.233871,0.266129,0.056452,1.722222,1.600000,1.611111,2.062500,1.000000
sub-3fc89bdf,0.254237,0.186441,0.237288,0.169492,0.152542,1.250000,1.100000,1.555556,1.111111,1.125000
sub-3fdf00ec,0.344538,0.352941,0.134454,0.084034,0.084034,2.928571,3.000000,1.600000,1.428571,1.666667
sub-3fe4c8be,0.163934,0.147541,0.262295,0.295082,0.131148,1.111111,1.000000,1.230769,1.200000,1.142857
sub-3febaacb,0.272727,0.190909,0.190909,0.218182,0.127273,2.500000,1.615385,1.500000,1.600000,1.555556
sub-40480d87,0.321429,0.267857,0.133929,0.151786,0.125000,2.400000,2.000000,1.153846,1.416667,1.555556
sub-40a8af30,0.237705,0.229508,0.172131,0.073770,0.286885,2.230769,1.866667,1.615385,1.285714,2.058824
sub-40cd38aa,0.264000,0.248000,0.272000,0.168000,0.048000,2.062500,2.214286,1.789474,1.909091,1.000000
sub-4116e37f,0.338983,0.415254,0.025424,0.084746,0.135593,2.352941,2.578947,1.500000,2.000000,1.600000
sub-41837856,0.404959,0.355372,0.074380,0.057851,0.107438,2.450000,2.529412,1.000000,1.400000,1.444444
sub-41c65311,0.305785,0.289256,0.165289,0.148760,0.090909,1.850000,1.944444,1.428571,1.800000,1.222222
sub-41c80295,0.036364,0.072727,0.345455,0.363636,0.181818,1.000000,1.000000,1.187500,1.428571,1.111111
sub-41d5f210,0.092593,0.129630,0.333333,0.129630,0.314815,1.250000,1.000000,1.384615,1.400000,1.307692
sub-42313275,0.230088,0.176991,0.203540,0.176991,0.212389,1.733333,1.666667,1.916667,1.538462,1.714286
sub-424816de,0.211864,0.245763,0.186441,0.169492,0.186441,1.562500,1.526316,1.571429,1.176471,1.692308
sub-42be1b79,0.177419,0.201613,0.282258,0.274194,0.064516,1.833333,1.666667,1.944444,2.125000,1.142857
sub-42ff619b,0.169355,0.217742,0.258065,0.233871,0.120968,1.750000,1.687500,2.285714,2.071429,1.363636
sub-43223fee,0.324786,0.401709,0.085470,0.085470,0.102564,2.533333,2.611111,1.250000,1.111111,1.333333
sub-43687c63,0.173554,0.264463,0.231405,0.173554,0.157025,1.909091,2.285714,2.333333,1.750000,1.900000
sub-4377ba37,0.309859,0.323944,0.169014,0.084507,0.112676,1.692308,1.437500,1.333333,1.000000,1.333333
sub-43e6771c,0.235294,0.176471,0.168067,0.184874,0.235294,1.866667,1.500000,1.538462,1.692308,1.647059
sub-43fec3ba,0.213483,0.235955,0.202247,0.235955,0.112360,1.266667,1.400000,1.285714,1.615385,1.250000
sub-4507f914,0.248000,0.248000,0.208000,0.120000,0.176000,1.823529,2.066667,2.166667,1.250000,1.692308
sub-459d2f41,0.083333,0.092593,0.194444,0.296296,0.333333,1.500000,1.111111,1.500000,1.777778,1.800000
sub-459f502f,0.219178,0.273973,0.232877,0.260274,0.013699,1.454545,1.538462,1.545455,1.461538,1.000000
sub-45bcc689,0.320000,0.352000,0.120000,0.080000,0.128000,2.857143,2.315789,1.666667,1.666667,1.230769
sub-45c1d1f7,0.130435,0.139130,0.295652,0.356522,0.078261,1.666667,1.454545,2.125000,2.157895,1.125000
sub-45c73ddd,0.237288,0.211864,0.177966,0.211864,0.161017,1.473684,1.470588,1.400000,1.388889,1.187500
sub-45d3f841,0.243697,0.294118,0.193277,0.142857,0.126050,1.705882,1.750000,1.437500,1.214286,1.500000
sub-46dec161,0.210000,0.160000,0.240000,0.280000,0.110000,1.500000,1.454545,1.600000,1.647059,1.571429
sub-477fa3ad,0.395161,0.459677,0.072581,0.016129,0.056452,2.333333,2.714286,1.125000,1.000000,1.000000
sub-479ffa4f,0.159420,0.159420,0.260870,0.318841,0.101449,1.375000,1.222222,1.384615,1.571429,1.000000
sub-481c79cc,0.286885,0.336066,0.131148,0.131148,0.114754,2.333333,2.411765,2.000000,1.230769,1.272727
sub-48374184,0.217822,0.217822,0.207921,0.188119,0.168317,1.571429,1.692308,1.500000,1.461538,1.700000
sub-485dfbea,0.297297,0.364865,0.108108,0.027027,0.202703,1.466667,2.076923,1.142857,1.000000,1.153846
sub-485ec574,0.166667,0.233333,0.200000,0.233333,0.166667,1.538462,1.750000,1.500000,1.647059,1.538462
sub-486257c7,0.284404,0.201835,0.119266,0.174312,0.220183,1.937500,1.833333,1.083333,1.357143,1.600000
sub-48aef4b5,0.128205,0.213675,0.273504,0.222222,0.162393,1.666667,2.083333,2.000000,1.625000,1.727273
sub-48b8b0e4,0.352000,0.288000,0.152000,0.040000,0.168000,2.095238,2.400000,1.357143,1.000000,1.500000
sub-48deeaa7,0.296875,0.296875,0.062500,0.171875,0.171875,1.461538,1.266667,1.000000,1.100000,1.000000
sub-496a509f,0.103448,0.080460,0.321839,0.252874,0.241379,1.285714,1.166667,1.750000,1.375000,1.400000
sub-49efd909,0.200000,0.266667,0.216667,0.183333,0.133333,1.200000,1.230769,1.444444,1.375000,1.142857
sub-49f63af2,0.268817,0.301075,0.139785,0.129032,0.161290,1.785714,1.750000,1.444444,1.200000,1.666667
sub-4a3f09d6,0.396552,0.431034,0.043103,0.043103,0.086207,3.066667,3.125000,1.250000,1.000000,1.250000
sub-4ac4cb0a,0.233333,0.250000,0.191667,0.075000,0.250000,1.750000,1.764706,1.642857,1.285714,1.578947
sub-4ac8cb38,0.280702,0.245614,0.201754,0.166667,0.105263,2.285714,2.153846,1.352941,1.461538,1.000000
sub-4b1369b2,0.341667,0.241667,0.100000,0.175000,0.141667,2.050000,1.812500,1.090909,1.400000,1.416667
sub-4b356b3c,0.203390,0.169492,0.203390,0.305085,0.118644,1.500000,1.000000,1.200000,1.384615,1.000000
sub-4ba48d87,0.226415,0.169811,0.169811,0.273585,0.160377,1.714286,1.500000,1.500000,1.933333,1.214286
sub-4c422d32,0.247619,0.180952,0.209524,0.180952,0.180952,1.625000,1.727273,1.692308,1.266667,1.357143
sub-4cc4718f,0.488372,0.418605,0.000000,0.000000,0.093023,1.400000,1.285714,NaN,NaN,1.000000
sub-4cff45db,0.177966,0.161017,0.228814,0.322034,0.110169,1.615385,1.727273,1.500000,2.111111,1.444444
sub-4d7b20c6,0.266129,0.225806,0.233871,0.209677,0.064516,2.062500,2.153846,2.071429,2.000000,1.333333
sub-4dc75872,0.218182,0.172727,0.254545,0.163636,0.190909,1.411765,1.461538,1.647059,1.384615,1.750000
sub-4ddbfa65,0.316667,0.316667,0.141667,0.150000,0.075000,2.533333,2.533333,1.545455,1.636364,1.500000
sub-4df0773d,0.229358,0.229358,0.174312,0.256881,0.110092,1.470588,1.388889,1.583333,1.647059,1.200000
sub-4e349387,0.250000,0.298387,0.137097,0.153226,0.161290,2.214286,1.947368,1.700000,1.583333,1.428571
sub-4e43f365,0.125000,0.093750,0.390625,0.375000,0.015625,1.000000,1.000000,1.666667,2.000000,1.000000
sub-4e658572,0.175439,0.201754,0.228070,0.219298,0.175439,1.666667,1.533333,1.625000,1.785714,1.250000
sub-4e6e7db0,0.192000,0.232000,0.208000,0.240000,0.128000,1.714286,1.705882,1.733333,1.578947,1.600000
sub-4e9d2d10,0.243697,0.159664,0.252101,0.252101,0.092437,1.933333,1.357143,1.764706,1.875000,1.222222
sub-4ea3be7a,0.273810,0.369048,0.154762,0.154762,0.047619,1.769231,1.937500,1.444444,1.083333,1.000000
sub-4ead75cf,0.287129,0.277228,0.089109,0.168317,0.178218,2.071429,1.750000,1.285714,1.214286,1.200000
sub-4eb75032,0.304348,0.315217,0.163043,0.108696,0.108696,1.555556,1.705882,1.363636,1.000000,1.428571
sub-4f49b1b4,0.173913,0.182609,0.269565,0.173913,0.200000,1.538462,1.235294,2.214286,1.538462,1.352941
sub-4f51173e,0.133333,0.133333,0.320000,0.226667,0.186667,1.111111,1.111111,1.600000,1.416667,1.400000
sub-4f5238cb,0.250000,0.209677,0.145161,0.193548,0.201613,1.823529,1.733333,1.384615,1.500000,1.666667
sub-4f52e463,0.298246,0.263158,0.157895,0.087719,0.192982,1.062500,1.250000,1.285714,1.250000,1.100000
sub-4fc3e74e,0.155172,0.224138,0.293103,0.275862,0.051724,2.000000,1.857143,2.266667,2.000000,1.200000
sub-4fc5145f,0.280000,0.380000,0.140000,0.080000,0.120000,1.272727,1.583333,1.166667,1.000000,1.000000
sub-4fc822e3,0.258333,0.250000,0.175000,0.100000,0.216667,1.823529,1.875000,1.615385,1.200000,1.529412
sub-501a5ca8,0.282051,0.213675,0.239316,0.222222,0.042735,1.941176,1.923077,2.153846,1.857143,1.000000
sub-503252d4,0.277311,0.252101,0.168067,0.218487,0.084034,2.538462,2.142857,1.428571,1.733333,1.250000
sub-50537bb4,0.102564,0.076923,0.051282,0.393162,0.376068,1.500000,1.125000,1.200000,2.421053,2.750000
sub-50dcaf86,0.237113,0.340206,0.216495,0.020619,0.185567,1.642857,1.941176,1.909091,1.000000,1.384615
sub-512e75ea,0.191304,0.200000,0.260870,0.243478,0.104348,1.692308,1.352941,1.666667,1.750000,1.200000
sub-5176c157,0.279070,0.279070,0.232558,0.162791,0.046512,1.200000,1.090909,1.000000,1.166667,1.000000
sub-51e8ab97,0.236842,0.254386,0.166667,0.192982,0.149123,1.588235,1.933333,1.583333,1.692308,1.700000
sub-5205b2fb,0.321839,0.390805,0.080460,0.114943,0.091954,1.866667,1.888889,1.166667,1.111111,1.142857
sub-525c3545,0.271739,0.217391,0.239130,0.163043,0.108696,1.562500,1.818182,1.571429,1.071429,1.111111
sub-529a0294,0.169492,0.169492,0.279661,0.186441,0.194915,1.818182,1.538462,2.062500,1.833333,1.916667
sub-52a829d7,0.281553,0.242718,0.194175,0.145631,0.135922,1.933333,1.562500,1.666667,1.363636,1.272727
sub-52aa46c0,0.295238,0.304762,0.133333,0.104762,0.161905,2.066667,1.777778,1.272727,1.100000,1.133333
sub-52bbae05,0.228070,0.280702,0.166667,0.157895,0.166667,1.625000,1.600000,1.461538,1.285714,1.461538
sub-52cd90b2,0.061224,0.183673,0.326531,0.244898,0.183673,1.000000,1.285714,1.333333,1.090909,1.125000
sub-53072377,0.262712,0.271186,0.186441,0.186441,0.093220,2.818182,2.285714,1.833333,1.375000,1.222222
sub-5346a1ba,0.131868,0.087912,0.296703,0.373626,0.109890,1.333333,1.142857,1.687500,2.125000,1.250000
sub-534f8709,0.285714,0.346939,0.204082,0.112245,0.051020,1.647059,2.000000,1.333333,1.375000,1.666667
sub-542ae25a,0.274510,0.284314,0.245098,0.107843,0.088235,2.153846,1.933333,1.785714,1.833333,1.285714
sub-5447d53e,0.107527,0.086022,0.333333,0.344086,0.129032,1.250000,1.142857,1.722222,2.133333,1.333333
sub-554535d0,0.373984,0.365854,0.040650,0.065041,0.154472,2.705882,2.812500,1.000000,1.142857,1.583333
sub-5568cf0b,0.262295,0.180328,0.188525,0.286885,0.081967,2.461538,1.466667,1.533333,1.750000,1.428571
sub-5575829d,0.362319,0.391304,0.072464,0.101449,0.072464,1.470588,1.687500,1.000000,1.000000,1.250000
sub-559c0e69,0.216495,0.247423,0.175258,0.134021,0.226804,1.312500,1.714286,1.214286,1.300000,1.833333
sub-563b43ed,0.210084,0.184874,0.243697,0.285714,0.075630,1.666667,1.571429,1.933333,2.125000,1.125000
sub-565f562c,0.344262,0.270492,0.081967,0.098361,0.204918,2.333333,2.357143,1.111111,1.333333,1.923077
sub-56c7496a,0.230769,0.215385,0.200000,0.230769,0.123077,1.250000,1.400000,1.181818,1.250000,1.000000
sub-56e0ac2b,0.300813,0.292683,0.170732,0.146341,0.089431,1.761905,1.800000,1.400000,1.384615,1.375000
sub-56fb32cf,0.222222,0.283951,0.160494,0.111111,0.222222,1.384615,1.642857,1.083333,1.125000,1.500000
sub-57636d13,0.240506,0.265823,0.202532,0.189873,0.101266,1.583333,1.500000,1.454545,1.250000,1.142857
sub-576cf5b1,0.186916,0.224299,0.205607,0.149533,0.233645,1.538462,2.000000,1.833333,1.777778,1.923077
sub-5785591b,0.260163,0.219512,0.186992,0.138211,0.195122,2.285714,1.687500,1.916667,1.214286,1.846154
sub-57c4e05a,0.321429,0.330357,0.116071,0.151786,0.080357,1.800000,2.176471,1.181818,1.700000,1.000000
sub-57c8968f,0.316667,0.266667,0.116667,0.116667,0.183333,2.375000,1.882353,1.272727,1.750000,1.375000
sub-583b83af,0.205128,0.170940,0.230769,0.299145,0.094017,1.846154,1.666667,1.588235,1.944444,1.375000
sub-585b8040,0.333333,0.325000,0.075000,0.141667,0.125000,2.222222,2.600000,1.000000,1.888889,1.500000
sub-588d313c,0.293103,0.310345,0.189655,0.155172,0.051724,1.214286,1.200000,1.100000,1.000000,1.000000
sub-58de2806,0.316239,0.393162,0.111111,0.068376,0.111111,2.176471,2.300000,1.300000,1.142857,1.625000
sub-596a32bf,0.142857,0.142857,0.333333,0.357143,0.023810,1.000000,1.000000,1.166667,1.363636,1.000000
sub-59d3b6ea,0.222222,0.232323,0.222222,0.121212,0.202020,1.466667,1.642857,1.294118,1.500000,1.333333
sub-5a17c30b,0.262712,0.194915,0.237288,0.067797,0.237288,1.823529,1.769231,2.333333,1.000000,1.866667
sub-5a1bf2c5,0.254237,0.237288,0.169492,0.118644,0.220339,1.000000,1.076923,1.250000,1.400000,1.000000
sub-5a2e3da1,0.232558,0.151163,0.267442,0.220930,0.127907,1.333333,1.444444,1.769231,1.266667,1.100000
sub-5a312fd5,0.256881,0.192661,0.266055,0.211009,0.073394,2.000000,1.500000,1.450000,1.437500,1.000000
sub-5ac87eeb,0.204918,0.229508,0.254098,0.221311,0.090164,1.923077,1.750000,1.476190,1.687500,1.375000
sub-5b32d62f,0.303571,0.303571,0.151786,0.125000,0.116071,1.888889,1.789474,1.416667,1.272727,1.444444
sub-5bf7016d,0.380165,0.355372,0.033058,0.090909,0.140496,2.705882,2.529412,1.000000,1.222222,1.416667
sub-5c5475c5,0.137931,0.146552,0.275862,0.258621,0.181034,1.230769,1.700000,1.882353,2.000000,1.400000
sub-5c99d342,0.200000,0.192000,0.160000,0.248000,0.200000,1.785714,1.714286,1.538462,2.384615,1.923077
sub-5ca5829f,0.276423,0.284553,0.203252,0.048780,0.186992,1.888889,2.500000,1.785714,1.200000,1.916667
sub-5cd51685,0.101266,0.088608,0.240506,0.329114,0.240506,1.142857,1.000000,1.461538,1.733333,1.583333
sub-5d1e130f,0.376068,0.341880,0.051282,0.128205,0.102564,2.444444,2.352941,1.200000,1.250000,1.090909
sub-5dd303b2,0.357724,0.471545,0.065041,0.032520,0.073171,2.444444,3.222222,1.333333,1.000000,1.125000
sub-5e1d9c42,0.232000,0.200000,0.200000,0.168000,0.200000,2.071429,2.083333,2.083333,1.500000,2.272727
sub-5e1f7ed3,0.416000,0.328000,0.080000,0.096000,0.080000,2.363636,2.277778,1.111111,1.333333,1.111111
sub-5e3c3afb,0.304000,0.240000,0.080000,0.168000,0.208000,2.235294,1.764706,1.666667,1.615385,1.444444
sub-5e51d572,0.145455,0.181818,0.290909,0.200000,0.181818,1.000000,1.000000,1.142857,1.100000,1.250000
sub-5e9dcb61,0.268293,0.260163,0.211382,0.162602,0.097561,2.200000,1.777778,1.625000,1.538462,1.200000
sub-5ef7c611,0.272727,0.238636,0.181818,0.181818,0.125000,1.714286,1.500000,1.600000,1.333333,1.222222
sub-5f032887,0.274510,0.235294,0.274510,0.078431,0.137255,1.400000,1.200000,1.166667,1.000000,1.000000
sub-5f0402f7,0.180328,0.204918,0.204918,0.229508,0.180328,2.200000,1.923077,1.923077,2.153846,1.294118
sub-5f1d259b,0.218487,0.176471,0.243697,0.193277,0.168067,1.529412,1.500000,1.812500,1.533333,1.538462
sub-60c87b50,0.241379,0.224138,0.155172,0.172414,0.206897,1.166667,1.444444,1.125000,1.111111,1.090909
sub-60e4dbc3,0.304000,0.248000,0.080000,0.144000,0.224000,2.000000,1.722222,1.428571,1.500000,2.000000
sub-6104407d,0.304000,0.232000,0.112000,0.136000,0.216000,2.111111,1.812500,1.166667,1.214286,1.928571
sub-6112bc46,0.176471,0.176471,0.250000,0.264706,0.132353,1.090909,1.200000,1.133333,1.384615,1.000000
sub-614b9e3e,0.421053,0.400000,0.084211,0.021053,0.073684,2.500000,2.235294,1.142857,1.000000,1.166667
sub-6155c1e5,0.348214,0.294643,0.116071,0.133929,0.107143,1.950000,1.736842,1.181818,1.153846,1.090909
sub-615d62df,0.310811,0.229730,0.135135,0.270270,0.054054,1.437500,1.545455,1.111111,1.250000,1.000000
sub-61d78bb2,0.064000,0.104000,0.352000,0.336000,0.144000,1.142857,1.625000,3.142857,2.470588,1.500000
sub-61eac6f3,0.350000,0.266667,0.175000,0.100000,0.108333,2.210526,1.777778,1.500000,1.333333,1.625000
sub-629c251b,0.294643,0.330357,0.080357,0.062500,0.232143,2.200000,2.312500,1.125000,1.166667,2.363636
sub-6308aaa8,0.231884,0.246377,0.231884,0.260870,0.028986,1.333333,1.307692,1.454545,1.636364,1.000000
sub-633e6b98,0.313725,0.333333,0.176471,0.137255,0.039216,1.230769,1.214286,1.125000,1.000000,1.000000
sub-63a7b87c,0.268908,0.302521,0.193277,0.126050,0.109244,2.000000,2.250000,2.090909,1.250000,1.625000
sub-64a3a945,0.344262,0.319672,0.155738,0.024590,0.155738,2.333333,2.294118,1.583333,1.000000,1.900000
sub-64fc196a,0.208333,0.152778,0.319444,0.222222,0.097222,1.250000,1.375000,1.437500,1.230769,1.166667
sub-65a6bc4c,0.366667,0.383333,0.083333,0.100000,0.066667,2.588235,2.705882,1.111111,1.090909,1.333333
sub-65ecc1be,0.311321,0.245283,0.216981,0.047170,0.179245,2.062500,1.857143,1.769231,1.250000,1.727273
sub-663ac8a2,0.235849,0.122642,0.122642,0.245283,0.273585,1.315789,1.444444,1.083333,1.625000,1.812500
sub-66512678,0.225000,0.150000,0.000000,0.300000,0.325000,1.125000,1.000000,NaN,1.200000,1.083333
sub-66675fc2,0.217391,0.282609,0.195652,0.173913,0.130435,1.428571,1.733333,1.285714,1.333333,1.333333
sub-6677628c,0.371429,0.295238,0.123810,0.152381,0.057143,2.166667,1.823529,1.444444,1.142857,1.500000
sub-66c1d953,0.256637,0.256637,0.159292,0.176991,0.150442,1.933333,1.705882,1.384615,1.428571,1.416667
sub-66deda53,0.231707,0.256098,0.170732,0.109756,0.231707,1.266667,1.400000,1.555556,1.285714,1.461538
sub-67ae9678,0.330189,0.330189,0.113208,0.132075,0.094340,2.187500,2.058824,1.333333,1.400000,1.250000
sub-6823669d,0.139535,0.186047,0.348837,0.302326,0.023256,1.000000,1.142857,1.250000,1.181818,1.000000
sub-682e92c6,0.173913,0.144928,0.304348,0.217391,0.159420,1.000000,1.111111,1.400000,1.250000,1.100000
sub-683beff3,0.111111,0.074074,0.277778,0.296296,0.240741,1.000000,1.000000,1.250000,1.230769,1.181818
sub-685b7d1e,0.287671,0.260274,0.082192,0.205479,0.164384,1.400000,1.727273,1.200000,1.363636,1.333333
sub-68dd5689,0.255319,0.340426,0.170213,0.063830,0.170213,2.000000,2.000000,1.333333,1.500000,1.333333
sub-6915f78a,0.130435,0.188406,0.304348,0.289855,0.086957,1.285714,1.181818,1.400000,1.538462,1.000000
sub-691a4577,0.211009,0.110092,0.311927,0.238532,0.128440,2.090909,1.500000,2.125000,2.166667,1.555556
sub-692b19b9,0.188406,0.231884,0.202899,0.159420,0.217391,1.083333,1.230769,1.400000,1.375000,1.153846
sub-6944d2a3,0.364706,0.341176,0.117647,0.094118,0.082353,1.823529,2.071429,1.111111,1.000000,1.166667
sub-69480fce,0.244681,0.223404,0.244681,0.031915,0.255319,1.642857,1.400000,1.533333,1.000000,1.846154
sub-6af6e0f1,0.208696,0.252174,0.191304,0.217391,0.130435,1.500000,1.705882,1.833333,1.785714,1.500000
sub-6b6b9836,0.112069,0.129310,0.275862,0.163793,0.318966,1.300000,1.666667,2.000000,2.111111,2.466667
sub-6b6e11f5,0.295455,0.306818,0.136364,0.159091,0.102273,1.733333,1.928571,1.333333,1.272727,1.500000
sub-6b998730,0.232759,0.206897,0.224138,0.163793,0.172414,1.687500,1.714286,1.625000,1.583333,1.538462
sub-6bc464da,0.262712,0.237288,0.220339,0.211864,0.067797,2.214286,1.647059,1.857143,2.083333,1.142857
sub-6bd517ea,0.178218,0.168317,0.326733,0.277228,0.049505,1.500000,1.700000,1.833333,1.866667,1.000000
sub-6bd58939,0.228070,0.192982,0.184211,0.184211,0.210526,1.857143,1.571429,1.615385,1.909091,1.714286
sub-6bdfd645,0.325000,0.366667,0.133333,0.058333,0.116667,2.166667,2.095238,1.333333,1.000000,1.555556
sub-6c6a1f71,0.081967,0.065574,0.360656,0.442623,0.049180,1.000000,1.000000,1.375000,1.687500,1.000000
sub-6c813377,0.091837,0.051020,0.163265,0.336735,0.357143,1.000000,1.000000,1.454545,1.833333,1.944444
sub-6c86dde0,0.307692,0.288462,0.096154,0.125000,0.182692,2.000000,1.666667,1.428571,1.181818,1.461538
sub-6ce2c563,0.306452,0.306452,0.145161,0.120968,0.120968,2.000000,2.000000,1.384615,1.071429,1.875000
sub-6ce2fd06,0.247525,0.257426,0.227723,0.178218,0.089109,1.470588,2.000000,1.642857,1.200000,1.285714
sub-6cee4e1a,0.303371,0.213483,0.168539,0.067416,0.247191,1.800000,1.266667,1.363636,1.000000,1.375000
sub-6cffa7ab,0.092437,0.151261,0.310924,0.378151,0.067227,1.222222,1.636364,2.466667,2.500000,1.142857
sub-6d1c00b7,0.319328,0.319328,0.168067,0.126050,0.067227,2.375000,2.533333,1.666667,1.500000,1.600000
sub-6d36bb8b,0.245283,0.207547,0.113208,0.113208,0.320755,1.857143,1.571429,1.500000,1.200000,1.700000
sub-6d602a07,0.206612,0.264463,0.239669,0.206612,0.082645,1.666667,2.133333,1.933333,2.083333,1.428571
sub-6d6b950c,0.169492,0.152542,0.135593,0.288136,0.254237,1.538462,1.285714,1.333333,2.125000,2.000000
sub-6d76b349,0.166667,0.185185,0.240741,0.259259,0.148148,1.000000,1.000000,1.181818,1.166667,1.142857
sub-6db06aa3,0.338983,0.271186,0.144068,0.127119,0.118644,2.500000,2.285714,1.700000,1.500000,1.400000
sub-6ddb196d,0.271930,0.324561,0.149123,0.087719,0.166667,2.384615,2.176471,1.888889,1.666667,1.461538
sub-6de5446e,0.172727,0.172727,0.200000,0.318182,0.136364,1.357143,1.357143,1.571429,2.058824,1.666667
sub-6e5fa079,0.192771,0.277108,0.180723,0.096386,0.253012,1.600000,1.769231,1.250000,1.142857,1.500000
sub-6e7b5c24,0.188889,0.166667,0.277778,0.266667,0.100000,1.545455,1.363636,1.470588,1.600000,1.000000
sub-6fb0f8d7,0.304348,0.304348,0.173913,0.086957,0.130435,1.842105,2.058824,1.666667,1.111111,1.363636
sub-6fb39ec0,0.211382,0.268293,0.203252,0.195122,0.121951,2.166667,2.357143,1.785714,1.714286,1.666667
sub-70d49e3d,0.232323,0.222222,0.272727,0.191919,0.080808,1.533333,1.692308,1.500000,1.900000,1.000000
sub-716525e1,0.300000,0.310000,0.110000,0.170000,0.110000,1.666667,1.937500,1.222222,1.416667,1.222222
sub-71b4b2c4,0.256637,0.283186,0.141593,0.176991,0.141593,1.705882,1.777778,1.600000,1.333333,1.777778
sub-726c5c90,0.262295,0.204918,0.172131,0.229508,0.131148,1.882353,1.785714,1.500000,1.866667,1.230769
sub-72783f7b,0.350877,0.342105,0.122807,0.114035,0.070175,2.500000,2.600000,1.166667,1.181818,1.000000
sub-72a38adb,0.089552,0.104478,0.298507,0.298507,0.208955,1.000000,1.000000,1.333333,1.666667,1.555556
sub-730420ef,0.324074,0.305556,0.064815,0.166667,0.138889,1.750000,1.941176,1.166667,1.125000,1.363636
sub-7313c72c,0.346774,0.338710,0.096774,0.096774,0.120968,3.071429,2.800000,1.500000,1.500000,1.363636
sub-733cb8fe,0.400000,0.358333,0.050000,0.083333,0.108333,2.181818,2.388889,1.000000,1.250000,1.181818
sub-737f0fee,0.218750,0.187500,0.218750,0.208333,0.166667,1.500000,1.500000,1.500000,1.428571,1.230769
sub-73c6811b,0.131579,0.105263,0.276316,0.394737,0.092105,1.250000,1.142857,1.750000,2.142857,1.166667
sub-745f0879,0.290323,0.306452,0.161290,0.145161,0.096774,1.200000,1.187500,1.111111,1.125000,1.000000
sub-75251924,0.205128,0.205128,0.256410,0.217949,0.115385,1.333333,1.454545,1.428571,1.416667,1.125000
sub-752a59c6,0.195122,0.207317,0.182927,0.243902,0.170732,1.333333,1.545455,1.666667,1.538462,1.272727
sub-756d664c,0.186916,0.224299,0.252336,0.271028,0.065421,1.333333,1.500000,1.928571,2.071429,1.000000
sub-75b501f4,0.410000,0.360000,0.050000,0.110000,0.070000,1.952381,2.250000,1.000000,1.222222,1.166667
sub-75bb5553,0.264000,0.216000,0.192000,0.216000,0.112000,2.357143,1.800000,1.714286,1.588235,1.750000
sub-76e13175,0.176991,0.203540,0.212389,0.212389,0.194690,1.428571,1.533333,1.500000,1.714286,1.571429
sub-7747c61c,0.180851,0.148936,0.255319,0.255319,0.159574,1.416667,1.272727,1.714286,1.846154,1.250000
sub-7757fd50,0.185714,0.100000,0.328571,0.185714,0.200000,1.181818,1.166667,1.437500,1.181818,1.555556
sub-77c583ae,0.241758,0.296703,0.208791,0.164835,0.087912,1.692308,1.928571,1.357143,1.500000,1.142857
sub-77cb3435,0.058252,0.087379,0.320388,0.223301,0.310680,1.200000,1.125000,1.941176,1.769231,2.000000
sub-7814effe,0.165049,0.155340,0.174757,0.320388,0.184466,1.545455,1.333333,1.384615,2.062500,1.357143
sub-78ebedd2,0.203252,0.243902,0.252033,0.138211,0.162602,2.083333,1.875000,1.823529,1.416667,1.666667
sub-793cb691,0.215517,0.206897,0.275862,0.241379,0.060345,1.923077,1.600000,2.133333,1.866667,1.000000
sub-7954d561,0.140351,0.175439,0.280702,0.298246,0.105263,1.142857,1.111111,1.142857,1.214286,1.000000
sub-7a1418be,0.146789,0.146789,0.302752,0.275229,0.128440,1.230769,1.454545,1.941176,2.142857,1.750000
sub-7a9bd64f,0.314050,0.289256,0.074380,0.190083,0.132231,2.375000,2.500000,1.285714,1.916667,1.454545
sub-7adaf0db,0.288000,0.312000,0.096000,0.112000,0.192000,2.117647,1.950000,1.714286,1.400000,2.000000
sub-7aee16bc,0.266129,0.201613,0.233871,0.233871,0.064516,1.941176,1.785714,1.705882,1.705882,1.142857
sub-7b18b386,0.426667,0.386667,0.120000,0.026667,0.040000,2.133333,1.812500,1.285714,1.000000,1.500000
sub-7b21550b,0.267327,0.287129,0.168317,0.079208,0.198020,1.588235,1.705882,1.416667,1.142857,1.333333
sub-7bb3c4d7,0.314516,0.298387,0.209677,0.104839,0.072581,2.166667,2.055556,1.529412,1.444444,1.285714
sub-7c447b7f,0.207547,0.207547,0.254717,0.264151,0.066038,1.571429,1.571429,1.500000,1.866667,1.000000
sub-7c89df60,0.186047,0.255814,0.186047,0.093023,0.279070,1.333333,1.692308,1.333333,1.333333,1.714286
sub-7cc7ef7f,0.305882,0.364706,0.105882,0.035294,0.188235,1.625000,1.937500,1.500000,1.000000,1.230769
sub-7cd8552d,0.144578,0.204819,0.228916,0.084337,0.337349,1.200000,1.307692,1.583333,1.166667,2.000000
sub-7d1a4a50,0.382716,0.283951,0.098765,0.061728,0.172840,1.550000,1.437500,1.600000,1.000000,1.272727
sub-7d1efb79,0.269565,0.339130,0.200000,0.069565,0.121739,1.722222,2.052632,1.642857,1.000000,1.272727
sub-7d9b9cd6,0.172414,0.155172,0.198276,0.181034,0.293103,1.250000,2.000000,1.769231,1.400000,1.789474
sub-7e17b2e0,0.225225,0.252252,0.180180,0.171171,0.171171,1.470588,1.647059,1.428571,1.461538,1.117647
sub-7e6092e9,0.142857,0.142857,0.178571,0.267857,0.267857,1.142857,1.333333,1.000000,1.250000,1.153846
sub-7eea71d8,0.240000,0.192000,0.224000,0.144000,0.200000,2.000000,1.714286,2.000000,1.800000,1.923077
sub-7f1a99a8,0.190476,0.261905,0.297619,0.107143,0.142857,1.333333,1.375000,1.470588,1.125000,1.000000
sub-7f3a85eb,0.295082,0.336066,0.139344,0.131148,0.098361,2.000000,2.050000,1.307692,1.230769,1.500000
sub-7f94c42b,0.242718,0.223301,0.203883,0.184466,0.145631,1.666667,1.769231,1.400000,1.727273,1.250000
sub-7fee8697,0.181818,0.181818,0.303030,0.242424,0.090909,1.058824,1.285714,1.764706,1.500000,1.000000
sub-8012fd9b,0.320513,0.256410,0.179487,0.089744,0.153846,1.470588,1.176471,1.166667,1.166667,1.200000
sub-8044a762,0.111111,0.088889,0.177778,0.333333,0.288889,1.000000,1.000000,1.142857,1.250000,1.083333
sub-8085a954,0.171171,0.243243,0.216216,0.180180,0.189189,1.583333,2.076923,1.600000,1.818182,1.312500
sub-80894abd,0.241071,0.169643,0.232143,0.053571,0.303571,1.928571,1.357143,2.166667,1.000000,2.615385
sub-810edeef,0.250000,0.268519,0.175926,0.129630,0.175926,1.687500,1.933333,1.727273,1.272727,1.583333
sub-818c4a36,0.210526,0.263158,0.192982,0.149123,0.184211,1.714286,1.500000,1.571429,1.307692,1.400000
sub-81d23338,0.350515,0.319588,0.113402,0.103093,0.113402,2.000000,1.722222,1.375000,1.428571,1.375000
sub-82746982,0.284553,0.276423,0.203252,0.138211,0.097561,1.944444,2.000000,1.470588,1.545455,1.714286
sub-82825229,0.168000,0.152000,0.208000,0.280000,0.192000,1.500000,1.461538,1.857143,1.944444,1.600000
sub-829d3b5f,0.321839,0.402299,0.114943,0.080460,0.080460,1.866667,2.058824,1.000000,1.166667,1.166667
sub-83080cc6,0.258427,0.314607,0.179775,0.101124,0.146067,1.533333,1.750000,1.454545,1.000000,1.444444
sub-83285a20,0.133929,0.107143,0.357143,0.312500,0.089286,1.000000,1.200000,2.352941,2.187500,1.428571
sub-83586c4d,0.138889,0.148148,0.194444,0.342593,0.175926,1.500000,1.230769,1.909091,2.176471,1.266667
sub-83ae2faf,0.375000,0.359375,0.093750,0.078125,0.093750,1.600000,1.352941,1.000000,1.000000,1.200000
sub-83db705c,0.230769,0.239316,0.196581,0.239316,0.094017,1.928571,2.333333,1.769231,2.153846,1.100000
sub-83fee1a8,0.174757,0.184466,0.281553,0.242718,0.116505,1.636364,1.461538,1.933333,1.923077,1.200000
sub-8411712f,0.300000,0.308333,0.108333,0.158333,0.125000,2.250000,2.055556,1.181818,1.727273,1.250000
sub-8428de6b,0.327273,0.363636,0.090909,0.145455,0.072727,1.200000,1.428571,1.250000,1.142857,1.000000
sub-84691a8d,0.176471,0.305882,0.117647,0.176471,0.223529,1.363636,1.857143,1.250000,1.500000,1.583333
sub-850c9540,0.265823,0.253165,0.215190,0.113924,0.151899,1.400000,1.538462,1.700000,1.000000,1.333333
sub-852c0f5b,0.177083,0.229167,0.239583,0.166667,0.187500,1.545455,1.571429,1.533333,1.333333,1.125000
sub-85592030,0.095745,0.138298,0.319149,0.191489,0.255319,1.285714,1.300000,2.500000,1.636364,1.714286
sub-8566bafc,0.304000,0.312000,0.120000,0.136000,0.128000,2.533333,2.437500,1.363636,1.416667,1.777778
sub-85e64ddb,0.226891,0.193277,0.268908,0.176471,0.134454,1.588235,1.533333,1.600000,1.615385,1.777778
sub-861893b0,0.250000,0.258621,0.094828,0.215517,0.181034,1.705882,1.666667,1.222222,1.923077,1.750000
sub-8654789d,0.250000,0.215517,0.241379,0.206897,0.086207,1.933333,1.562500,1.647059,1.411765,1.250000
sub-86be733a,0.208000,0.200000,0.192000,0.248000,0.152000,2.000000,1.785714,1.846154,2.384615,1.461538
sub-87561528,0.316327,0.316327,0.091837,0.122449,0.153061,1.823529,2.384615,1.000000,1.333333,1.666667
sub-876fc880,0.392523,0.373832,0.093458,0.074766,0.065421,2.800000,3.076923,1.111111,1.333333,1.000000
sub-88925b80,0.382114,0.178862,0.089431,0.130081,0.219512,2.764706,1.466667,1.100000,1.333333,1.928571
sub-88bfc200,0.284314,0.333333,0.137255,0.098039,0.147059,2.230769,2.266667,1.272727,1.250000,1.666667
sub-88dc1dcf,0.157025,0.107438,0.280992,0.223140,0.231405,1.583333,1.300000,2.125000,2.076923,1.647059
sub-8904b7ad,0.333333,0.314286,0.161905,0.076190,0.114286,2.333333,2.357143,1.416667,1.333333,1.090909
sub-89977442,0.107143,0.107143,0.339286,0.303571,0.142857,1.200000,1.000000,1.357143,1.416667,1.142857
sub-89e0a235,0.253012,0.277108,0.180723,0.096386,0.192771,1.312500,1.437500,1.500000,1.142857,1.600000
sub-8a8e58c7,0.339286,0.258929,0.116071,0.169643,0.116071,1.727273,1.812500,1.083333,1.461538,1.300000
sub-8ab1fb97,0.301370,0.301370,0.095890,0.136986,0.164384,1.375000,1.375000,1.000000,1.250000,1.333333
sub-8ae25413,0.196581,0.196581,0.188034,0.196581,0.222222,1.642857,1.533333,1.375000,1.642857,1.857143
sub-8b339985,0.144000,0.112000,0.328000,0.264000,0.152000,1.636364,1.555556,2.562500,2.357143,1.727273
sub-8b5c184b,0.258333,0.291667,0.208333,0.125000,0.116667,2.384615,2.333333,2.083333,1.875000,1.272727
sub-8bed797c,0.243243,0.315315,0.153153,0.063063,0.225225,1.687500,1.944444,1.307692,1.166667,1.470588
sub-8c27b6a0,0.297872,0.234043,0.223404,0.191489,0.053191,1.866667,1.571429,1.750000,1.285714,1.250000
sub-8c4414a7,0.083333,0.097222,0.361111,0.375000,0.083333,1.000000,1.000000,1.857143,1.800000,1.000000
sub-8c4e9db4,0.166667,0.175000,0.091667,0.258333,0.308333,1.538462,1.400000,1.571429,1.937500,2.055556
sub-8c5de839,0.234694,0.234694,0.132653,0.163265,0.234694,1.533333,1.642857,1.181818,1.333333,1.642857
sub-8c9437ca,0.400000,0.333333,0.133333,0.044444,0.088889,1.125000,1.153846,1.000000,1.000000,1.000000
sub-8c9f12d7,0.266129,0.290323,0.209677,0.088710,0.145161,2.200000,2.000000,1.625000,1.375000,1.384615
sub-8cb711d8,0.304878,0.304878,0.109756,0.060976,0.219512,1.388889,1.388889,1.500000,1.250000,1.384615
sub-8cf9cabb,0.122951,0.131148,0.237705,0.286885,0.221311,1.875000,1.600000,2.071429,1.944444,1.687500
sub-8d089883,0.330645,0.370968,0.104839,0.064516,0.129032,2.562500,2.875000,1.444444,1.142857,1.600000
sub-8dd8aae9,0.312000,0.336000,0.160000,0.104000,0.088000,2.437500,2.625000,1.538462,1.300000,1.375000
sub-8e2bf258,0.324786,0.307692,0.162393,0.025641,0.179487,2.000000,1.894737,1.266667,1.000000,1.500000
sub-8ea25180,0.336735,0.336735,0.061224,0.122449,0.142857,1.941176,1.941176,1.200000,1.200000,1.750000
sub-8ed3da91,0.203252,0.235772,0.211382,0.097561,0.252033,1.666667,1.933333,2.000000,1.200000,1.823529
sub-8ed731e8,0.378947,0.410526,0.084211,0.010526,0.115789,2.400000,3.000000,1.142857,1.000000,1.222222
sub-8ef356b5,0.321101,0.275229,0.155963,0.128440,0.119266,1.842105,2.000000,1.133333,2.000000,1.300000
sub-8f4474ef,0.344538,0.310924,0.084034,0.084034,0.176471,1.952381,1.947368,1.111111,1.111111,1.400000
sub-8f7715d7,0.277778,0.211111,0.133333,0.177778,0.200000,1.470588,1.357143,1.200000,1.454545,1.636364
sub-8f875876,0.175676,0.175676,0.243243,0.283784,0.121622,1.444444,1.444444,1.800000,1.615385,1.500000
sub-8fc60c3e,0.230769,0.217949,0.205128,0.256410,0.089744,1.285714,1.307692,1.333333,1.333333,1.000000
sub-8fec9609,0.146341,0.211382,0.162602,0.260163,0.219512,1.500000,1.625000,1.818182,2.285714,1.687500
sub-901564ff,0.258333,0.283333,0.133333,0.091667,0.233333,1.722222,2.125000,1.600000,1.375000,2.000000
sub-90647b29,0.254237,0.296610,0.169492,0.169492,0.110169,2.142857,2.333333,1.538462,2.000000,1.444444
sub-90716faf,0.096386,0.084337,0.216867,0.289157,0.313253,1.142857,1.400000,1.500000,1.600000,1.625000
sub-9092ef73,0.309091,0.363636,0.145455,0.054545,0.127273,1.307692,1.538462,1.142857,1.000000,1.166667
sub-9096f672,0.262295,0.286885,0.155738,0.098361,0.196721,1.882353,1.666667,1.357143,1.200000,1.263158
sub-90eaa6c9,0.319149,0.425532,0.106383,0.106383,0.042553,1.153846,1.428571,1.000000,1.000000,1.000000
sub-90fb217e,0.341880,0.367521,0.076923,0.111111,0.102564,2.666667,2.687500,1.125000,1.300000,1.714286
sub-917ef236,0.055556,0.074074,0.342593,0.351852,0.175926,1.000000,1.142857,2.055556,2.111111,1.727273
sub-91afcb45,0.228916,0.216867,0.240964,0.265060,0.048193,1.461538,1.285714,1.428571,1.466667,1.000000
sub-91b76f88,0.333333,0.277778,0.125000,0.138889,0.125000,1.333333,1.666667,1.125000,1.250000,1.125000
sub-91f6cb54,0.168142,0.185841,0.230088,0.256637,0.159292,1.357143,1.615385,1.733333,1.611111,1.636364
sub-923f6d69,0.271845,0.213592,0.194175,0.223301,0.097087,2.000000,1.692308,1.538462,1.533333,1.250000
sub-92645ffb,0.215686,0.245098,0.166667,0.196078,0.176471,1.466667,1.562500,1.307692,1.538462,1.285714
sub-9314f13e,0.172840,0.160494,0.271605,0.209877,0.185185,1.272727,1.083333,1.294118,1.416667,1.363636
sub-93b15938,0.189189,0.175676,0.256757,0.337838,0.040541,1.750000,1.181818,1.727273,1.785714,1.000000
sub-93f05d08,0.194690,0.150442,0.238938,0.230088,0.185841,1.833333,1.416667,1.928571,1.857143,1.500000
sub-94035ab0,0.211538,0.230769,0.230769,0.250000,0.076923,1.571429,1.411765,1.333333,1.857143,1.142857
sub-941fc5cd,0.330275,0.330275,0.155963,0.082569,0.100917,2.400000,2.250000,1.214286,1.125000,1.571429
sub-945bf396,0.222222,0.151515,0.262626,0.222222,0.141414,1.571429,1.363636,1.733333,1.692308,1.272727
sub-94785f0d,0.339450,0.339450,0.137615,0.119266,0.064220,2.176471,2.312500,1.500000,1.181818,1.400000
sub-9484da79,0.136364,0.181818,0.318182,0.227273,0.136364,1.090909,1.454545,1.866667,1.818182,1.333333
sub-9504cb5a,0.227642,0.227642,0.154472,0.276423,0.113821,2.153846,2.000000,1.583333,2.266667,1.400000
sub-950d9af4,0.190909,0.218182,0.200000,0.218182,0.172727,1.750000,1.714286,1.833333,1.600000,1.461538
sub-95206ec5,0.245283,0.264151,0.216981,0.103774,0.169811,1.625000,1.555556,1.352941,1.571429,1.285714
sub-9579fc69,0.219178,0.232877,0.246575,0.205479,0.095890,1.454545,1.307692,1.500000,1.153846,1.166667
sub-96188e61,0.283019,0.292453,0.150943,0.084906,0.188679,1.666667,2.066667,1.454545,1.125000,1.428571
sub-965e0b39,0.173554,0.140496,0.247934,0.264463,0.173554,1.615385,1.307692,1.578947,1.882353,1.500000
sub-9677d29e,0.284211,0.242105,0.157895,0.210526,0.105263,1.928571,1.642857,1.363636,1.818182,1.428571
sub-96af5d3c,0.211382,0.252033,0.219512,0.276423,0.040650,2.166667,2.214286,1.928571,1.888889,1.000000
sub-97594e87,0.311475,0.319672,0.090164,0.131148,0.147541,2.000000,1.950000,1.375000,1.333333,1.636364
sub-976c58d9,0.190083,0.239669,0.214876,0.190083,0.165289,1.533333,1.933333,1.857143,1.642857,1.818182
sub-97910eaf,0.328000,0.304000,0.112000,0.104000,0.152000,2.277778,1.900000,1.166667,1.625000,1.187500
sub-97cf1a68,0.377049,0.352459,0.065574,0.106557,0.098361,2.421053,2.150000,1.142857,1.181818,1.500000
sub-985ef253,0.325000,0.333333,0.033333,0.141667,0.166667,2.437500,2.666667,1.000000,1.545455,1.428571
sub-98d3f087,0.241935,0.266129,0.145161,0.161290,0.185484,2.000000,2.538462,1.500000,1.666667,1.916667
sub-99b5018c,0.377049,0.368852,0.106557,0.065574,0.081967,2.300000,2.250000,1.181818,1.142857,1.111111
sub-99eeeb14,0.262136,0.281553,0.174757,0.116505,0.165049,1.500000,1.526316,1.384615,1.333333,1.307692
sub-9a791d03,0.138889,0.129630,0.314815,0.277778,0.138889,1.500000,2.000000,3.400000,2.500000,1.363636
sub-9a7bb6e8,0.347458,0.338983,0.135593,0.093220,0.084746,2.562500,2.500000,1.600000,2.200000,1.250000
sub-9aa5814f,0.284483,0.336207,0.137931,0.077586,0.163793,2.200000,2.437500,1.230769,1.125000,1.583333
sub-9acb1fd7,0.283186,0.265487,0.176991,0.132743,0.141593,2.000000,1.875000,1.666667,1.666667,1.333333
sub-9b2c8458,0.336066,0.352459,0.098361,0.139344,0.073770,2.733333,2.150000,1.333333,1.545455,1.125000
sub-9b353500,0.147368,0.126316,0.273684,0.305263,0.147368,1.272727,1.200000,1.857143,2.230769,1.555556
sub-9b74c8eb,0.239316,0.222222,0.205128,0.136752,0.196581,1.750000,1.733333,1.600000,1.600000,2.090909
sub-9b76802e,0.220000,0.280000,0.220000,0.020000,0.260000,1.222222,1.166667,1.222222,1.000000,1.083333
sub-9b8257bc,0.208000,0.224000,0.224000,0.256000,0.088000,2.000000,1.866667,2.000000,1.777778,1.222222
sub-9bcea9fc,0.233871,0.258065,0.161290,0.209677,0.137097,1.705882,1.882353,1.818182,1.733333,1.214286
sub-9c80ad67,0.309091,0.263636,0.127273,0.209091,0.090909,2.125000,1.933333,1.076923,1.916667,1.250000
sub-9d44a037,0.238938,0.212389,0.230088,0.212389,0.106195,1.588235,1.600000,1.444444,1.500000,1.200000
sub-9d4ff737,0.296000,0.312000,0.112000,0.128000,0.152000,2.176471,2.600000,1.555556,1.600000,1.727273
sub-9d61a3eb,0.204545,0.284091,0.250000,0.147727,0.113636,1.285714,1.666667,1.571429,1.300000,1.250000
sub-9d8846de,0.126761,0.112676,0.225352,0.239437,0.295775,1.500000,1.142857,1.454545,1.416667,1.400000
sub-9d8fced5,0.207207,0.171171,0.171171,0.225225,0.225225,1.437500,1.727273,1.357143,1.666667,1.666667
sub-9db0a7f0,0.264000,0.248000,0.264000,0.096000,0.128000,2.062500,1.631579,1.571429,1.333333,1.454545
sub-9dbf5788,0.236842,0.263158,0.184211,0.192982,0.122807,1.800000,2.000000,1.750000,1.375000,1.272727
sub-9e0ea943,0.172840,0.135802,0.333333,0.308642,0.049383,1.000000,1.375000,1.588235,1.562500,1.000000
sub-9e24a8ff,0.352941,0.428571,0.084034,0.042017,0.092437,2.625000,3.000000,1.428571,1.000000,1.100000
sub-9e2b9c23,0.121951,0.105691,0.300813,0.357724,0.113821,1.666667,1.444444,2.176471,2.095238,1.400000
sub-9e34055d,0.268293,0.227642,0.097561,0.121951,0.284553,1.650000,1.750000,1.500000,1.363636,1.944444
sub-9e6499e6,0.390000,0.300000,0.130000,0.140000,0.040000,1.950000,1.764706,1.181818,1.272727,1.000000
sub-9e88a570,0.080645,0.177419,0.258065,0.241935,0.241935,1.000000,1.222222,1.454545,1.500000,1.666667
sub-9ea1ceca,0.088235,0.117647,0.352941,0.333333,0.107843,1.000000,1.500000,2.000000,2.125000,1.375000
sub-9fb17436,0.241379,0.310345,0.114943,0.137931,0.195402,1.500000,1.421053,1.111111,1.090909,1.307692
sub-a069f6ed,0.302752,0.394495,0.082569,0.119266,0.100917,2.200000,2.687500,1.800000,1.181818,1.375000
sub-a1093cbb,0.177419,0.177419,0.298387,0.233871,0.112903,1.466667,1.571429,2.055556,1.526316,1.400000
sub-a10bcedd,0.260870,0.282609,0.086957,0.152174,0.217391,2.000000,2.000000,1.000000,1.076923,1.428571
sub-a10cac19,0.284404,0.247706,0.165138,0.091743,0.211009,2.214286,2.250000,2.250000,1.428571,1.437500
sub-a129f7e8,0.150000,0.083333,0.316667,0.358333,0.091667,1.500000,1.250000,2.533333,2.687500,1.571429
sub-a12abf72,0.357143,0.309524,0.071429,0.154762,0.107143,1.764706,1.857143,1.200000,1.181818,1.500000
sub-a1b620d8,0.298969,0.340206,0.175258,0.072165,0.113402,2.071429,1.941176,1.700000,1.400000,1.222222
sub-a1b767d5,0.375000,0.333333,0.091667,0.125000,0.075000,2.368421,2.352941,1.571429,1.071429,1.800000
sub-a1b9680d,0.180000,0.180000,0.160000,0.180000,0.300000,1.500000,1.285714,1.777778,1.384615,1.578947
sub-a2097526,0.062500,0.075000,0.112500,0.387500,0.362500,1.000000,1.000000,1.125000,1.823529,1.611111
sub-a21927f3,0.300000,0.275000,0.133333,0.125000,0.166667,2.117647,2.200000,1.333333,1.250000,1.428571
sub-a2944031,0.170732,0.178862,0.308943,0.186992,0.154472,1.615385,1.571429,2.235294,1.769231,1.583333
sub-a358a3a4,0.243902,0.252033,0.243902,0.186992,0.073171,1.666667,1.631579,1.875000,1.642857,1.500000
sub-a37de315,0.282258,0.290323,0.185484,0.104839,0.137097,2.333333,2.000000,1.769231,1.300000,1.416667
sub-a3a2b217,0.218182,0.163636,0.254545,0.218182,0.145455,1.000000,1.285714,1.076923,1.090909,1.000000
sub-a40e8135,0.164384,0.219178,0.178082,0.178082,0.260274,1.200000,1.333333,1.300000,1.300000,1.461538
sub-a44221e6,0.376238,0.346535,0.079208,0.108911,0.089109,2.000000,2.187500,1.000000,1.100000,1.125000
sub-a499063f,0.233333,0.233333,0.133333,0.083333,0.316667,1.166667,1.400000,1.333333,1.000000,1.900000
sub-a4b79d0f,0.400000,0.244444,0.155556,0.111111,0.088889,1.384615,1.000000,1.166667,1.000000,1.333333
sub-a4dfe556,0.237288,0.262712,0.144068,0.152542,0.203390,1.866667,1.937500,1.416667,1.800000,2.181818
sub-a54f7b78,0.237288,0.355932,0.067797,0.118644,0.220339,2.153846,2.800000,1.000000,1.555556,2.000000
sub-a568e7d2,0.293103,0.284483,0.155172,0.077586,0.189655,2.266667,2.062500,1.500000,1.500000,1.833333
sub-a62cd127,0.329670,0.329670,0.120879,0.109890,0.109890,1.875000,2.000000,1.222222,1.428571,1.111111
sub-a68050b1,0.303571,0.357143,0.116071,0.142857,0.080357,2.428571,2.105263,1.181818,1.333333,1.125000
sub-a6845558,0.160377,0.207547,0.301887,0.254717,0.075472,1.416667,1.571429,2.000000,1.928571,1.000000
sub-a6fbbfc9,0.272727,0.257576,0.151515,0.242424,0.075758,1.384615,1.545455,1.000000,1.454545,1.000000
sub-a703404d,0.355932,0.415254,0.076271,0.042373,0.110169,2.625000,2.722222,1.285714,1.000000,1.625000
sub-a71c7da1,0.272000,0.288000,0.168000,0.152000,0.120000,1.789474,2.400000,1.615385,1.461538,1.363636
sub-a728fc66,0.200000,0.240000,0.224000,0.216000,0.120000,1.470588,2.000000,1.750000,1.687500,1.250000
sub-a76e64fe,0.136986,0.082192,0.301370,0.301370,0.178082,1.428571,1.200000,1.692308,1.466667,1.181818
sub-a776f0bc,0.269841,0.285714,0.206349,0.047619,0.190476,1.307692,1.285714,1.181818,1.000000,1.200000
sub-a7d28b7c,0.213115,0.196721,0.213115,0.180328,0.196721,1.529412,1.714286,1.733333,1.692308,1.600000
sub-a8082cd3,0.238095,0.247619,0.219048,0.190476,0.104762,1.666667,2.000000,1.437500,1.428571,1.571429
sub-a921246d,0.221311,0.221311,0.229508,0.163934,0.163934,1.800000,1.800000,2.153846,1.666667,1.818182
sub-a93794f2,0.308943,0.333333,0.089431,0.121951,0.146341,2.235294,2.411765,1.375000,1.500000,1.636364
sub-aa6ddfbb,0.190476,0.142857,0.209524,0.266667,0.190476,1.666667,1.250000,1.375000,1.866667,1.333333
sub-aa8a3cb1,0.153226,0.201613,0.282258,0.209677,0.153226,1.461538,1.666667,1.944444,1.857143,1.357143
sub-aab026ac,0.175258,0.164948,0.319588,0.319588,0.020619,1.307692,1.454545,1.631579,1.550000,1.000000
sub-ab6ee487,0.090909,0.090909,0.309091,0.236364,0.272727,1.000000,1.000000,1.214286,1.083333,1.363636
sub-ab99f3ae,0.216667,0.241667,0.133333,0.183333,0.225000,1.625000,1.933333,1.777778,1.692308,1.687500
sub-aba69b83,0.306122,0.285714,0.163265,0.122449,0.122449,1.363636,1.076923,1.000000,1.200000,1.200000
sub-ac05b320,0.090909,0.090909,0.292929,0.262626,0.262626,1.000000,1.125000,1.705882,1.733333,1.857143
sub-acf4a0a9,0.307692,0.307692,0.076923,0.141026,0.166667,1.600000,1.500000,1.200000,1.100000,1.083333
sub-ad9ff17c,0.230088,0.283186,0.123894,0.176991,0.185841,1.733333,2.000000,1.555556,1.333333,1.615385
sub-ae1c4ac0,0.075472,0.132075,0.377358,0.320755,0.094340,1.000000,1.000000,1.428571,1.307692,1.000000
sub-aec865ff,0.191667,0.175000,0.275000,0.266667,0.091667,2.090909,1.750000,2.062500,1.684211,1.833333
sub-aefe2b86,0.224000,0.176000,0.200000,0.232000,0.168000,1.866667,2.000000,1.923077,2.230769,1.615385
sub-af240e16,0.300813,0.292683,0.138211,0.146341,0.121951,1.947368,1.894737,1.307692,1.200000,1.666667
sub-af434b5d,0.188679,0.207547,0.254717,0.245283,0.103774,1.666667,1.692308,1.800000,1.625000,1.375000
sub-af7fa8b2,0.230088,0.176991,0.274336,0.212389,0.106195,2.600000,2.222222,2.384615,1.600000,1.333333
sub-afb13951,0.241379,0.293103,0.172414,0.275862,0.017241,1.555556,1.307692,1.000000,1.454545,1.000000
sub-aff59dff,0.153226,0.193548,0.274194,0.233871,0.145161,1.266667,1.600000,2.000000,1.812500,1.636364
sub-b012e893,0.163934,0.213115,0.237705,0.245902,0.139344,1.666667,1.625000,1.812500,1.764706,1.888889
sub-b08c1f61,0.266667,0.241667,0.191667,0.125000,0.175000,2.461538,1.812500,2.090909,1.666667,1.909091
sub-b0eed788,0.340426,0.329787,0.117021,0.053191,0.159574,1.777778,1.823529,1.571429,1.000000,1.500000
sub-b117f65e,0.319149,0.308511,0.095745,0.138298,0.138298,1.875000,1.812500,1.800000,1.083333,1.181818
sub-b2ac5f9e,0.298387,0.379032,0.161290,0.088710,0.072581,2.176471,2.473684,1.538462,1.100000,1.285714
sub-b317bcc8,0.184000,0.264000,0.224000,0.232000,0.096000,2.300000,1.941176,1.750000,1.933333,1.200000
sub-b363e5d9,0.226415,0.132075,0.160377,0.235849,0.245283,1.500000,1.166667,1.416667,1.562500,1.857143
sub-b3854719,0.272000,0.232000,0.192000,0.160000,0.144000,1.789474,2.416667,1.411765,1.666667,1.636364
sub-b3ae415f,0.296000,0.272000,0.136000,0.144000,0.152000,2.055556,2.000000,1.307692,1.285714,1.266667
sub-b3bde5cc,0.166667,0.135417,0.197917,0.250000,0.250000,1.454545,1.444444,1.357143,1.714286,1.500000
sub-b3df074c,0.069565,0.060870,0.347826,0.269565,0.252174,1.000000,1.400000,2.105263,2.066667,1.611111
sub-b4669213,0.277311,0.243697,0.210084,0.109244,0.159664,1.941176,1.933333,1.562500,1.300000,1.727273
sub-b4671281,0.086538,0.076923,0.346154,0.346154,0.144231,1.285714,1.142857,2.117647,2.000000,1.500000
sub-b481fb9d,0.262295,0.237705,0.213115,0.090164,0.196721,2.000000,2.230769,1.529412,1.571429,1.846154
sub-b5c1cb94,0.045455,0.045455,0.127273,0.400000,0.381818,1.250000,1.000000,1.400000,2.095238,2.100000
sub-b7328dba,0.235849,0.216981,0.226415,0.235849,0.084906,1.666667,1.437500,1.333333,1.315789,1.000000
sub-b76b7e8d,0.121951,0.170732,0.073171,0.365854,0.268293,1.250000,1.000000,1.000000,1.250000,1.100000
sub-b76cf101,0.280374,0.280374,0.028037,0.168224,0.242991,1.875000,2.307692,1.000000,1.500000,1.857143
sub-b79be773,0.327869,0.344262,0.098361,0.139344,0.090164,2.222222,2.333333,1.333333,1.545455,1.222222
sub-b7ddd33f,0.288889,0.288889,0.133333,0.122222,0.166667,1.733333,1.625000,1.200000,1.222222,1.363636
sub-b82b95dd,0.311927,0.266055,0.201835,0.192661,0.027523,2.428571,1.705882,1.375000,1.615385,1.500000
sub-b84803bf,0.322314,0.305785,0.132231,0.198347,0.041322,2.166667,2.055556,1.333333,1.600000,1.000000
sub-b85c090a,0.162162,0.171171,0.270270,0.180180,0.216216,1.384615,1.583333,2.142857,1.538462,2.000000
sub-b8a61685,0.197368,0.171053,0.236842,0.184211,0.210526,1.363636,1.444444,1.636364,1.272727,1.600000
sub-b8e0a9a5,0.226190,0.214286,0.214286,0.154762,0.190476,1.583333,1.384615,1.200000,1.181818,1.230769
sub-b950b436,0.254237,0.262712,0.177966,0.177966,0.127119,2.000000,1.722222,1.500000,1.615385,1.153846
sub-b9667750,0.325000,0.333333,0.108333,0.125000,0.108333,2.294118,2.500000,1.300000,1.500000,1.444444
sub-b987e5c4,0.294872,0.230769,0.230769,0.141026,0.102564,1.533333,1.384615,1.500000,1.000000,1.000000
sub-b9f8cd4b,0.291667,0.341667,0.108333,0.158333,0.100000,2.058824,2.411765,1.181818,1.357143,1.500000
sub-ba3277f2,0.327869,0.344262,0.139344,0.098361,0.090164,2.105263,2.100000,1.545455,1.090909,1.375000
sub-ba56b6ca,0.151786,0.169643,0.214286,0.348214,0.116071,1.416667,1.583333,1.500000,2.052632,1.625000
sub-ba827232,0.263158,0.289474,0.144737,0.105263,0.197368,1.538462,1.571429,1.222222,1.142857,1.500000
sub-ba8b2709,0.198276,0.232759,0.155172,0.198276,0.215517,1.642857,1.588235,1.384615,2.090909,1.666667
sub-bacb2baa,0.263736,0.296703,0.164835,0.109890,0.164835,1.714286,1.588235,1.500000,1.000000,1.363636
sub-badec2c8,0.394958,0.352941,0.042017,0.109244,0.100840,2.937500,2.625000,1.000000,1.181818,1.333333
sub-bae3ff6c,0.074627,0.104478,0.313433,0.268657,0.238806,1.000000,1.000000,1.400000,1.200000,1.142857
sub-baf53535,0.232759,0.284483,0.146552,0.215517,0.120690,1.687500,1.736842,1.545455,1.388889,1.555556
sub-baf8d2e7,0.250000,0.300000,0.141667,0.058333,0.250000,2.000000,2.117647,1.700000,1.166667,2.142857
sub-bb0c5b34,0.094017,0.111111,0.333333,0.307692,0.153846,1.222222,1.300000,1.950000,1.894737,1.384615
sub-bbad4adc,0.200000,0.190909,0.218182,0.236364,0.154545,1.571429,1.400000,1.846154,1.529412,1.307692
sub-bbd1c58b,0.293333,0.253333,0.173333,0.120000,0.160000,1.222222,1.461538,1.000000,1.125000,1.090909
sub-bc95a335,0.140625,0.062500,0.375000,0.312500,0.109375,1.000000,1.000000,1.600000,1.428571,1.166667
sub-bcbc742a,0.250000,0.206897,0.198276,0.224138,0.120690,1.705882,1.500000,1.437500,1.857143,1.400000
sub-bd1fa320,0.288462,0.278846,0.201923,0.134615,0.096154,2.000000,2.071429,1.615385,1.272727,1.428571
sub-bdd5be7e,0.368421,0.385965,0.070175,0.061404,0.114035,2.100000,1.913043,1.000000,1.166667,1.181818
sub-bdf448af,0.258065,0.282258,0.177419,0.088710,0.193548,1.882353,2.058824,1.833333,1.100000,1.714286
sub-be11549d,0.227273,0.290909,0.181818,0.154545,0.145455,1.562500,2.133333,1.666667,1.545455,1.142857
sub-be3e3f39,0.266667,0.291667,0.175000,0.183333,0.083333,2.000000,2.333333,1.500000,1.466667,1.428571
sub-bf2215fd,0.245283,0.245283,0.254717,0.169811,0.084906,1.857143,2.000000,1.588235,1.636364,1.285714
sub-bf23e532,0.215517,0.198276,0.181034,0.206897,0.198276,1.666667,2.300000,1.909091,1.846154,1.642857
sub-bf675255,0.263636,0.327273,0.127273,0.136364,0.145455,1.812500,2.250000,1.272727,1.363636,1.333333
sub-bf8006d0,0.274194,0.250000,0.120968,0.225806,0.129032,1.888889,2.214286,1.500000,1.750000,1.777778
sub-bfd08f6e,0.408000,0.368000,0.064000,0.080000,0.080000,2.684211,2.705882,1.333333,1.666667,1.428571
sub-bfeb12b9,0.150000,0.275000,0.200000,0.025000,0.350000,1.000000,1.000000,1.000000,1.000000,1.166667
sub-c0b2c562,0.239130,0.260870,0.206522,0.119565,0.173913,1.571429,1.714286,1.727273,1.375000,1.142857
sub-c1df6983,0.245763,0.262712,0.177966,0.186441,0.127119,1.705882,1.722222,1.400000,1.466667,1.500000
sub-c20f83ee,0.194915,0.203390,0.152542,0.254237,0.194915,2.090909,1.600000,1.636364,1.875000,1.769231
sub-c210b68c,0.228571,0.238095,0.180952,0.161905,0.190476,1.600000,1.923077,1.357143,1.307692,1.538462
sub-c2521f04,0.294118,0.341176,0.105882,0.164706,0.094118,1.666667,1.611111,1.125000,1.400000,1.142857
sub-c25d1a8e,0.303030,0.343434,0.131313,0.080808,0.141414,2.307692,2.125000,1.625000,1.000000,1.272727
sub-c26e55bb,0.138614,0.108911,0.277228,0.227723,0.247525,1.272727,1.222222,1.647059,1.533333,1.785714
sub-c2c97c8f,0.311828,0.290323,0.075269,0.150538,0.172043,1.611111,1.588235,1.166667,1.400000,1.230769
sub-c2e5cbcb,0.321839,0.333333,0.091954,0.091954,0.160920,1.750000,1.812500,1.000000,1.142857,1.076923
sub-c2ff1ab8,0.084034,0.109244,0.369748,0.260504,0.176471,1.666667,1.444444,2.200000,1.937500,1.615385
sub-c34ed4ce,0.367347,0.346939,0.142857,0.061224,0.081633,1.200000,1.214286,1.000000,1.000000,1.000000
sub-c3c62849,0.336066,0.303279,0.114754,0.090164,0.155738,2.050000,2.312500,1.400000,1.375000,1.727273
sub-c3e64802,0.300813,0.268293,0.154472,0.113821,0.162602,1.947368,2.062500,1.900000,1.400000,1.428571
sub-c46b226c,0.270833,0.291667,0.083333,0.208333,0.145833,1.083333,1.272727,1.000000,1.111111,1.000000
sub-c4847e59,0.278846,0.269231,0.105769,0.144231,0.201923,1.812500,1.866667,1.100000,1.500000,1.400000
sub-c4852797,0.224000,0.240000,0.224000,0.192000,0.120000,1.866667,2.142857,2.000000,1.714286,1.500000
sub-c5361f39,0.104348,0.208696,0.278261,0.313043,0.095652,1.200000,1.500000,2.000000,2.117647,1.571429
sub-c5b15a9c,0.163043,0.184783,0.250000,0.271739,0.130435,1.153846,1.545455,1.769231,1.666667,1.333333
sub-c5be11b4,0.193182,0.170455,0.272727,0.238636,0.125000,1.416667,1.500000,1.500000,1.615385,1.100000
sub-c6067bf1,0.398305,0.322034,0.101695,0.059322,0.118644,2.473684,2.235294,1.200000,1.000000,1.166667
sub-c62bf411,0.433333,0.383333,0.050000,0.033333,0.100000,2.166667,1.769231,1.500000,1.000000,1.000000
sub-c70590fd,0.068966,0.137931,0.077586,0.344828,0.370690,1.142857,1.600000,1.500000,2.222222,1.869565
sub-c8209d6c,0.336283,0.345133,0.141593,0.150442,0.026549,2.235294,2.294118,1.454545,1.700000,1.500000
sub-c86d49c9,0.355932,0.372881,0.101695,0.169492,0.000000,1.500000,1.375000,1.200000,1.250000,NaN
sub-c8afc8aa,0.180723,0.168675,0.253012,0.216867,0.180723,1.363636,1.555556,1.400000,1.384615,1.500000
sub-c8b05e81,0.400000,0.333333,0.111111,0.122222,0.033333,2.117647,2.142857,1.428571,1.222222,1.000000
sub-c8c5d7a3,0.307692,0.290598,0.119658,0.119658,0.162393,1.800000,2.125000,1.555556,1.400000,1.583333
sub-c8e4e16a,0.360000,0.260000,0.120000,0.130000,0.130000,1.714286,1.733333,1.333333,1.300000,1.181818
sub-c8f57d40,0.280702,0.263158,0.140351,0.166667,0.149123,2.133333,2.142857,1.333333,1.583333,1.214286
sub-c9c11d4f,0.142857,0.142857,0.159664,0.336134,0.218487,1.700000,1.416667,1.727273,2.857143,2.000000
sub-c9cf8bdb,0.404762,0.309524,0.095238,0.119048,0.071429,1.214286,1.000000,1.000000,1.000000,1.000000
sub-c9e2f056,0.197917,0.187500,0.281250,0.239583,0.093750,1.583333,1.200000,1.588235,1.533333,1.285714
sub-ca7beb92,0.299065,0.327103,0.158879,0.084112,0.130841,2.000000,1.944444,1.307692,1.285714,1.272727
sub-cab70ce6,0.305263,0.294737,0.126316,0.136842,0.136842,1.526316,1.866667,1.333333,1.300000,1.083333
sub-cb0dc161,0.254098,0.221311,0.147541,0.213115,0.163934,2.066667,1.928571,1.500000,1.733333,1.333333
sub-cb5b6306,0.204918,0.213115,0.278689,0.114754,0.188525,1.785714,2.166667,2.125000,1.272727,1.769231
sub-cb923e06,0.206612,0.214876,0.330579,0.239669,0.008264,1.785714,2.000000,2.105263,1.812500,1.000000
sub-cbbfd413,0.322314,0.256198,0.057851,0.123967,0.239669,2.052632,2.066667,1.400000,1.250000,1.933333
sub-ccbad9d3,0.226804,0.278351,0.195876,0.164948,0.134021,1.692308,1.928571,1.357143,1.142857,1.444444
sub-cdf017d8,0.064516,0.075269,0.182796,0.365591,0.311828,1.200000,1.400000,1.307692,1.789474,1.812500
sub-ce750484,0.284553,0.235772,0.138211,0.146341,0.195122,2.500000,2.230769,1.545455,1.500000,1.714286
sub-ce7557cd,0.311475,0.344262,0.024590,0.098361,0.221311,2.533333,2.100000,1.000000,1.333333,1.928571
sub-ce94d8e0,0.154472,0.146341,0.260163,0.276423,0.162602,1.583333,1.636364,1.882353,1.700000,1.666667
sub-ce9b62aa,0.194805,0.207792,0.194805,0.207792,0.194805,1.250000,1.454545,1.500000,1.333333,1.250000
sub-cf22611c,0.285714,0.309524,0.119048,0.142857,0.142857,1.090909,1.181818,1.000000,1.000000,1.200000
sub-cf96c936,0.168067,0.176471,0.260504,0.201681,0.193277,1.818182,2.100000,2.214286,1.600000,1.769231
sub-cfc821c0,0.369369,0.387387,0.117117,0.081081,0.045045,2.562500,2.866667,1.181818,1.125000,1.666667
sub-cfc90fc2,0.300885,0.292035,0.123894,0.141593,0.141593,1.888889,2.062500,1.555556,1.454545,1.454545
sub-cff4915b,0.282828,0.292929,0.151515,0.111111,0.161616,1.473684,1.611111,1.071429,1.100000,1.142857
sub-d0036534,0.260870,0.333333,0.130435,0.130435,0.144928,1.125000,1.533333,1.000000,1.125000,1.000000
sub-d04b3811,0.240000,0.184000,0.144000,0.120000,0.312000,2.500000,1.642857,1.384615,1.250000,2.166667
sub-d0af181f,0.464789,0.408451,0.028169,0.084507,0.014085,1.833333,1.705882,1.000000,1.000000,1.000000
sub-d0ccda46,0.225000,0.208333,0.108333,0.266667,0.191667,2.250000,2.083333,1.625000,2.285714,1.916667
sub-d10de4ad,0.278481,0.240506,0.227848,0.151899,0.101266,1.571429,1.727273,1.636364,1.333333,1.142857
sub-d1342c50,0.146667,0.133333,0.293333,0.160000,0.266667,1.222222,1.000000,1.692308,1.090909,1.428571
sub-d145ffa8,0.278261,0.295652,0.156522,0.113043,0.156522,1.684211,2.125000,1.500000,1.625000,1.500000
sub-d19a4e50,0.063830,0.095745,0.319149,0.287234,0.234043,1.000000,1.285714,2.000000,1.928571,1.692308
sub-d1d5df0d,0.306452,0.274194,0.129032,0.120968,0.169355,2.111111,2.266667,1.600000,1.875000,1.615385
sub-d2205a7c,0.281818,0.209091,0.209091,0.136364,0.163636,1.722222,2.090909,1.352941,1.363636,1.384615
sub-d22f8855,0.138298,0.074468,0.234043,0.276596,0.276596,1.181818,1.000000,1.571429,2.000000,1.733333
sub-d240713e,0.277778,0.296296,0.222222,0.111111,0.092593,1.153846,1.333333,1.200000,1.000000,1.000000
sub-d2718ecf,0.347458,0.245763,0.067797,0.127119,0.211864,2.050000,2.636364,1.142857,1.666667,1.785714
sub-d27ee639,0.137931,0.172414,0.011494,0.310345,0.367816,1.090909,1.500000,1.000000,1.588235,1.454545
sub-d28cae76,0.337349,0.349398,0.072289,0.072289,0.168675,1.473684,1.611111,1.200000,1.200000,1.750000
sub-d2ad3f86,0.243902,0.268293,0.195122,0.195122,0.097561,1.764706,2.062500,2.181818,2.000000,1.500000
sub-d2beb4ec,0.368932,0.339806,0.097087,0.087379,0.106796,2.235294,2.058824,1.000000,1.125000,1.222222
sub-d2c47f13,0.229508,0.221311,0.139344,0.229508,0.180328,2.333333,2.076923,1.545455,1.866667,1.294118
sub-d32938f9,0.115044,0.061947,0.203540,0.353982,0.265487,1.300000,1.400000,1.533333,2.105263,2.000000
sub-d35069ed,0.193548,0.209677,0.233871,0.274194,0.088710,1.500000,1.857143,1.705882,2.266667,1.571429
sub-d3547b05,0.194444,0.194444,0.212963,0.259259,0.138889,1.615385,2.100000,1.769231,1.750000,1.500000
sub-d3dbca3b,0.126050,0.126050,0.226891,0.319328,0.201681,1.500000,1.875000,1.800000,2.375000,1.500000
sub-d49d1590,0.232558,0.209302,0.220930,0.197674,0.139535,1.176471,1.285714,1.266667,1.700000,1.200000
sub-d4c76aa8,0.134615,0.115385,0.326923,0.269231,0.153846,1.400000,1.000000,1.416667,1.400000,1.000000
sub-d540a226,0.376471,0.258824,0.047059,0.141176,0.176471,1.882353,1.692308,1.000000,1.333333,1.363636
sub-d54a444e,0.200000,0.200000,0.241667,0.200000,0.158333,1.333333,1.500000,1.526316,1.411765,1.461538
sub-d6711207,0.298246,0.271930,0.149123,0.184211,0.096491,1.545455,1.722222,1.416667,1.312500,1.000000
sub-d6874ecf,0.172727,0.236364,0.154545,0.181818,0.254545,1.461538,1.625000,1.416667,1.666667,1.750000
sub-d788ab03,0.322034,0.288136,0.169492,0.135593,0.084746,1.900000,2.266667,1.333333,1.454545,1.428571
sub-d7e0b542,0.275000,0.308333,0.183333,0.100000,0.133333,2.200000,2.055556,2.000000,1.500000,1.454545
sub-d7ec9ae3,0.338983,0.338983,0.152542,0.118644,0.050847,2.352941,2.666667,1.500000,1.400000,1.200000
sub-d86c6aeb,0.254098,0.278689,0.155738,0.163934,0.147541,1.937500,1.888889,1.357143,1.666667,1.800000
sub-d8a64c8c,0.244681,0.202128,0.223404,0.234043,0.095745,1.642857,1.583333,1.750000,1.692308,1.125000
sub-d8ab4fef,0.196262,0.224299,0.252336,0.252336,0.074766,1.500000,1.200000,1.928571,1.500000,1.142857
sub-d8e8d03c,0.258333,0.258333,0.175000,0.108333,0.200000,2.066667,1.823529,1.500000,1.181818,1.846154
sub-d8fc0059,0.324324,0.297297,0.108108,0.198198,0.072072,2.400000,1.736842,1.200000,2.000000,1.142857
sub-d9505f7f,0.286885,0.237705,0.139344,0.188525,0.147541,2.333333,2.230769,1.416667,1.642857,1.636364
sub-d9574447,0.401709,0.410256,0.076923,0.034188,0.076923,3.357143,3.200000,1.500000,1.000000,1.125000
sub-d9630463,0.302752,0.366972,0.073394,0.091743,0.165138,2.062500,2.105263,1.333333,1.111111,1.500000
sub-d982eae7,0.140187,0.121495,0.233645,0.168224,0.336449,1.153846,1.444444,1.562500,1.500000,1.714286
sub-d9a7dde8,0.176471,0.168067,0.302521,0.252101,0.100840,1.500000,1.428571,2.117647,1.578947,1.200000
sub-d9b78521,0.341463,0.341463,0.000000,0.097561,0.219512,1.166667,1.272727,NaN,1.000000,1.125000
sub-d9c89f13,0.324324,0.283784,0.148649,0.162162,0.081081,1.500000,1.400000,1.375000,1.090909,1.000000
sub-da07befd,0.279570,0.311828,0.172043,0.129032,0.107527,1.529412,1.611111,1.600000,1.200000,1.111111
sub-da14debe,0.226087,0.139130,0.234783,0.173913,0.226087,1.733333,1.777778,2.250000,1.428571,1.733333
sub-da85b0d2,0.245763,0.237288,0.211864,0.194915,0.110169,1.933333,1.866667,1.923077,1.642857,1.444444
sub-daabdc32,0.193878,0.244898,0.234694,0.183673,0.142857,1.727273,1.714286,1.642857,1.800000,1.272727
sub-db1f60e2,0.157025,0.181818,0.190083,0.107438,0.363636,1.461538,1.571429,1.916667,1.444444,2.444444
sub-db2e962f,0.283019,0.169811,0.150943,0.150943,0.245283,1.153846,1.500000,1.000000,1.600000,1.300000
sub-db320f85,0.284314,0.303922,0.147059,0.186275,0.078431,1.611111,1.631579,1.250000,1.266667,1.333333
sub-dbb68f25,0.107692,0.061538,0.230769,0.323077,0.276923,1.166667,1.000000,1.363636,1.500000,1.500000
sub-dbc308f2,0.312500,0.322917,0.104167,0.208333,0.052083,2.000000,1.550000,1.000000,1.428571,1.000000
sub-dc7bd768,0.219298,0.114035,0.210526,0.289474,0.166667,1.666667,1.181818,2.000000,2.200000,1.727273
sub-dc7df6e2,0.171171,0.144144,0.297297,0.270270,0.117117,1.266667,1.600000,1.650000,2.142857,1.300000
sub-dccd40f8,0.230088,0.176991,0.150442,0.230088,0.212389,1.733333,2.000000,1.307692,1.625000,2.000000
sub-dcdce7a1,0.384000,0.400000,0.048000,0.088000,0.080000,2.823529,2.941176,1.200000,1.375000,1.666667
sub-dcfb2aef,0.184874,0.218487,0.210084,0.184874,0.201681,1.692308,2.000000,1.785714,1.466667,2.181818
sub-dd72baf9,0.247863,0.247863,0.188034,0.170940,0.145299,1.812500,1.812500,2.200000,1.538462,1.700000
sub-dd7cd3aa,0.333333,0.358025,0.061728,0.086420,0.160494,1.588235,1.933333,1.250000,1.400000,1.181818
sub-ddd0e508,0.290909,0.327273,0.127273,0.181818,0.072727,2.285714,1.894737,1.400000,1.428571,1.142857
sub-de0c6ad8,0.312000,0.256000,0.152000,0.216000,0.064000,2.437500,1.882353,2.111111,1.800000,1.000000
sub-de6898bc,0.235772,0.292683,0.170732,0.252033,0.048780,2.230769,2.400000,1.500000,2.214286,1.200000
sub-dea6252e,0.277311,0.268908,0.184874,0.151261,0.117647,2.200000,2.000000,1.692308,1.800000,1.555556
sub-deb86e8a,0.295652,0.269565,0.156522,0.078261,0.200000,1.888889,2.066667,1.285714,1.125000,1.769231
sub-dee0f991,0.305556,0.296296,0.166667,0.148148,0.083333,1.941176,1.777778,1.384615,1.333333,1.285714
sub-df08b50d,0.268293,0.243902,0.121951,0.243902,0.121951,1.375000,1.250000,1.250000,1.250000,1.111111
sub-df2ff0b3,0.173554,0.256198,0.256198,0.107438,0.206612,2.100000,2.214286,1.823529,1.181818,1.785714
sub-df3aaa51,0.339806,0.300971,0.174757,0.145631,0.038835,1.666667,1.631579,1.500000,1.250000,1.000000
sub-e0410318,0.079646,0.115044,0.345133,0.300885,0.159292,1.125000,1.300000,2.052632,1.789474,1.500000
sub-e089c73e,0.208791,0.252747,0.153846,0.186813,0.197802,1.357143,1.437500,1.400000,1.545455,1.500000
sub-e0a4f096,0.216216,0.310811,0.189189,0.148649,0.135135,1.230769,1.642857,1.400000,1.222222,1.250000
sub-e0c64703,0.360656,0.401639,0.040984,0.114754,0.081967,2.444444,2.882353,1.000000,1.400000,1.000000
sub-e12930ab,0.166667,0.138889,0.277778,0.240741,0.175926,1.800000,1.363636,2.000000,1.857143,1.583333
sub-e1a4f26e,0.302521,0.285714,0.193277,0.067227,0.151261,1.800000,1.619048,1.277778,1.142857,1.636364
sub-e258c30d,0.232000,0.144000,0.200000,0.248000,0.176000,1.812500,1.800000,1.785714,2.066667,1.466667
sub-e26ba779,0.310811,0.270270,0.121622,0.162162,0.135135,1.352941,1.333333,1.285714,1.200000,1.250000
sub-e2817cd3,0.300000,0.300000,0.180000,0.000000,0.220000,1.363636,1.500000,1.125000,NaN,1.222222
sub-e2e58bb4,0.217391,0.130435,0.260870,0.217391,0.173913,1.500000,1.000000,1.636364,1.363636,1.200000
sub-e2fb4a5a,0.132231,0.115702,0.272727,0.322314,0.157025,1.230769,1.555556,2.538462,2.294118,1.727273
sub-e34267d3,0.100000,0.080000,0.320000,0.220000,0.280000,1.000000,1.000000,1.142857,1.100000,1.166667
sub-e36a4396,0.206186,0.175258,0.247423,0.206186,0.164948,1.538462,1.888889,1.714286,1.428571,1.333333
sub-e4f15275,0.377778,0.355556,0.111111,0.044444,0.111111,1.214286,1.230769,1.000000,1.000000,1.000000
sub-e523c998,0.134831,0.146067,0.325843,0.292135,0.101124,1.090909,1.444444,1.812500,2.000000,1.000000
sub-e5284121,0.192308,0.192308,0.250000,0.201923,0.163462,1.538462,1.666667,1.529412,1.750000,1.416667
sub-e533cba3,0.200000,0.200000,0.250000,0.216667,0.133333,1.714286,1.714286,1.764706,1.625000,1.230769
sub-e54264e5,0.197368,0.236842,0.184211,0.184211,0.197368,1.153846,1.200000,1.555556,1.272727,1.250000
sub-e544a53d,0.347826,0.347826,0.121739,0.156522,0.026087,2.666667,2.352941,1.400000,1.636364,1.000000
sub-e5894ff5,0.217822,0.188119,0.257426,0.198020,0.138614,1.571429,1.187500,2.000000,1.428571,1.750000
sub-e5da608f,0.294118,0.277311,0.184874,0.159664,0.084034,2.187500,1.833333,1.375000,1.583333,1.111111
sub-e5f9f075,0.305785,0.256198,0.123967,0.181818,0.132231,1.850000,1.823529,1.500000,1.375000,1.600000
sub-e6585315,0.245902,0.295082,0.180328,0.098361,0.180328,1.500000,1.384615,1.375000,1.500000,1.100000
sub-e676a4f1,0.176471,0.196078,0.225490,0.156863,0.245098,1.500000,1.428571,1.916667,2.000000,1.470588
sub-e6aba9d4,0.300000,0.341667,0.166667,0.125000,0.066667,2.000000,2.277778,1.538462,1.500000,1.333333
sub-e6b671d7,0.327869,0.204918,0.147541,0.147541,0.172131,2.105263,1.923077,1.500000,1.636364,1.750000
sub-e71c001b,0.346154,0.365385,0.105769,0.057692,0.125000,2.250000,2.111111,1.222222,1.200000,1.181818
sub-e7a2dfc8,0.219048,0.209524,0.228571,0.266667,0.076190,1.437500,1.571429,1.600000,2.000000,1.333333
sub-e7b4fad4,0.201613,0.266129,0.225806,0.088710,0.217742,1.470588,1.571429,1.647059,1.375000,1.928571
sub-e7c2a9ea,0.329670,0.318681,0.120879,0.142857,0.087912,2.000000,1.812500,1.375000,1.444444,1.333333
sub-e83fc249,0.265625,0.218750,0.109375,0.281250,0.125000,1.307692,1.272727,1.000000,1.384615,1.333333
sub-e86ebf65,0.232143,0.258929,0.125000,0.178571,0.205357,1.733333,2.071429,1.272727,1.428571,1.769231
sub-e895d5bf,0.288000,0.296000,0.088000,0.192000,0.136000,2.000000,2.055556,1.375000,1.500000,1.545455
sub-e8af6dbf,0.241935,0.233871,0.217742,0.112903,0.193548,2.000000,1.933333,1.588235,1.400000,1.600000
sub-e8e75c18,0.345794,0.308411,0.065421,0.102804,0.177570,2.642857,2.062500,1.166667,1.571429,1.727273
sub-e95bef08,0.198347,0.198347,0.082645,0.272727,0.247934,1.714286,1.500000,1.666667,1.736842,2.000000
sub-e96ad0aa,0.240741,0.222222,0.185185,0.185185,0.166667,1.181818,1.000000,1.250000,1.111111,1.125000
sub-ea3e0167,0.252101,0.285714,0.201681,0.201681,0.058824,1.875000,1.888889,1.714286,1.846154,1.000000
sub-ec430170,0.205882,0.205882,0.274510,0.215686,0.098039,1.312500,1.235294,2.000000,1.571429,1.111111
sub-ec9db008,0.241667,0.241667,0.150000,0.191667,0.175000,1.812500,1.611111,1.500000,2.300000,1.615385
sub-ed0a38c1,0.188119,0.257426,0.257426,0.198020,0.099010,1.266667,1.444444,1.733333,1.818182,1.250000
sub-ed6c93d2,0.201754,0.175439,0.280702,0.254386,0.087719,1.769231,1.538462,2.000000,2.071429,1.428571
sub-edbb53c9,0.237705,0.262295,0.163934,0.196721,0.139344,1.705882,2.285714,1.666667,1.714286,2.125000
sub-ee0b8fc3,0.101695,0.067797,0.288136,0.237288,0.305085,1.000000,1.000000,1.307692,1.166667,1.200000
sub-ee208ec6,0.245283,0.132075,0.283019,0.113208,0.226415,1.300000,1.166667,1.666667,1.000000,1.333333
sub-ee2d0fae,0.252033,0.195122,0.219512,0.243902,0.089431,1.937500,1.600000,1.687500,1.875000,1.222222
sub-eeab06e2,0.223404,0.244681,0.223404,0.191489,0.117021,1.909091,1.642857,1.400000,1.285714,2.200000
sub-eeb93250,0.178862,0.211382,0.252033,0.170732,0.186992,1.692308,1.857143,2.066667,1.312500,1.533333
sub-eee2e8ba,0.163934,0.188525,0.311475,0.262295,0.073770,1.333333,1.533333,2.235294,1.777778,1.125000
sub-ef1096c0,0.263636,0.227273,0.181818,0.227273,0.100000,1.812500,1.923077,1.666667,1.666667,1.100000
sub-ef333648,0.201681,0.235294,0.235294,0.134454,0.193277,1.500000,1.866667,1.750000,1.230769,1.916667
sub-ef47e1cb,0.240000,0.192000,0.232000,0.208000,0.128000,2.000000,1.500000,2.071429,1.857143,1.600000
sub-ef9938fc,0.289720,0.242991,0.205607,0.121495,0.140187,2.214286,1.444444,1.466667,1.444444,1.500000
sub-efa513cb,0.164557,0.202532,0.278481,0.265823,0.088608,1.083333,1.333333,1.833333,1.615385,1.000000
sub-f0b4a87e,0.441441,0.414414,0.000000,0.063063,0.081081,2.882353,2.875000,NaN,1.000000,1.285714
sub-f0c22557,0.264368,0.229885,0.195402,0.229885,0.080460,1.533333,1.333333,1.307692,1.428571,1.000000
sub-f143d0bb,0.403670,0.357798,0.100917,0.064220,0.073394,2.933333,2.166667,1.571429,1.166667,1.142857
sub-f19e7cb4,0.174603,0.253968,0.253968,0.222222,0.095238,1.375000,1.454545,1.600000,1.272727,1.000000
sub-f1fff45c,0.222222,0.222222,0.222222,0.111111,0.222222,1.000000,1.333333,1.090909,1.000000,1.200000
sub-f2f7e19f,0.291139,0.278481,0.151899,0.164557,0.113924,1.642857,1.466667,1.500000,1.300000,1.125000
sub-f3034678,0.186667,0.066667,0.306667,0.320000,0.120000,1.166667,1.000000,1.533333,1.411765,1.000000
sub-f35f8377,0.163043,0.163043,0.326087,0.260870,0.086957,1.153846,1.500000,2.142857,1.714286,1.333333
sub-f3bec2c7,0.196581,0.230769,0.222222,0.205128,0.145299,1.642857,1.800000,1.857143,1.600000,2.125000
sub-f41983d5,0.142857,0.196429,0.294643,0.223214,0.142857,1.454545,2.000000,2.200000,2.083333,1.600000
sub-f4267489,0.403226,0.370968,0.080645,0.096774,0.048387,2.941176,3.066667,1.250000,1.333333,1.500000
sub-f4642509,0.347826,0.313043,0.113043,0.139130,0.086957,2.500000,2.250000,1.444444,1.454545,1.000000
sub-f4a570be,0.321739,0.252174,0.217391,0.139130,0.069565,2.055556,1.933333,1.666667,1.600000,1.600000
sub-f5145b8e,0.278689,0.327869,0.065574,0.163934,0.163934,1.416667,1.250000,1.000000,1.250000,1.250000
sub-f534211d,0.275229,0.311927,0.091743,0.165138,0.155963,1.875000,1.888889,1.111111,1.285714,1.416667
sub-f54d1792,0.327586,0.310345,0.086207,0.189655,0.086207,1.266667,1.285714,1.000000,1.222222,1.250000
sub-f5592644,0.176471,0.196078,0.215686,0.156863,0.254902,1.000000,1.000000,1.000000,1.142857,1.083333
sub-f568b698,0.263636,0.245455,0.136364,0.200000,0.154545,2.071429,1.800000,1.363636,1.571429,1.700000
sub-f5aecd0c,0.154472,0.138211,0.276423,0.252033,0.178862,1.266667,1.416667,1.700000,2.384615,1.375000
sub-f5c20bf3,0.166667,0.263889,0.166667,0.152778,0.250000,1.090909,1.357143,1.333333,1.100000,1.285714
sub-f66bc32c,0.252525,0.232323,0.232323,0.181818,0.101010,1.562500,1.642857,1.437500,1.500000,1.250000
sub-f71f4e37,0.163636,0.190909,0.281818,0.245455,0.118182,1.384615,1.750000,1.937500,2.250000,1.444444
sub-f72eb6e6,0.294737,0.336842,0.189474,0.105263,0.073684,1.555556,1.777778,1.384615,1.111111,1.000000
sub-f7bf68ad,0.393162,0.393162,0.094017,0.076923,0.042735,2.555556,2.421053,1.833333,1.125000,1.250000
sub-f80dfc3d,0.183333,0.200000,0.241667,0.266667,0.108333,1.833333,1.714286,1.812500,1.882353,1.444444
sub-f85fd7b2,0.300000,0.166667,0.166667,0.250000,0.116667,1.200000,1.250000,1.111111,1.153846,1.166667
sub-f87e808d,0.130000,0.120000,0.280000,0.280000,0.190000,1.444444,1.333333,1.750000,1.555556,1.727273
sub-f88f48fa,0.330508,0.355932,0.127119,0.101695,0.084746,2.437500,2.625000,1.500000,1.714286,1.428571
sub-f900f8d1,0.264706,0.294118,0.186275,0.196078,0.058824,1.800000,1.764706,1.357143,1.818182,1.000000
sub-f988b984,0.304000,0.312000,0.192000,0.112000,0.080000,2.000000,2.294118,1.500000,1.555556,1.111111
sub-f989ab12,0.223214,0.169643,0.232143,0.285714,0.089286,1.666667,1.900000,2.000000,2.133333,1.111111
sub-f9929c46,0.220588,0.264706,0.191176,0.294118,0.029412,1.363636,1.285714,1.300000,1.176471,1.000000
sub-f99c3394,0.237705,0.245902,0.204918,0.155738,0.155738,2.416667,2.000000,1.666667,1.727273,1.583333
sub-f99df42a,0.184000,0.192000,0.208000,0.280000,0.136000,1.533333,1.500000,1.733333,2.187500,1.888889
sub-fa054068,0.222222,0.232323,0.212121,0.242424,0.090909,1.692308,1.916667,1.400000,1.600000,1.125000
sub-fa59943c,0.365854,0.439024,0.073171,0.073171,0.048780,2.000000,2.400000,1.200000,1.200000,1.000000
sub-fa6468b7,0.208333,0.229167,0.250000,0.270833,0.041667,1.250000,1.000000,1.333333,1.181818,1.000000
sub-fb0da3da,0.277778,0.305556,0.138889,0.138889,0.138889,1.764706,2.062500,1.153846,1.363636,1.363636
sub-fb171f74,0.243243,0.261261,0.198198,0.207207,0.090090,1.800000,1.611111,1.294118,1.437500,1.250000
sub-fbe5ad3c,0.215385,0.123077,0.307692,0.200000,0.153846,1.166667,1.333333,1.333333,1.083333,1.428571
sub-fc102a62,0.338710,0.387097,0.016129,0.161290,0.096774,1.615385,1.846154,1.000000,1.111111,1.200000
sub-fc143608,0.336000,0.368000,0.176000,0.096000,0.024000,2.100000,2.555556,1.833333,1.333333,1.000000
sub-fc39f12d,0.336364,0.318182,0.118182,0.100000,0.127273,2.055556,2.187500,1.444444,1.571429,1.272727
sub-fc462c95,0.137255,0.098039,0.196078,0.333333,0.235294,1.000000,1.000000,1.250000,1.545455,1.200000
sub-fc49ae05,0.340909,0.409091,0.068182,0.000000,0.181818,1.250000,1.125000,1.000000,NaN,1.000000
sub-fc5c97ee,0.183673,0.173469,0.255102,0.285714,0.102041,1.285714,1.545455,2.083333,2.153846,1.250000
sub-fc9043fa,0.406250,0.343750,0.062500,0.031250,0.156250,1.857143,1.692308,1.333333,1.000000,1.250000
sub-fc92ad12,0.196581,0.162393,0.205128,0.179487,0.256410,1.642857,1.727273,1.714286,1.615385,1.875000
sub-fcf62c5e,0.312000,0.304000,0.160000,0.128000,0.096000,2.294118,1.900000,1.538462,1.333333,1.333333
sub-fd55fbb1,0.353448,0.327586,0.112069,0.120690,0.086207,2.928571,2.235294,1.444444,1.166667,1.250000
sub-fd6b7648,0.232759,0.232759,0.181034,0.189655,0.163793,1.800000,1.800000,1.235294,1.294118,1.727273
sub-fe159024,0.269231,0.278846,0.173077,0.105769,0.173077,1.750000,1.933333,1.636364,1.000000,1.636364
sub-fe35def7,0.227848,0.151899,0.215190,0.227848,0.177215,1.285714,1.200000,1.307692,1.384615,1.272727
sub-fe9b843e,0.259740,0.311688,0.168831,0.181818,0.077922,1.428571,1.500000,1.181818,1.555556,1.200000
sub-fec1d802,0.084746,0.084746,0.347458,0.372881,0.110169,1.428571,1.428571,2.411765,2.588235,1.625000
sub-fec6b3b3,0.075000,0.100000,0.366667,0.183333,0.275000,1.500000,1.333333,2.588235,1.692308,2.538462
sub-fee9195f,0.205607,0.158879,0.280374,0.271028,0.084112,1.466667,1.416667,2.142857,1.705882,1.125000
sub-ff10861b,0.320388,0.320388,0.106796,0.145631,0.106796,2.200000,2.062500,1.222222,1.363636,1.222222
sub-ff1e1209,0.370690,0.310345,0.155172,0.112069,0.051724,2.866667,2.571429,1.384615,1.444444,1.000000
sub-ff2be107,0.195122,0.170732,0.195122,0.170732,0.268293,1.500000,1.909091,1.600000,1.400000,2.200000
sub-ff7855eb,0.188406,0.115942,0.231884,0.188406,0.275362,1.181818,1.000000,1.066667,1.300000,1.266667
sub-ff86147c,0.250000,0.339286,0.116071,0.071429,0.223214,1.866667,2.375000,1.444444,1.142857,1.666667
sub-ffc734a9,0.184615,0.184615,0.138462,0.169231,0.323077,1.333333,1.333333,1.125000,1.375000,2.100000
