ID,fracocc_1,fracocc_2,fracocc_3,fracocc_4,fracocc_5,dwell_1,dwell_2,dwell_3,dwell_4,dwell_5
sub-0038f6d3,0.207207,0.180180,0.117117,0.279279,0.216216,1.642857,1.538462,1.444444,2.214286,2.000000
sub-0065c4e7,0.140496,0.338843,0.115702,0.347107,0.057851,1.214286,2.277778,1.166667,2.333333,1.000000
sub-00a5f155,0.228261,0.130435,0.239130,0.152174,0.250000,1.615385,1.714286,1.571429,1.166667,1.352941
sub-0103fd3b,0.219178,0.219178,0.123288,0.109589,0.328767,1.230769,1.142857,1.125000,1.142857,1.411765
sub-017bc66c,0.310924,0.168067,0.252101,0.176471,0.092437,2.055556,1.428571,2.000000,1.750000,1.222222
sub-0223ca30,0.245614,0.149123,0.192982,0.245614,0.166667,2.000000,1.416667,1.375000,1.750000,1.583333
sub-0262fb07,0.261682,0.196262,0.280374,0.112150,0.149533,1.555556,1.400000,1.875000,1.714286,1.600000
sub-028396a2,0.203390,0.237288,0.203390,0.245763,0.110169,1.714286,1.866667,1.714286,1.812500,1.444444
sub-02e70592,0.295918,0.163265,0.224490,0.142857,0.173469,2.071429,1.066667,1.466667,1.400000,1.307692
sub-030862f3,0.190083,0.272727,0.181818,0.247934,0.107438,1.769231,2.200000,1.571429,1.875000,1.444444
sub-030a2f21,0.196581,0.179487,0.188034,0.239316,0.196581,1.769231,1.615385,2.000000,2.153846,1.642857
sub-0312aa2f,0.227642,0.219512,0.178862,0.227642,0.146341,1.647059,1.800000,1.466667,1.750000,1.636364
sub-032bc148,0.065789,0.342105,0.184211,0.065789,0.342105,1.000000,1.529412,1.272727,1.000000,2.166667
sub-037ebdea,0.189655,0.241379,0.120690,0.310345,0.137931,1.100000,1.076923,1.000000,1.125000,1.000000
sub-03b4fac2,0.203704,0.370370,0.055556,0.314815,0.055556,1.100000,1.333333,1.000000,1.062500,1.000000
sub-03d5f6b2,0.189655,0.284483,0.198276,0.215517,0.112069,1.466667,1.736842,1.437500,1.470588,1.444444
sub-03dbb3ef,0.230769,0.288462,0.115385,0.192308,0.173077,1.000000,1.153846,1.000000,1.250000,1.000000
sub-0424f0cc,0.214876,0.247934,0.206612,0.231405,0.099174,1.529412,2.142857,1.923077,1.473684,1.500000
sub-0431abda,0.151899,0.253165,0.151899,0.303797,0.139241,1.333333,1.333333,1.200000,1.600000,1.100000
sub-044c81a4,0.275862,0.224138,0.232759,0.206897,0.060345,2.285714,1.733333,1.800000,1.714286,1.400000
sub-04d422d4,0.392405,0.151899,0.303797,0.075949,0.075949,1.476190,1.200000,1.600000,1.000000,1.200000
sub-05804543,0.360000,0.144000,0.328000,0.104000,0.064000,2.250000,1.500000,2.733333,1.625000,1.000000
sub-05b68380,0.360000,0.088000,0.352000,0.048000,0.152000,2.142857,1.375000,2.315789,1.000000,1.583333
sub-05c8148a,0.236842,0.192982,0.219298,0.201754,0.149123,1.687500,1.375000,1.666667,1.769231,1.416667
sub-05da9db8,0.226804,0.134021,0.237113,0.113402,0.288660,2.000000,1.444444,1.533333,1.100000,1.473684
sub-0618a7a8,0.217391,0.159420,0.260870,0.188406,0.173913,1.153846,1.375000,1.285714,1.300000,1.714286
sub-0619f332,0.175000,0.266667,0.225000,0.133333,0.200000,1.500000,2.285714,2.076923,1.600000,2.181818
sub-062a3828,0.213592,0.213592,0.242718,0.087379,0.242718,1.571429,1.466667,1.666667,1.285714,1.562500
sub-063189b9,0.243902,0.207317,0.195122,0.134146,0.219512,1.428571,1.000000,1.142857,1.100000,1.636364
sub-0640fc90,0.178571,0.250000,0.142857,0.321429,0.107143,1.250000,1.166667,1.142857,1.285714,1.000000
sub-0677b0ae,0.201681,0.184874,0.184874,0.168067,0.260504,1.600000,1.466667,1.692308,2.000000,1.937500
sub-074c7ae0,0.271845,0.194175,0.291262,0.155340,0.087379,1.866667,1.428571,1.578947,1.333333,1.000000
sub-075ba38c,0.172414,0.275862,0.155172,0.172414,0.224138,1.666667,2.000000,1.285714,1.333333,1.529412
sub-078d0115,0.284553,0.219512,0.235772,0.081301,0.178862,2.058824,1.928571,1.933333,1.428571,1.833333
sub-079ad0b1,0.264000,0.192000,0.216000,0.224000,0.104000,2.538462,1.714286,1.687500,1.866667,1.083333
sub-08bdadc8,0.258333,0.166667,0.166667,0.275000,0.133333,1.937500,1.428571,1.666667,2.062500,1.454545
sub-08d4a49b,0.253968,0.126984,0.301587,0.126984,0.190476,1.230769,1.000000,1.583333,1.142857,1.333333
sub-08fc6819,0.216000,0.240000,0.200000,0.248000,0.096000,1.687500,2.000000,1.562500,1.937500,1.500000
sub-09378b74,0.339450,0.137615,0.229358,0.128440,0.165138,2.176471,1.666667,2.083333,1.400000,1.384615
sub-09927d73,0.129870,0.350649,0.103896,0.350649,0.064935,1.111111,1.687500,1.142857,1.500000,1.000000
sub-09ff79ff,0.107143,0.267857,0.151786,0.232143,0.241071,1.200000,2.142857,1.545455,1.625000,2.076923
sub-0a249e33,0.318182,0.172727,0.281818,0.127273,0.100000,2.058824,1.727273,1.937500,1.400000,1.222222
sub-0aa36d72,0.141593,0.327434,0.079646,0.318584,0.132743,1.454545,1.947368,1.125000,2.117647,1.500000
sub-0ab8eedd,0.239316,0.179487,0.230769,0.196581,0.153846,2.000000,1.750000,1.928571,2.090909,1.636364
sub-0abfcc01,0.352381,0.085714,0.304762,0.161905,0.095238,2.055556,1.285714,1.684211,1.214286,1.250000
sub-0b35d330,0.222222,0.282051,0.162393,0.188034,0.145299,1.857143,2.062500,1.461538,1.692308,1.214286
sub-0bb849b5,0.333333,0.105691,0.317073,0.130081,0.113821,2.157895,1.000000,2.600000,1.230769,1.166667
sub-0bd59c4e,0.346154,0.076923,0.346154,0.038462,0.192308,1.200000,1.000000,1.200000,1.000000,1.000000
sub-0be9a317,0.113208,0.349057,0.132075,0.094340,0.311321,1.200000,2.312500,1.166667,1.428571,1.736842
sub-0bea5471,0.192308,0.166667,0.153846,0.256410,0.230769,1.363636,1.300000,1.333333,1.333333,1.285714
sub-0c41aed6,0.226190,0.202381,0.273810,0.130952,0.166667,1.727273,1.700000,1.642857,1.100000,1.166667
sub-0c6dd44d,0.233333,0.244444,0.222222,0.222222,0.077778,1.500000,1.375000,1.538462,1.818182,1.166667
sub-0cc78551,0.207317,0.195122,0.134146,0.219512,0.243902,1.307692,1.333333,1.222222,1.800000,1.428571
sub-0d109f78,0.135593,0.288136,0.127119,0.305085,0.144068,1.454545,2.428571,1.250000,1.565217,1.545455
sub-0d4055a4,0.295082,0.081967,0.286885,0.139344,0.196721,2.400000,1.250000,2.058824,1.545455,1.411765
sub-0dd04d8d,0.154762,0.261905,0.083333,0.333333,0.166667,1.300000,1.375000,1.166667,1.750000,1.400000
sub-0e0b5c03,0.200000,0.253333,0.186667,0.213333,0.146667,1.363636,1.461538,1.400000,1.230769,1.222222
sub-0ea01690,0.125000,0.276786,0.169643,0.321429,0.107143,1.272727,1.937500,1.583333,2.000000,1.200000
sub-0ef9a840,0.121739,0.304348,0.200000,0.217391,0.156522,1.400000,2.058824,1.352941,1.923077,1.636364
sub-0f6654ce,0.292683,0.121951,0.276423,0.130081,0.178862,2.250000,1.363636,2.000000,1.454545,1.466667
sub-0feed494,0.081967,0.311475,0.098361,0.327869,0.180328,1.000000,1.266667,1.500000,1.428571,1.100000
sub-0ffb32d2,0.308333,0.183333,0.291667,0.133333,0.083333,1.850000,1.571429,1.944444,1.333333,1.428571
sub-1000f047,0.296610,0.177966,0.271186,0.135593,0.118644,2.692308,1.615385,1.882353,1.454545,1.400000
sub-11094134,0.131148,0.254098,0.155738,0.163934,0.295082,1.230769,1.631579,1.461538,1.666667,2.000000
sub-1112d9df,0.151515,0.070707,0.151515,0.232323,0.393939,1.250000,1.166667,1.250000,1.533333,2.437500
sub-1127e943,0.171875,0.359375,0.046875,0.390625,0.031250,1.000000,1.437500,1.000000,1.470588,1.000000
sub-1208c421,0.244444,0.222222,0.288889,0.177778,0.066667,1.000000,1.111111,1.083333,1.142857,1.000000
sub-13060080,0.259259,0.185185,0.222222,0.203704,0.129630,1.272727,1.111111,1.333333,1.100000,1.000000
sub-143c05b0,0.317073,0.138211,0.300813,0.138211,0.105691,2.294118,1.307692,2.055556,1.545455,1.625000
sub-14921d16,0.160000,0.232000,0.200000,0.208000,0.200000,1.666667,1.933333,1.923077,1.857143,1.785714
sub-156dd92b,0.186992,0.203252,0.170732,0.268293,0.170732,1.642857,1.666667,1.615385,1.736842,1.500000
sub-15a45610,0.206612,0.214876,0.214876,0.132231,0.231405,2.083333,2.000000,1.857143,1.600000,1.866667
sub-15bf4c30,0.196721,0.196721,0.254098,0.213115,0.139344,1.846154,1.500000,1.631579,1.625000,1.700000
sub-15f5f4a4,0.153061,0.255102,0.183673,0.173469,0.234694,1.666667,1.388889,1.500000,1.545455,1.533333
sub-16f7c767,0.225000,0.225000,0.233333,0.183333,0.133333,1.588235,1.687500,1.555556,1.466667,1.600000
sub-1722f709,0.263736,0.219780,0.153846,0.098901,0.263736,1.411765,1.538462,1.272727,1.125000,1.500000
sub-1757dc19,0.262626,0.171717,0.212121,0.171717,0.181818,1.444444,1.133333,1.500000,1.545455,1.384615
sub-175f0243,0.173469,0.193878,0.295918,0.071429,0.265306,1.416667,1.583333,1.705882,1.166667,1.733333
sub-18345449,0.125000,0.303571,0.089286,0.267857,0.214286,1.000000,1.307692,1.000000,1.071429,1.200000
sub-185510a2,0.264957,0.153846,0.282051,0.162393,0.136752,2.214286,1.500000,2.357143,1.727273,1.333333
sub-18843b7b,0.315217,0.152174,0.326087,0.152174,0.054348,1.705882,1.400000,1.764706,1.272727,1.250000
sub-18dcd71e,0.248000,0.176000,0.272000,0.168000,0.136000,1.937500,1.692308,2.125000,1.909091,1.307692
sub-1a0dd2e0,0.254717,0.207547,0.179245,0.226415,0.132075,1.687500,1.571429,1.583333,1.500000,1.400000
sub-1a7ffbab,0.153226,0.258065,0.193548,0.298387,0.096774,1.357143,2.133333,2.000000,2.176471,1.090909
sub-1baacce3,0.315789,0.144737,0.236842,0.171053,0.131579,1.714286,1.375000,1.636364,1.300000,1.111111
sub-1bcbb6c2,0.257143,0.185714,0.242857,0.171429,0.142857,1.636364,1.300000,1.307692,1.200000,1.000000
sub-1bd6ef0e,0.113821,0.227642,0.146341,0.252033,0.260163,1.166667,1.555556,1.285714,1.823529,2.461538
sub-1c9dca29,0.292683,0.186992,0.252033,0.186992,0.081301,1.894737,1.437500,2.066667,1.769231,1.111111
sub-1cab9f59,0.194690,0.221239,0.194690,0.238938,0.150442,1.466667,1.562500,1.833333,1.687500,1.545455
sub-1cae716e,0.214286,0.214286,0.183673,0.265306,0.122449,1.500000,1.500000,1.384615,1.733333,1.500000
sub-1cb849c3,0.308511,0.148936,0.191489,0.180851,0.170213,1.380952,1.272727,1.384615,1.416667,1.230769
sub-1ce73965,0.077670,0.398058,0.116505,0.310680,0.097087,1.142857,2.277778,1.500000,1.523810,1.111111
sub-1d0cc3f0,0.375000,0.102273,0.386364,0.056818,0.079545,2.538462,1.125000,2.833333,1.000000,1.166667
sub-1e7394f2,0.103448,0.327586,0.155172,0.267241,0.146552,1.333333,2.111111,1.636364,1.823529,1.700000
sub-1e7b5201,0.170213,0.255319,0.138298,0.276596,0.159574,1.230769,1.600000,1.444444,1.529412,1.500000
sub-1e805bd2,0.292683,0.113821,0.276423,0.121951,0.195122,2.250000,1.555556,2.125000,1.666667,2.000000
sub-1e8256cb,0.292308,0.046154,0.415385,0.061538,0.184615,1.357143,1.000000,1.687500,1.000000,1.090909
sub-1f00664b,0.233333,0.200000,0.216667,0.266667,0.083333,1.272727,1.090909,1.300000,1.600000,1.250000
sub-1f35e406,0.317073,0.170732,0.219512,0.048780,0.243902,1.083333,1.166667,1.000000,1.000000,1.000000
sub-1f45c28e,0.215909,0.170455,0.284091,0.136364,0.193182,1.266667,1.153846,1.666667,1.200000,1.545455
sub-1f989207,0.260163,0.162602,0.186992,0.195122,0.195122,1.882353,1.428571,1.642857,1.714286,1.846154
sub-1fb22c1e,0.207207,0.171171,0.252252,0.189189,0.180180,1.437500,1.357143,1.647059,1.750000,1.666667
sub-1fe27156,0.175824,0.263736,0.142857,0.274725,0.142857,1.454545,1.600000,1.300000,1.666667,1.625000
sub-1fe834f0,0.255319,0.244681,0.191489,0.191489,0.117021,1.500000,1.642857,1.285714,1.384615,1.100000
sub-1fead018,0.184874,0.226891,0.226891,0.252101,0.109244,1.571429,1.928571,1.588235,1.666667,1.181818
sub-200785b5,0.246377,0.260870,0.188406,0.260870,0.043478,1.700000,1.500000,1.444444,1.285714,1.000000
sub-2016203f,0.200000,0.271429,0.028571,0.100000,0.400000,1.400000,1.583333,1.000000,1.000000,2.153846
sub-20a17075,0.344000,0.152000,0.232000,0.080000,0.192000,2.388889,1.357143,1.933333,1.111111,2.000000
sub-20a2b1b4,0.240000,0.248000,0.200000,0.264000,0.048000,2.142857,1.823529,1.666667,1.941176,1.000000
sub-20b7485e,0.379032,0.072581,0.266129,0.080645,0.201613,2.611111,1.285714,1.941176,1.111111,1.923077
sub-20d43624,0.203252,0.219512,0.138211,0.276423,0.162602,1.470588,1.588235,1.545455,1.789474,1.538462
sub-20e346fc,0.095652,0.330435,0.156522,0.217391,0.200000,1.375000,1.900000,1.636364,1.923077,1.642857
sub-20ee3cab,0.272727,0.212121,0.222222,0.191919,0.101010,1.500000,1.235294,1.466667,1.461538,1.111111
sub-213f175e,0.267857,0.160714,0.142857,0.178571,0.250000,1.250000,1.000000,1.333333,1.000000,1.400000
sub-21465080,0.329670,0.175824,0.208791,0.131868,0.153846,2.000000,1.454545,1.461538,1.333333,1.272727
sub-21bdd5ba,0.258621,0.275862,0.155172,0.120690,0.189655,1.153846,1.066667,1.125000,1.000000,1.571429
sub-22622dde,0.203704,0.250000,0.185185,0.157407,0.203704,1.692308,1.800000,1.666667,1.416667,1.571429
sub-22c762ef,0.216000,0.176000,0.160000,0.152000,0.296000,1.687500,1.571429,1.818182,1.461538,2.312500
sub-23826a62,0.211382,0.178862,0.268293,0.186992,0.154472,1.529412,1.692308,1.833333,1.642857,1.727273
sub-23ae845f,0.206612,0.148760,0.198347,0.206612,0.239669,1.785714,1.800000,1.714286,1.923077,1.812500
sub-24458446,0.227273,0.181818,0.215909,0.181818,0.193182,1.250000,1.454545,1.461538,1.454545,1.214286
sub-24995e17,0.265487,0.212389,0.230088,0.159292,0.132743,2.000000,1.846154,1.857143,1.636364,1.363636
sub-24a7c6ca,0.235294,0.078431,0.176471,0.176471,0.333333,1.090909,1.000000,1.125000,1.000000,1.214286
sub-24c13105,0.232000,0.152000,0.256000,0.192000,0.168000,1.812500,2.111111,2.133333,2.181818,1.909091
sub-24ed9807,0.258065,0.145161,0.185484,0.161290,0.250000,2.285714,1.500000,1.916667,1.538462,1.937500
sub-257bbec9,0.161290,0.298387,0.193548,0.209677,0.137097,1.818182,2.176471,1.846154,1.857143,1.416667
sub-270cd2b7,0.200000,0.236364,0.200000,0.127273,0.236364,1.222222,1.300000,1.100000,1.400000,1.181818
sub-27aeb32c,0.212500,0.237500,0.175000,0.100000,0.275000,1.545455,1.266667,1.400000,1.000000,1.375000
sub-27e590b8,0.194805,0.285714,0.116883,0.285714,0.116883,1.153846,1.375000,1.285714,1.571429,1.125000
sub-28a0fdd3,0.105263,0.368421,0.140351,0.315789,0.070175,1.500000,2.625000,1.454545,2.571429,1.600000
sub-28c7360d,0.225000,0.258333,0.133333,0.183333,0.200000,1.687500,1.631579,1.600000,1.466667,1.600000
sub-29454e82,0.348485,0.090909,0.287879,0.075758,0.196970,1.437500,1.000000,1.117647,1.000000,1.181818
sub-2954dc06,0.287671,0.150685,0.260274,0.205479,0.095890,1.312500,1.222222,1.583333,1.153846,1.166667
sub-29855626,0.353982,0.061947,0.380531,0.079646,0.123894,2.222222,1.166667,2.529412,1.285714,1.272727
sub-29cb7cfb,0.422222,0.044444,0.400000,0.022222,0.111111,1.461538,1.000000,1.200000,1.000000,1.000000
sub-2a1d84ce,0.092593,0.351852,0.203704,0.296296,0.055556,1.250000,1.357143,1.375000,1.142857,1.000000
sub-2a6b2e84,0.160920,0.183908,0.183908,0.218391,0.252874,1.272727,1.600000,1.454545,1.583333,1.833333
sub-2a9aa446,0.316327,0.224490,0.275510,0.153061,0.030612,1.823529,1.294118,1.500000,1.250000,1.000000
sub-2b2dc874,0.189474,0.189474,0.052632,0.263158,0.305263,1.500000,1.384615,1.000000,1.562500,1.812500
sub-2b4ee1eb,0.200000,0.208000,0.208000,0.224000,0.160000,1.470588,1.733333,1.733333,1.555556,1.333333
sub-2b90d30e,0.275862,0.172414,0.189655,0.172414,0.189655,1.230769,1.000000,1.222222,1.000000,1.100000
sub-2bad3f29,0.235294,0.191176,0.279412,0.176471,0.117647,1.066667,1.181818,1.266667,1.090909,1.142857
sub-2bee75ef,0.243243,0.243243,0.270270,0.171171,0.072072,1.687500,1.350000,2.307692,1.900000,1.142857
sub-2ca8e629,0.192000,0.192000,0.248000,0.232000,0.136000,1.600000,1.263158,1.550000,1.933333,1.307692
sub-2cfd2032,0.163043,0.260870,0.130435,0.217391,0.228261,1.363636,2.000000,1.333333,1.666667,1.500000
sub-2d70f07a,0.353659,0.097561,0.280488,0.085366,0.182927,1.705882,1.142857,1.437500,1.166667,1.153846
sub-2e02a615,0.188525,0.188525,0.172131,0.286885,0.163934,1.642857,1.769231,1.312500,1.944444,1.818182
sub-2e2c9089,0.240000,0.208000,0.192000,0.232000,0.128000,1.875000,2.000000,1.714286,2.230769,1.600000
sub-2e3e0575,0.289855,0.260870,0.246377,0.159420,0.043478,1.428571,1.285714,1.416667,1.222222,1.000000
sub-2ec9ef3f,0.163636,0.254545,0.181818,0.272727,0.127273,1.125000,1.166667,1.250000,1.500000,1.000000
sub-2eea391b,0.137500,0.287500,0.112500,0.287500,0.175000,1.222222,1.769231,1.125000,1.769231,1.166667
sub-2f67216f,0.195122,0.243902,0.170732,0.268293,0.121951,1.000000,1.000000,1.000000,1.000000,1.000000
sub-2ffd1498,0.312500,0.178571,0.214286,0.133929,0.160714,1.944444,1.538462,1.500000,1.363636,1.500000
sub-300f964c,0.195122,0.256098,0.170732,0.231707,0.146341,1.142857,1.500000,1.400000,1.461538,1.333333
sub-30a73542,0.154472,0.292683,0.146341,0.268293,0.138211,1.583333,2.400000,1.636364,1.833333,1.416667
sub-30ab196e,0.116667,0.283333,0.166667,0.266667,0.166667,1.272727,2.000000,1.428571,1.684211,1.428571
sub-3109bf1c,0.119403,0.298507,0.074627,0.283582,0.223881,1.142857,1.333333,1.000000,1.357143,1.071429
sub-31394e7a,0.219512,0.268293,0.073171,0.268293,0.170732,1.000000,1.000000,1.000000,1.100000,1.000000
sub-3177bea8,0.262295,0.204918,0.278689,0.180328,0.073770,1.777778,1.785714,2.000000,1.466667,1.500000
sub-317bb08e,0.401961,0.068627,0.392157,0.049020,0.088235,2.411765,1.400000,2.857143,1.000000,1.800000
sub-3199a8c6,0.214286,0.333333,0.142857,0.214286,0.095238,1.125000,1.272727,1.000000,1.000000,1.333333
sub-31c71fe5,0.126050,0.336134,0.117647,0.302521,0.117647,1.153846,2.352941,1.166667,2.571429,1.166667
sub-329ec5d1,0.243902,0.243902,0.195122,0.219512,0.097561,1.428571,1.428571,1.333333,1.384615,1.333333
sub-32ad6734,0.327731,0.117647,0.243697,0.016807,0.294118,2.052632,1.555556,1.705882,1.000000,2.187500
sub-32b0b746,0.224138,0.275862,0.206897,0.241379,0.051724,1.181818,1.454545,1.333333,1.272727,1.000000
sub-3319088e,0.107143,0.214286,0.190476,0.285714,0.202381,1.285714,2.000000,1.600000,1.714286,1.545455
sub-333c69b6,0.067416,0.370787,0.089888,0.348315,0.123596,1.000000,2.062500,1.142857,2.384615,1.375000
sub-3380a3f8,0.219298,0.210526,0.254386,0.210526,0.105263,1.923077,1.600000,2.071429,1.846154,1.200000
sub-33aa81b1,0.248000,0.176000,0.216000,0.184000,0.176000,1.550000,1.692308,1.800000,1.533333,2.000000
sub-33fad75a,0.272727,0.155844,0.259740,0.181818,0.129870,1.400000,1.500000,1.333333,1.166667,1.250000
sub-3405c96d,0.109244,0.302521,0.176471,0.260504,0.151261,1.625000,2.400000,1.615385,2.384615,1.800000
sub-34416bde,0.290000,0.140000,0.350000,0.070000,0.150000,1.812500,1.272727,2.187500,1.400000,1.363636
sub-34458bb9,0.169355,0.274194,0.209677,0.129032,0.217742,1.400000,1.789474,2.000000,1.777778,1.928571
sub-34539ef6,0.305785,0.115702,0.322314,0.115702,0.140496,2.055556,1.272727,2.785714,1.750000,1.888889
sub-34568da1,0.282609,0.119565,0.217391,0.163043,0.217391,1.529412,1.375000,1.333333,1.071429,1.538462
sub-34834c97,0.250000,0.113636,0.227273,0.000000,0.409091,1.100000,1.000000,1.111111,NaN,1.200000
sub-34b27343,0.302752,0.137615,0.321101,0.045872,0.192661,1.833333,1.250000,2.058824,1.000000,1.500000
sub-34eda375,0.333333,0.095238,0.323810,0.104762,0.142857,2.187500,1.250000,2.000000,1.375000,1.250000
sub-3513bb29,0.195122,0.109756,0.353659,0.146341,0.195122,1.230769,1.285714,2.071429,1.000000,1.142857
sub-351f5911,0.326923,0.153846,0.240385,0.144231,0.134615,2.125000,1.600000,1.923077,1.500000,1.272727
sub-353604a7,0.275362,0.144928,0.318841,0.159420,0.101449,1.266667,1.250000,1.571429,1.100000,1.000000
sub-3579c837,0.238636,0.215909,0.250000,0.215909,0.079545,1.909091,1.583333,1.375000,1.266667,1.400000
sub-363fef83,0.200000,0.241667,0.133333,0.225000,0.200000,2.000000,1.933333,1.454545,1.687500,1.714286
sub-364e27da,0.281690,0.154930,0.211268,0.154930,0.197183,1.333333,1.375000,1.250000,1.375000,1.272727
sub-36812311,0.274194,0.161290,0.282258,0.137097,0.145161,2.266667,1.818182,2.333333,1.416667,1.636364
sub-36e8c5ee,0.214876,0.280992,0.148760,0.239669,0.115702,1.529412,1.789474,1.636364,1.933333,1.272727
sub-372f7c97,0.217391,0.173913,0.130435,0.130435,0.347826,1.111111,1.142857,1.000000,1.000000,1.230769
sub-37370aac,0.084034,0.411765,0.067227,0.361345,0.075630,1.250000,2.722222,1.142857,2.388889,1.500000
sub-373f0ffd,0.308511,0.138298,0.340426,0.053191,0.159574,1.705882,1.444444,1.777778,1.000000,1.363636
sub-38428731,0.136364,0.236364,0.190909,0.100000,0.336364,1.875000,1.733333,1.615385,1.100000,2.176471
sub-390829f4,0.120000,0.380000,0.140000,0.200000,0.160000,1.200000,1.357143,1.000000,1.111111,1.142857
sub-3948081f,0.208000,0.232000,0.160000,0.080000,0.320000,1.529412,1.933333,1.333333,1.111111,2.500000
sub-395cc66e,0.254545,0.172727,0.218182,0.190909,0.163636,1.750000,1.461538,1.714286,1.500000,1.500000
sub-39df6d4d,0.202247,0.191011,0.191011,0.179775,0.235955,1.384615,1.545455,1.307692,1.454545,1.400000
sub-39e13aaf,0.158879,0.289720,0.140187,0.271028,0.140187,1.700000,2.066667,1.363636,1.705882,1.500000
sub-39ec2b3a,0.314516,0.129032,0.370968,0.120968,0.064516,2.294118,1.600000,2.875000,1.363636,1.142857
sub-3a64891e,0.239669,0.239669,0.165289,0.239669,0.115702,1.812500,2.071429,1.818182,2.071429,1.272727
sub-3ab13149,0.341667,0.108333,0.300000,0.125000,0.125000,2.277778,1.300000,2.250000,1.153846,1.363636
sub-3afc22be,0.228070,0.140351,0.271930,0.140351,0.219298,1.857143,1.454545,1.937500,1.230769,1.562500
sub-3b099e7c,0.339450,0.091743,0.394495,0.082569,0.091743,2.466667,1.250000,2.866667,1.125000,1.250000
sub-3b0bbcca,0.352941,0.137255,0.333333,0.098039,0.078431,2.250000,1.400000,1.888889,1.250000,1.000000
sub-3b897a16,0.285714,0.164835,0.285714,0.153846,0.109890,1.529412,1.666667,1.857143,1.166667,1.250000
sub-3bea84e7,0.173554,0.256198,0.115702,0.314050,0.140496,1.500000,1.823529,1.166667,1.809524,1.416667
sub-3c0c48f6,0.134021,0.329897,0.113402,0.195876,0.226804,1.300000,2.000000,1.222222,1.461538,1.692308
sub-3c412bbf,0.264000,0.200000,0.184000,0.208000,0.144000,1.833333,1.923077,2.090909,2.166667,1.500000
sub-3c46c07f,0.072000,0.352000,0.104000,0.400000,0.072000,1.125000,2.315789,1.083333,2.631579,1.285714
sub-3cc48bce,0.192308,0.278846,0.182692,0.317308,0.028846,1.538462,1.611111,1.266667,1.736842,1.000000
sub-3ccd2419,0.220588,0.250000,0.250000,0.220588,0.058824,1.363636,1.214286,1.133333,1.153846,1.000000
sub-3cdeee8a,0.194805,0.155844,0.220779,0.272727,0.155844,1.500000,1.200000,1.307692,1.500000,1.333333
sub-3d2a195e,0.278689,0.229508,0.213115,0.196721,0.081967,1.888889,1.866667,1.733333,1.714286,1.428571
sub-3dcc96bf,0.156863,0.274510,0.137255,0.186275,0.245098,1.333333,1.750000,1.400000,1.727273,1.785714
sub-3e8e8f70,0.256198,0.214876,0.247934,0.165289,0.115702,2.214286,1.733333,1.666667,1.333333,1.400000
sub-3ef55793,0.145833,0.322917,0.156250,0.156250,0.218750,1.400000,1.823529,1.363636,1.363636,1.615385
sub-3f20cb2f,0.096774,0.322581,0.053763,0.365591,0.161290,1.500000,1.666667,1.250000,2.000000,1.666667
sub-3f2c7881,0.089552,0.179104,0.238806,0.179104,0.313433,1.000000,1.200000,1.142857,1.333333,1.235294
sub-3f9845b7,0.233645,0.140187,0.252336,0.196262,0.177570,1.785714,1.500000,1.687500,1.750000,1.727273
sub-3fa321e5,0.185484,0.145161,0.225806,0.185484,0.258065,1.916667,1.636364,1.647059,1.642857,2.133333
sub-3fc89bdf,0.169492,0.237288,0.135593,0.322034,0.135593,1.250000,1.272727,1.000000,1.900000,1.333333
sub-3fdf00ec,0.336134,0.126050,0.361345,0.109244,0.067227,2.666667,1.250000,2.529412,1.444444,1.333333
sub-3fe4c8be,0.065574,0.360656,0.065574,0.393443,0.114754,1.000000,1.375000,1.000000,1.333333,1.166667
sub-3febaacb,0.218182,0.200000,0.136364,0.227273,0.218182,1.714286,1.571429,1.363636,1.470588,1.500000
sub-40480d87,0.151786,0.160714,0.276786,0.142857,0.267857,1.416667,1.384615,1.937500,1.600000,1.764706
sub-40a8af30,0.221311,0.139344,0.295082,0.081967,0.262295,1.687500,1.416667,2.117647,1.250000,2.133333
sub-40cd38aa,0.176000,0.240000,0.168000,0.240000,0.176000,1.571429,1.666667,1.500000,2.142857,1.466667
sub-4116e37f,0.211864,0.194915,0.271186,0.161017,0.161017,1.470588,1.533333,1.777778,2.111111,1.583333
sub-41837856,0.206612,0.231405,0.231405,0.165289,0.165289,1.562500,1.750000,1.555556,1.333333,1.333333
sub-41c65311,0.247934,0.165289,0.264463,0.165289,0.157025,1.666667,1.333333,1.882353,1.538462,1.461538
sub-41c80295,0.145455,0.290909,0.145455,0.381818,0.036364,1.333333,1.142857,1.000000,1.750000,1.000000
sub-41d5f210,0.037037,0.388889,0.166667,0.222222,0.185185,1.000000,1.400000,1.125000,1.333333,1.250000
sub-42313275,0.194690,0.247788,0.141593,0.292035,0.123894,1.692308,2.333333,1.454545,2.357143,1.400000
sub-424816de,0.169492,0.203390,0.237288,0.177966,0.211864,1.666667,1.600000,1.555556,1.500000,1.785714
sub-42be1b79,0.104839,0.330645,0.072581,0.338710,0.153226,1.300000,2.157895,1.125000,2.625000,1.583333
sub-42ff619b,0.161290,0.266129,0.161290,0.225806,0.185484,1.538462,2.200000,2.500000,2.000000,1.437500
sub-43223fee,0.307692,0.128205,0.324786,0.094017,0.145299,2.117647,1.363636,2.235294,1.375000,1.545455
sub-43687c63,0.173554,0.264463,0.181818,0.181818,0.198347,1.750000,1.882353,1.833333,1.571429,1.714286
sub-4377ba37,0.295775,0.169014,0.267606,0.056338,0.211268,1.750000,1.200000,1.357143,1.000000,1.363636
sub-43e6771c,0.294118,0.134454,0.193277,0.151261,0.226891,2.187500,1.333333,1.533333,1.500000,1.800000
sub-43fec3ba,0.213483,0.258427,0.191011,0.269663,0.067416,1.357143,1.352941,1.307692,1.600000,1.000000
sub-4507f914,0.240000,0.216000,0.200000,0.288000,0.056000,1.500000,1.588235,1.923077,2.769231,1.000000
sub-459d2f41,0.064815,0.250000,0.120370,0.333333,0.231481,1.400000,1.800000,1.444444,1.894737,1.666667
sub-459f502f,0.232877,0.273973,0.136986,0.205479,0.150685,1.214286,1.538462,1.250000,1.666667,1.222222
sub-45bcc689,0.160000,0.272000,0.192000,0.152000,0.224000,2.000000,1.700000,1.846154,1.727273,1.750000
sub-45c1d1f7,0.095652,0.313043,0.156522,0.365217,0.069565,1.222222,2.400000,1.200000,2.210526,1.600000
sub-45c73ddd,0.152542,0.220339,0.177966,0.177966,0.271186,1.636364,1.857143,1.400000,1.500000,1.600000
sub-45d3f841,0.218487,0.134454,0.252101,0.201681,0.193277,1.529412,1.333333,2.000000,1.500000,1.769231
sub-46dec161,0.170000,0.320000,0.140000,0.220000,0.150000,1.545455,2.285714,1.272727,1.466667,1.071429
sub-477fa3ad,0.298387,0.080645,0.379032,0.056452,0.185484,2.055556,1.250000,2.473684,1.750000,1.642857
sub-479ffa4f,0.188406,0.304348,0.144928,0.289855,0.072464,1.300000,1.750000,1.428571,1.428571,1.000000
sub-481c79cc,0.303279,0.188525,0.122951,0.098361,0.286885,2.055556,1.642857,1.153846,1.090909,2.058824
sub-48374184,0.128713,0.316832,0.178218,0.297030,0.079208,1.083333,1.684211,1.285714,1.666667,1.333333
sub-485dfbea,0.135135,0.337838,0.108108,0.162162,0.256757,1.111111,1.470588,1.142857,1.090909,1.266667
sub-485ec574,0.133333,0.241667,0.191667,0.216667,0.216667,1.454545,1.611111,2.300000,1.733333,2.000000
sub-486257c7,0.266055,0.211009,0.155963,0.137615,0.229358,2.071429,1.352941,1.545455,1.500000,1.785714
sub-48aef4b5,0.196581,0.247863,0.205128,0.256410,0.094017,2.090909,1.933333,2.000000,2.000000,1.375000
sub-48b8b0e4,0.336000,0.152000,0.328000,0.136000,0.048000,2.000000,1.461538,2.157895,1.214286,1.200000
sub-48deeaa7,0.250000,0.109375,0.203125,0.156250,0.281250,1.333333,1.400000,1.083333,1.111111,1.384615
sub-496a509f,0.264368,0.241379,0.172414,0.218391,0.103448,1.769231,1.909091,1.363636,1.357143,1.000000
sub-49efd909,0.133333,0.266667,0.266667,0.233333,0.100000,1.142857,1.600000,1.142857,1.272727,1.200000
sub-49f63af2,0.161290,0.215054,0.279570,0.150538,0.193548,1.250000,1.111111,1.444444,1.400000,1.500000
sub-4a3f09d6,0.344828,0.112069,0.379310,0.086207,0.077586,2.352941,1.444444,2.933333,1.111111,1.285714
sub-4ac4cb0a,0.250000,0.158333,0.216667,0.150000,0.225000,1.875000,1.357143,1.857143,1.384615,1.800000
sub-4ac8cb38,0.271930,0.149123,0.236842,0.192982,0.149123,2.066667,1.416667,1.928571,1.833333,1.214286
sub-4b1369b2,0.275000,0.150000,0.266667,0.166667,0.141667,2.062500,1.636364,1.882353,1.333333,1.416667
sub-4b356b3c,0.169492,0.355932,0.118644,0.271186,0.084746,1.250000,1.500000,1.000000,1.333333,1.250000
sub-4ba48d87,0.179245,0.311321,0.141509,0.301887,0.066038,1.357143,2.062500,1.363636,2.000000,1.400000
sub-4c422d32,0.171429,0.247619,0.228571,0.190476,0.161905,1.636364,1.857143,1.500000,1.538462,1.416667
sub-4cc4718f,0.418605,0.000000,0.395349,0.046512,0.139535,1.200000,NaN,1.214286,1.000000,1.000000
sub-4cff45db,0.110169,0.305085,0.059322,0.330508,0.194915,1.444444,2.000000,1.166667,2.052632,2.300000
sub-4d7b20c6,0.225806,0.306452,0.145161,0.282258,0.040323,1.647059,2.375000,1.384615,1.750000,1.000000
sub-4dc75872,0.136364,0.245455,0.109091,0.181818,0.327273,1.363636,1.588235,1.200000,1.666667,2.571429
sub-4ddbfa65,0.266667,0.183333,0.325000,0.166667,0.058333,2.666667,1.833333,2.785714,1.666667,1.000000
sub-4df0773d,0.192661,0.192661,0.174312,0.256881,0.183486,1.500000,1.615385,1.727273,1.750000,2.000000
sub-4e349387,0.185484,0.193548,0.169355,0.266129,0.185484,1.437500,1.600000,1.235294,2.200000,1.642857
sub-4e43f365,0.031250,0.453125,0.031250,0.437500,0.046875,1.000000,1.812500,1.000000,2.000000,1.000000
sub-4e658572,0.157895,0.289474,0.105263,0.289474,0.157895,1.384615,1.833333,1.714286,2.062500,1.285714
sub-4e6e7db0,0.144000,0.272000,0.144000,0.304000,0.136000,1.384615,1.789474,1.285714,2.235294,1.214286
sub-4e9d2d10,0.142857,0.336134,0.075630,0.319328,0.126050,1.307692,2.000000,1.125000,2.111111,1.250000
sub-4ea3be7a,0.178571,0.285714,0.178571,0.309524,0.047619,1.363636,1.600000,1.363636,1.733333,1.000000
sub-4ead75cf,0.168317,0.267327,0.168317,0.247525,0.148515,1.416667,2.076923,1.214286,1.666667,1.500000
sub-4eb75032,0.315217,0.141304,0.315217,0.097826,0.130435,1.450000,1.181818,1.933333,1.285714,1.200000
sub-4f49b1b4,0.217391,0.173913,0.295652,0.182609,0.130435,1.470588,1.428571,1.789474,1.500000,1.666667
sub-4f51173e,0.146667,0.293333,0.146667,0.280000,0.133333,1.000000,1.466667,1.222222,1.615385,1.428571
sub-4f5238cb,0.185484,0.225806,0.169355,0.298387,0.120968,1.533333,1.750000,1.909091,2.055556,1.363636
sub-4f52e463,0.263158,0.298246,0.210526,0.228070,0.000000,1.153846,1.307692,1.090909,1.300000,NaN
sub-4fc3e74e,0.112069,0.336207,0.172414,0.327586,0.051724,1.444444,2.294118,1.666667,2.375000,1.200000
sub-4fc5145f,0.240000,0.220000,0.300000,0.160000,0.080000,1.090909,1.100000,1.250000,1.142857,1.000000
sub-4fc822e3,0.325000,0.125000,0.283333,0.125000,0.141667,2.294118,1.250000,1.700000,1.363636,1.416667
sub-501a5ca8,0.179487,0.230769,0.119658,0.247863,0.222222,1.500000,1.800000,1.750000,2.071429,1.733333
sub-503252d4,0.109244,0.319328,0.092437,0.252101,0.226891,1.083333,2.375000,1.222222,1.764706,1.687500
sub-50537bb4,0.102564,0.145299,0.230769,0.153846,0.367521,1.200000,1.545455,1.687500,1.384615,2.687500
sub-50dcaf86,0.257732,0.206186,0.247423,0.144330,0.144330,1.315789,1.666667,1.714286,1.272727,1.272727
sub-512e75ea,0.191304,0.234783,0.191304,0.260870,0.121739,1.692308,1.588235,1.466667,2.142857,1.166667
sub-5176c157,0.279070,0.232558,0.279070,0.209302,0.000000,1.090909,1.000000,1.090909,1.125000,NaN
sub-51e8ab97,0.192982,0.201754,0.219298,0.236842,0.149123,1.571429,1.769231,1.666667,1.687500,1.133333
sub-5205b2fb,0.367816,0.091954,0.321839,0.057471,0.160920,1.882353,1.333333,2.000000,1.000000,1.400000
sub-525c3545,0.173913,0.228261,0.184783,0.173913,0.239130,1.230769,1.500000,1.416667,1.066667,1.375000
sub-529a0294,0.203390,0.271186,0.169492,0.237288,0.118644,2.181818,2.000000,1.428571,2.153846,1.750000
sub-52a829d7,0.213592,0.184466,0.242718,0.233010,0.126214,1.222222,1.583333,1.785714,1.846154,1.300000
sub-52aa46c0,0.323810,0.085714,0.323810,0.161905,0.104762,2.125000,1.500000,1.888889,1.133333,1.375000
sub-52bbae05,0.201754,0.157895,0.236842,0.157895,0.245614,1.642857,1.636364,1.800000,1.500000,1.866667
sub-52cd90b2,0.122449,0.408163,0.040816,0.285714,0.142857,1.000000,1.428571,1.000000,1.272727,1.000000
sub-53072377,0.144068,0.220339,0.228814,0.237288,0.169492,1.700000,1.625000,1.687500,1.647059,1.666667
sub-5346a1ba,0.087912,0.252747,0.087912,0.351648,0.219780,1.142857,1.437500,1.142857,2.285714,1.333333
sub-534f8709,0.214286,0.244898,0.204082,0.163265,0.173469,1.500000,1.411765,1.666667,1.454545,1.307692
sub-542ae25a,0.284314,0.215686,0.284314,0.176471,0.039216,1.812500,1.571429,1.812500,1.636364,1.000000
sub-5447d53e,0.118280,0.311828,0.053763,0.419355,0.096774,1.222222,1.526316,1.000000,2.294118,1.285714
sub-554535d0,0.276423,0.105691,0.333333,0.081301,0.203252,2.428571,1.857143,2.411765,1.111111,1.785714
sub-5568cf0b,0.221311,0.213115,0.196721,0.237705,0.131148,1.588235,1.444444,1.600000,1.380952,1.454545
sub-5575829d,0.246377,0.144928,0.289855,0.072464,0.246377,1.307692,1.666667,1.428571,1.000000,1.307692
sub-559c0e69,0.175258,0.206186,0.216495,0.195876,0.206186,1.214286,1.250000,1.500000,1.357143,1.333333
sub-563b43ed,0.142857,0.285714,0.176471,0.294118,0.100840,1.545455,2.266667,1.615385,2.500000,1.333333
sub-565f562c,0.295082,0.221311,0.204918,0.147541,0.131148,2.769231,1.800000,1.785714,1.636364,1.230769
sub-56c7496a,0.123077,0.307692,0.138462,0.338462,0.092308,1.142857,1.428571,1.125000,1.375000,1.000000
sub-56e0ac2b,0.219512,0.219512,0.243902,0.186992,0.130081,1.500000,1.800000,1.578947,1.533333,1.142857
sub-56fb32cf,0.271605,0.209877,0.209877,0.185185,0.123457,1.294118,1.307692,1.416667,1.250000,1.250000
sub-57636d13,0.177215,0.215190,0.151899,0.177215,0.278481,1.166667,1.214286,1.500000,1.272727,1.466667
sub-576cf5b1,0.214953,0.252336,0.168224,0.205607,0.158879,1.533333,2.076923,1.384615,1.833333,1.416667
sub-5785591b,0.292683,0.105691,0.243902,0.170732,0.186992,1.894737,1.300000,1.666667,1.312500,2.090909
sub-57c4e05a,0.178571,0.205357,0.267857,0.116071,0.232143,1.428571,1.642857,2.142857,1.300000,1.625000
sub-57c8968f,0.258333,0.075000,0.308333,0.083333,0.275000,1.937500,1.125000,1.761905,1.111111,1.833333
sub-583b83af,0.162393,0.299145,0.119658,0.324786,0.094017,1.357143,1.842105,1.166667,2.111111,1.222222
sub-585b8040,0.241667,0.133333,0.291667,0.158333,0.175000,1.812500,1.777778,2.333333,2.111111,2.100000
sub-588d313c,0.258621,0.155172,0.310345,0.103448,0.172414,1.153846,1.000000,1.200000,1.000000,1.000000
sub-58de2806,0.247863,0.188034,0.282051,0.153846,0.128205,1.812500,1.466667,1.941176,1.636364,1.666667
sub-596a32bf,0.166667,0.190476,0.119048,0.380952,0.142857,1.166667,1.000000,1.250000,1.230769,1.000000
sub-59d3b6ea,0.212121,0.171717,0.202020,0.262626,0.151515,1.615385,1.307692,1.818182,1.529412,1.500000
sub-5a17c30b,0.288136,0.186441,0.135593,0.220339,0.169492,2.000000,1.375000,1.454545,1.625000,1.428571
sub-5a1bf2c5,0.169492,0.254237,0.135593,0.254237,0.186441,1.111111,1.363636,1.142857,1.363636,1.222222
sub-5a2e3da1,0.151163,0.325581,0.162791,0.220930,0.139535,1.083333,1.750000,1.272727,1.187500,1.090909
sub-5a312fd5,0.128440,0.339450,0.146789,0.247706,0.137615,1.555556,1.850000,1.600000,1.588235,1.666667
sub-5ac87eeb,0.098361,0.286885,0.122951,0.295082,0.196721,1.333333,1.842105,1.666667,1.714286,1.600000
sub-5b32d62f,0.276786,0.214286,0.232143,0.169643,0.107143,2.066667,2.000000,1.857143,1.461538,1.333333
sub-5bf7016d,0.314050,0.082645,0.371901,0.115702,0.115702,2.235294,1.111111,2.500000,1.400000,1.272727
sub-5c5475c5,0.094828,0.310345,0.155172,0.336207,0.103448,1.222222,2.117647,1.636364,2.600000,1.200000
sub-5c99d342,0.200000,0.184000,0.232000,0.240000,0.144000,1.785714,1.916667,2.230769,2.307692,1.500000
sub-5ca5829f,0.308943,0.162602,0.243902,0.081301,0.203252,2.111111,1.818182,2.307692,1.250000,1.785714
sub-5cd51685,0.177215,0.291139,0.202532,0.278481,0.050633,1.166667,1.769231,1.454545,1.692308,1.000000
sub-5d1e130f,0.324786,0.136752,0.196581,0.111111,0.230769,2.375000,1.333333,1.769231,1.300000,1.800000
sub-5dd303b2,0.268293,0.130081,0.333333,0.065041,0.203252,1.941176,1.454545,2.411765,1.333333,1.785714
sub-5e1d9c42,0.208000,0.208000,0.232000,0.152000,0.200000,1.625000,1.857143,1.705882,1.266667,1.388889
sub-5e1f7ed3,0.296000,0.152000,0.272000,0.160000,0.120000,2.176471,1.461538,2.125000,1.428571,1.363636
sub-5e3c3afb,0.272000,0.168000,0.256000,0.192000,0.112000,2.000000,1.400000,1.777778,1.600000,1.272727
sub-5e51d572,0.127273,0.309091,0.090909,0.345455,0.127273,1.000000,1.214286,1.000000,1.266667,1.400000
sub-5e9dcb61,0.186992,0.195122,0.146341,0.178862,0.292683,1.916667,1.500000,1.384615,1.692308,2.571429
sub-5ef7c611,0.159091,0.204545,0.238636,0.136364,0.261364,1.166667,1.800000,1.615385,1.200000,1.769231
sub-5f032887,0.235294,0.156863,0.156863,0.137255,0.313725,1.200000,1.142857,1.142857,1.000000,1.333333
sub-5f0402f7,0.229508,0.188525,0.172131,0.155738,0.254098,2.000000,1.533333,1.500000,2.111111,2.214286
sub-5f1d259b,0.226891,0.226891,0.226891,0.210084,0.109244,1.928571,1.687500,1.588235,1.562500,1.300000
sub-60c87b50,0.189655,0.068966,0.327586,0.120690,0.293103,1.100000,1.000000,1.583333,1.166667,1.307692
sub-60e4dbc3,0.248000,0.176000,0.232000,0.160000,0.184000,1.823529,1.571429,2.071429,1.428571,1.769231
sub-6104407d,0.272000,0.160000,0.208000,0.168000,0.192000,1.700000,1.176471,1.733333,1.400000,1.333333
sub-6112bc46,0.176471,0.205882,0.235294,0.279412,0.102941,1.090909,1.272727,1.454545,1.583333,1.166667
sub-614b9e3e,0.378947,0.073684,0.305263,0.073684,0.168421,1.894737,1.166667,1.705882,1.166667,1.333333
sub-6155c1e5,0.321429,0.187500,0.258929,0.133929,0.098214,1.714286,1.235294,2.071429,1.153846,1.375000
sub-615d62df,0.148649,0.297297,0.216216,0.310811,0.027027,1.222222,1.692308,1.454545,1.437500,1.000000
sub-61d78bb2,0.040000,0.416000,0.048000,0.392000,0.104000,1.000000,2.600000,1.000000,3.062500,1.083333
sub-61eac6f3,0.333333,0.116667,0.275000,0.108333,0.166667,2.222222,1.272727,1.833333,1.444444,2.000000
sub-629c251b,0.330357,0.116071,0.303571,0.133929,0.116071,2.176471,1.300000,2.266667,1.250000,1.444444
sub-6308aaa8,0.115942,0.362319,0.144928,0.318841,0.057971,1.333333,1.923077,1.111111,1.692308,1.000000
sub-633e6b98,0.294118,0.196078,0.313725,0.156863,0.039216,1.153846,1.111111,1.230769,1.142857,1.000000
sub-63a7b87c,0.285714,0.134454,0.268908,0.210084,0.100840,1.789474,1.333333,2.285714,1.666667,1.500000
sub-64a3a945,0.393443,0.065574,0.393443,0.040984,0.106557,2.400000,1.333333,2.823529,1.000000,1.181818
sub-64fc196a,0.250000,0.277778,0.180556,0.236111,0.055556,1.384615,1.538462,1.300000,1.307692,1.000000
sub-65a6bc4c,0.266667,0.166667,0.316667,0.150000,0.100000,1.777778,1.538462,2.375000,1.384615,1.500000
sub-65ecc1be,0.254717,0.207547,0.245283,0.254717,0.037736,1.928571,1.692308,1.733333,1.687500,1.000000
sub-663ac8a2,0.245283,0.216981,0.075472,0.160377,0.301887,1.529412,1.769231,1.142857,1.700000,1.777778
sub-66512678,0.275000,0.250000,0.175000,0.250000,0.050000,1.100000,1.000000,1.000000,1.000000,1.000000
sub-66675fc2,0.315217,0.152174,0.206522,0.163043,0.163043,1.812500,1.272727,1.357143,1.250000,1.500000
sub-6677628c,0.171429,0.304762,0.209524,0.247619,0.066667,1.200000,2.461538,1.375000,1.625000,1.400000
sub-66c1d953,0.203540,0.238938,0.265487,0.115044,0.176991,1.642857,1.687500,1.500000,1.083333,1.428571
sub-66deda53,0.256098,0.207317,0.280488,0.182927,0.073171,1.312500,1.307692,1.437500,1.500000,1.000000
sub-67ae9678,0.273585,0.160377,0.273585,0.150943,0.141509,1.812500,1.888889,1.812500,1.600000,1.363636
sub-6823669d,0.116279,0.255814,0.255814,0.302326,0.069767,1.000000,1.222222,1.222222,1.181818,1.000000
sub-682e92c6,0.188406,0.275362,0.173913,0.275362,0.086957,1.300000,1.461538,1.090909,1.461538,1.200000
sub-683beff3,0.166667,0.111111,0.240741,0.203704,0.277778,1.285714,1.000000,1.083333,1.222222,1.071429
sub-685b7d1e,0.246575,0.123288,0.273973,0.178082,0.178082,1.384615,1.000000,1.111111,1.300000,1.444444
sub-68dd5689,0.223404,0.202128,0.202128,0.159574,0.212766,1.500000,1.900000,1.583333,1.666667,1.428571
sub-6915f78a,0.130435,0.289855,0.144928,0.246377,0.188406,1.000000,1.176471,1.111111,1.416667,1.181818
sub-691a4577,0.183486,0.183486,0.174312,0.146789,0.311927,1.538462,2.000000,1.583333,1.454545,2.266667
sub-692b19b9,0.173913,0.260870,0.144928,0.202899,0.217391,1.090909,1.384615,1.111111,1.400000,1.153846
sub-6944d2a3,0.294118,0.117647,0.317647,0.129412,0.141176,2.083333,1.250000,1.687500,1.222222,1.200000
sub-69480fce,0.191489,0.212766,0.212766,0.234043,0.148936,1.384615,1.538462,1.538462,1.375000,1.166667
sub-6af6e0f1,0.165217,0.252174,0.156522,0.226087,0.200000,1.583333,1.933333,1.500000,2.166667,1.642857
sub-6b6b9836,0.215517,0.224138,0.250000,0.215517,0.094828,1.666667,1.529412,1.526316,1.666667,1.000000
sub-6b6e11f5,0.159091,0.227273,0.250000,0.159091,0.204545,1.272727,1.428571,1.466667,1.400000,1.800000
sub-6b998730,0.206897,0.250000,0.258621,0.181034,0.103448,1.600000,1.611111,1.764706,1.400000,1.090909
sub-6bc464da,0.177966,0.237288,0.177966,0.228814,0.177966,1.909091,1.866667,1.500000,1.687500,1.500000
sub-6bd517ea,0.138614,0.356436,0.108911,0.287129,0.108911,1.555556,1.894737,1.222222,1.933333,1.222222
sub-6bd58939,0.228070,0.201754,0.175439,0.210526,0.184211,1.857143,1.437500,1.538462,1.846154,1.750000
sub-6bdfd645,0.300000,0.141667,0.325000,0.116667,0.116667,1.800000,1.214286,1.950000,1.272727,1.272727
sub-6c6a1f71,0.065574,0.278689,0.081967,0.393443,0.180328,1.000000,1.214286,1.000000,1.500000,1.375000
sub-6c813377,0.142857,0.234694,0.081633,0.234694,0.306122,1.166667,1.642857,1.142857,1.533333,1.875000
sub-6c86dde0,0.278846,0.221154,0.221154,0.230769,0.048077,1.812500,1.916667,1.533333,1.846154,1.000000
sub-6ce2c563,0.241935,0.193548,0.185484,0.209677,0.169355,1.666667,1.500000,1.437500,1.444444,1.615385
sub-6ce2fd06,0.099010,0.316832,0.168317,0.267327,0.148515,1.428571,1.882353,1.545455,1.687500,1.363636
sub-6cee4e1a,0.269663,0.224719,0.168539,0.089888,0.247191,1.600000,1.538462,1.666667,1.000000,1.466667
sub-6cffa7ab,0.033613,0.369748,0.092437,0.470588,0.033613,1.000000,2.588235,1.222222,3.111111,1.000000
sub-6d1c00b7,0.226891,0.201681,0.210084,0.159664,0.201681,1.800000,1.846154,1.923077,1.900000,1.846154
sub-6d36bb8b,0.264151,0.188679,0.226415,0.207547,0.113208,1.555556,1.250000,1.333333,1.571429,1.000000
sub-6d602a07,0.198347,0.239669,0.247934,0.198347,0.115702,1.846154,1.933333,1.764706,1.846154,1.555556
sub-6d6b950c,0.144068,0.254237,0.161017,0.203390,0.237288,1.307692,1.875000,1.266667,1.846154,2.000000
sub-6d76b349,0.129630,0.333333,0.111111,0.277778,0.148148,1.000000,1.285714,1.000000,1.153846,1.000000
sub-6db06aa3,0.372881,0.050847,0.313559,0.093220,0.169492,2.200000,1.000000,2.055556,1.375000,1.428571
sub-6ddb196d,0.219298,0.192982,0.157895,0.157895,0.271930,1.785714,1.833333,3.000000,1.500000,1.937500
sub-6de5446e,0.090909,0.236364,0.100000,0.336364,0.236364,1.428571,1.857143,1.222222,2.176471,2.166667
sub-6e5fa079,0.228916,0.204819,0.301205,0.192771,0.072289,1.461538,1.307692,1.785714,1.333333,1.200000
sub-6e7b5c24,0.177778,0.333333,0.155556,0.288889,0.044444,1.333333,2.000000,1.272727,1.733333,1.000000
sub-6fb0f8d7,0.304348,0.191304,0.252174,0.095652,0.156522,2.058824,1.571429,1.812500,1.222222,1.800000
sub-6fb39ec0,0.227642,0.146341,0.308943,0.097561,0.219512,2.153846,1.800000,2.111111,1.500000,2.076923
sub-70d49e3d,0.191919,0.232323,0.212121,0.181818,0.181818,1.266667,1.533333,1.312500,1.384615,1.384615
sub-716525e1,0.290000,0.150000,0.300000,0.180000,0.080000,1.812500,1.363636,2.000000,1.125000,1.142857
sub-71b4b2c4,0.159292,0.230088,0.238938,0.212389,0.159292,1.800000,1.733333,1.800000,1.411765,1.500000
sub-726c5c90,0.237705,0.204918,0.204918,0.254098,0.098361,1.526316,1.562500,1.785714,2.066667,1.200000
sub-72783f7b,0.192982,0.298246,0.122807,0.298246,0.087719,1.692308,2.266667,1.272727,1.789474,1.428571
sub-72a38adb,0.134328,0.283582,0.074627,0.238806,0.268657,1.125000,1.187500,1.000000,1.230769,1.636364
sub-730420ef,0.342593,0.148148,0.351852,0.092593,0.064815,2.055556,1.454545,1.900000,1.250000,1.000000
sub-7313c72c,0.266129,0.161290,0.217742,0.129032,0.225806,2.062500,1.666667,1.588235,1.454545,1.866667
sub-733cb8fe,0.341667,0.116667,0.300000,0.091667,0.150000,2.277778,1.400000,2.117647,1.222222,1.384615
sub-737f0fee,0.197917,0.291667,0.166667,0.312500,0.031250,1.461538,1.647059,1.333333,1.764706,1.000000
sub-73c6811b,0.078947,0.328947,0.092105,0.447368,0.052632,1.200000,1.785714,1.400000,2.428571,1.000000
sub-745f0879,0.322581,0.145161,0.338710,0.080645,0.112903,1.333333,1.000000,1.312500,1.000000,1.000000
sub-75251924,0.141026,0.333333,0.153846,0.320513,0.051282,1.222222,1.733333,1.200000,1.470588,1.333333
sub-752a59c6,0.158537,0.243902,0.195122,0.268293,0.134146,1.444444,1.666667,1.600000,1.571429,1.375000
sub-756d664c,0.121495,0.280374,0.074766,0.317757,0.205607,1.300000,2.142857,1.142857,2.125000,1.833333
sub-75b501f4,0.230000,0.230000,0.240000,0.180000,0.120000,1.769231,1.437500,1.600000,1.285714,1.333333
sub-75bb5553,0.184000,0.296000,0.168000,0.272000,0.080000,1.916667,2.466667,1.615385,1.888889,1.250000
sub-76e13175,0.053097,0.300885,0.150442,0.292035,0.203540,1.200000,1.700000,1.307692,2.200000,1.437500
sub-7747c61c,0.287234,0.191489,0.212766,0.202128,0.106383,1.800000,1.500000,1.818182,1.727273,1.428571
sub-7757fd50,0.157143,0.428571,0.071429,0.328571,0.014286,1.222222,1.666667,1.000000,1.769231,1.000000
sub-77c583ae,0.175824,0.296703,0.109890,0.230769,0.186813,1.777778,1.800000,1.250000,1.750000,1.307692
sub-77cb3435,0.097087,0.320388,0.135922,0.116505,0.330097,1.111111,1.736842,1.166667,1.090909,2.000000
sub-7814effe,0.155340,0.203883,0.233010,0.252427,0.155340,1.333333,1.500000,1.600000,2.000000,1.333333
sub-78ebedd2,0.211382,0.227642,0.243902,0.252033,0.065041,1.529412,1.866667,1.875000,1.823529,1.142857
sub-793cb691,0.155172,0.327586,0.189655,0.293103,0.034483,1.636364,2.235294,1.375000,2.000000,1.000000
sub-7954d561,0.052632,0.333333,0.175439,0.280702,0.157895,1.000000,1.187500,1.111111,1.142857,1.000000
sub-7a1418be,0.073394,0.422018,0.045872,0.293578,0.165138,1.142857,2.555556,1.000000,2.000000,1.500000
sub-7a9bd64f,0.206612,0.256198,0.165289,0.280992,0.090909,1.923077,2.384615,1.666667,2.266667,1.222222
sub-7adaf0db,0.208000,0.208000,0.224000,0.168000,0.192000,1.625000,1.733333,2.000000,1.500000,3.000000
sub-7aee16bc,0.169355,0.298387,0.056452,0.266129,0.209677,1.909091,2.466667,1.166667,2.200000,2.363636
sub-7b18b386,0.386667,0.120000,0.360000,0.066667,0.066667,2.071429,1.125000,1.588235,1.000000,1.000000
sub-7b21550b,0.247525,0.188119,0.277228,0.089109,0.198020,1.562500,1.461538,1.866667,1.125000,1.538462
sub-7bb3c4d7,0.225806,0.225806,0.266129,0.169355,0.112903,1.866667,1.555556,1.941176,1.500000,1.166667
sub-7c447b7f,0.179245,0.283019,0.207547,0.283019,0.047170,1.357143,1.764706,1.571429,2.000000,1.000000
sub-7c89df60,0.267442,0.174419,0.267442,0.139535,0.151163,1.769231,1.250000,1.533333,1.200000,1.181818
sub-7cc7ef7f,0.329412,0.105882,0.329412,0.058824,0.176471,1.750000,1.285714,2.000000,1.250000,1.500000
sub-7cd8552d,0.265060,0.240964,0.228916,0.144578,0.120482,1.294118,1.666667,1.461538,1.500000,1.250000
sub-7d1a4a50,0.345679,0.098765,0.308642,0.111111,0.135802,1.555556,1.142857,1.666667,1.285714,1.100000
sub-7d1efb79,0.330435,0.095652,0.356522,0.113043,0.104348,2.235294,1.375000,2.411765,1.300000,1.714286
sub-7d9b9cd6,0.293103,0.086207,0.215517,0.137931,0.267241,2.125000,1.428571,1.923077,1.777778,1.937500
sub-7e17b2e0,0.162162,0.189189,0.198198,0.270270,0.180180,1.200000,1.312500,1.833333,1.578947,1.428571
sub-7e6092e9,0.321429,0.035714,0.267857,0.142857,0.232143,1.285714,1.000000,1.250000,1.142857,1.000000
sub-7eea71d8,0.328000,0.096000,0.232000,0.128000,0.216000,1.952381,1.500000,1.812500,1.600000,1.588235
sub-7f1a99a8,0.250000,0.238095,0.226190,0.190476,0.095238,1.400000,1.250000,1.461538,1.454545,1.142857
sub-7f3a85eb,0.221311,0.196721,0.262295,0.122951,0.196721,1.800000,1.600000,2.133333,1.500000,1.846154
sub-7f94c42b,0.174757,0.291262,0.233010,0.223301,0.077670,1.636364,1.764706,1.500000,1.769231,1.142857
sub-7fee8697,0.181818,0.282828,0.151515,0.323232,0.060606,1.636364,1.750000,1.363636,1.882353,1.000000
sub-8012fd9b,0.230769,0.269231,0.230769,0.128205,0.141026,1.285714,1.500000,1.285714,1.111111,1.571429
sub-8044a762,0.177778,0.377778,0.044444,0.266667,0.133333,1.142857,1.416667,1.000000,1.090909,1.000000
sub-8085a954,0.189189,0.270270,0.171171,0.243243,0.126126,1.400000,1.875000,1.357143,1.928571,1.400000
sub-80894abd,0.187500,0.276786,0.125000,0.187500,0.223214,1.500000,1.823529,1.272727,1.166667,1.470588
sub-810edeef,0.194444,0.157407,0.268519,0.120370,0.259259,1.750000,1.133333,1.611111,1.181818,1.866667
sub-818c4a36,0.166667,0.271930,0.210526,0.228070,0.122807,1.461538,1.476190,1.411765,2.000000,1.166667
sub-81d23338,0.257732,0.195876,0.216495,0.134021,0.195876,1.785714,1.583333,1.750000,1.625000,1.900000
sub-82746982,0.373984,0.121951,0.317073,0.146341,0.040650,2.421053,1.250000,2.294118,1.500000,1.000000
sub-82825229,0.168000,0.216000,0.088000,0.224000,0.304000,1.750000,1.687500,1.100000,2.000000,2.111111
sub-829d3b5f,0.264368,0.137931,0.264368,0.218391,0.114943,1.352941,1.090909,2.090909,1.357143,1.111111
sub-83080cc6,0.168539,0.280899,0.179775,0.146067,0.224719,1.363636,1.785714,1.454545,1.083333,1.333333
sub-83285a20,0.062500,0.410714,0.080357,0.357143,0.089286,1.166667,2.421053,1.285714,2.500000,1.111111
sub-83586c4d,0.111111,0.222222,0.092593,0.314815,0.259259,1.500000,1.846154,1.428571,1.888889,1.647059
sub-83ae2faf,0.296875,0.171875,0.281250,0.015625,0.234375,1.583333,1.100000,1.384615,1.000000,1.363636
sub-83db705c,0.068376,0.393162,0.059829,0.384615,0.094017,1.142857,2.705882,1.166667,3.000000,1.375000
sub-83fee1a8,0.194175,0.291262,0.165049,0.233010,0.116505,1.538462,2.142857,1.545455,1.714286,1.333333
sub-8411712f,0.266667,0.191667,0.266667,0.141667,0.133333,1.882353,1.769231,1.882353,1.416667,1.454545
sub-8428de6b,0.272727,0.181818,0.327273,0.163636,0.054545,1.153846,1.250000,1.636364,1.000000,1.000000
sub-84691a8d,0.211765,0.176471,0.200000,0.270588,0.141176,1.500000,1.363636,1.416667,1.533333,1.500000
sub-850c9540,0.177215,0.253165,0.253165,0.113924,0.202532,1.555556,1.538462,1.428571,1.000000,1.230769
sub-852c0f5b,0.177083,0.260417,0.177083,0.291667,0.093750,1.214286,1.562500,1.307692,1.647059,1.000000
sub-85592030,0.138298,0.319149,0.117021,0.297872,0.127660,1.181818,2.000000,1.375000,1.647059,1.333333
sub-8566bafc,0.352000,0.104000,0.304000,0.088000,0.152000,2.750000,1.444444,2.375000,1.571429,1.583333
sub-85e64ddb,0.277311,0.142857,0.277311,0.084034,0.218487,2.062500,1.700000,2.200000,1.428571,2.000000
sub-861893b0,0.198276,0.189655,0.181034,0.224138,0.206897,1.642857,1.692308,1.312500,1.733333,2.000000
sub-8654789d,0.129310,0.310345,0.094828,0.284483,0.181034,1.500000,2.117647,1.222222,1.650000,1.500000
sub-86be733a,0.128000,0.240000,0.144000,0.264000,0.224000,1.454545,1.764706,1.800000,2.357143,2.000000
sub-87561528,0.214286,0.214286,0.183673,0.224490,0.163265,1.500000,1.615385,1.636364,1.833333,1.600000
sub-876fc880,0.280374,0.196262,0.289720,0.130841,0.102804,1.764706,1.400000,2.384615,1.166667,1.222222
sub-88925b80,0.373984,0.097561,0.211382,0.073171,0.243902,2.421053,1.090909,1.857143,1.125000,1.666667
sub-88bfc200,0.245098,0.196078,0.284314,0.127451,0.147059,2.083333,1.666667,1.933333,1.444444,1.250000
sub-88dc1dcf,0.198347,0.280992,0.173554,0.231405,0.115702,1.714286,2.125000,1.615385,1.866667,1.400000
sub-8904b7ad,0.333333,0.123810,0.371429,0.123810,0.047619,2.058824,1.444444,2.052632,1.181818,1.000000
sub-89977442,0.053571,0.285714,0.142857,0.321429,0.196429,1.000000,1.333333,1.000000,1.500000,1.100000
sub-89e0a235,0.253012,0.204819,0.216867,0.120482,0.204819,1.235294,1.214286,1.500000,1.250000,1.416667
sub-8a8e58c7,0.160714,0.232143,0.214286,0.205357,0.187500,1.800000,1.368421,1.714286,1.769231,2.100000
sub-8ab1fb97,0.191781,0.178082,0.232877,0.109589,0.287671,1.272727,1.300000,1.307692,1.333333,1.750000
sub-8ae25413,0.230769,0.239316,0.179487,0.170940,0.179487,2.454545,2.153846,1.500000,1.666667,1.909091
sub-8b339985,0.168000,0.216000,0.208000,0.144000,0.264000,1.750000,2.076923,1.733333,1.636364,2.062500
sub-8b5c184b,0.233333,0.183333,0.300000,0.175000,0.108333,1.866667,1.466667,2.571429,1.750000,1.000000
sub-8bed797c,0.234234,0.189189,0.216216,0.144144,0.216216,1.733333,1.400000,1.600000,1.454545,1.600000
sub-8c27b6a0,0.234043,0.265957,0.234043,0.223404,0.042553,1.571429,1.666667,1.571429,1.500000,1.333333
sub-8c4414a7,0.069444,0.361111,0.097222,0.361111,0.111111,1.000000,1.857143,1.000000,1.857143,1.142857
sub-8c4e9db4,0.308333,0.141667,0.233333,0.058333,0.258333,2.466667,1.545455,1.866667,1.166667,2.066667
sub-8c5de839,0.214286,0.163265,0.214286,0.214286,0.193878,1.500000,1.333333,1.500000,1.400000,1.461538
sub-8c9437ca,0.422222,0.111111,0.377778,0.044444,0.044444,1.187500,1.000000,1.133333,1.000000,1.000000
sub-8c9f12d7,0.258065,0.185484,0.282258,0.161290,0.112903,1.882353,1.352941,1.750000,1.538462,1.272727
sub-8cb711d8,0.317073,0.060976,0.341463,0.085366,0.195122,1.529412,1.000000,1.866667,1.166667,1.454545
sub-8cf9cabb,0.114754,0.336066,0.090164,0.319672,0.139344,1.166667,2.050000,1.100000,1.950000,1.416667
sub-8d089883,0.314516,0.145161,0.387097,0.096774,0.056452,2.052632,1.285714,2.823529,1.333333,1.000000
sub-8dd8aae9,0.240000,0.208000,0.248000,0.192000,0.112000,2.307692,1.733333,1.722222,1.411765,1.400000
sub-8e2bf258,0.247863,0.205128,0.222222,0.136752,0.188034,1.526316,1.411765,1.625000,1.230769,1.571429
sub-8ea25180,0.285714,0.081633,0.306122,0.081633,0.244898,2.000000,1.142857,1.764706,1.333333,1.600000
sub-8ed3da91,0.276423,0.113821,0.300813,0.130081,0.178862,2.615385,1.400000,2.055556,1.600000,1.466667
sub-8ed731e8,0.336842,0.126316,0.368421,0.084211,0.084211,2.133333,1.090909,2.058824,1.333333,1.000000
sub-8ef356b5,0.220183,0.192661,0.174312,0.229358,0.183486,1.714286,1.500000,1.583333,1.666667,1.428571
sub-8f4474ef,0.176471,0.294118,0.218487,0.184874,0.126050,1.500000,1.842105,1.857143,1.571429,1.500000
sub-8f7715d7,0.188889,0.266667,0.244444,0.166667,0.133333,1.545455,2.000000,1.466667,1.500000,1.500000
sub-8f875876,0.175676,0.243243,0.189189,0.270270,0.121622,1.444444,1.500000,1.750000,1.666667,1.285714
sub-8fc60c3e,0.115385,0.346154,0.102564,0.333333,0.102564,1.000000,1.588235,1.000000,1.625000,1.000000
sub-8fec9609,0.211382,0.065041,0.227642,0.195122,0.300813,1.733333,1.142857,1.400000,1.846154,2.055556
sub-901564ff,0.250000,0.200000,0.200000,0.083333,0.266667,2.000000,1.846154,1.846154,1.428571,2.285714
sub-90647b29,0.194915,0.254237,0.177966,0.152542,0.220339,1.533333,2.142857,1.750000,1.800000,1.857143
sub-90716faf,0.156627,0.216867,0.084337,0.180723,0.361446,1.300000,1.384615,1.000000,1.363636,1.578947
sub-9092ef73,0.272727,0.163636,0.309091,0.127273,0.127273,1.250000,1.125000,1.545455,1.400000,1.400000
sub-9096f672,0.180328,0.270492,0.139344,0.155738,0.254098,1.833333,2.200000,1.416667,1.357143,1.937500
sub-90eaa6c9,0.255319,0.148936,0.382979,0.106383,0.106383,1.200000,1.000000,1.285714,1.000000,1.000000
sub-90fb217e,0.324786,0.111111,0.299145,0.111111,0.153846,2.375000,1.300000,2.058824,1.444444,1.384615
sub-917ef236,0.083333,0.407407,0.018519,0.388889,0.101852,1.285714,2.444444,1.000000,2.210526,1.100000
sub-91afcb45,0.120482,0.277108,0.096386,0.325301,0.180723,1.250000,1.533333,1.000000,1.588235,1.250000
sub-91b76f88,0.263889,0.236111,0.194444,0.069444,0.236111,1.187500,1.545455,1.272727,1.000000,1.416667
sub-91f6cb54,0.123894,0.318584,0.097345,0.238938,0.221239,1.400000,2.117647,1.571429,1.800000,1.923077
sub-923f6d69,0.145631,0.300971,0.097087,0.349515,0.106796,1.071429,1.722222,1.428571,1.894737,1.222222
sub-92645ffb,0.215686,0.205882,0.245098,0.186275,0.147059,1.571429,2.100000,1.666667,1.727273,1.363636
sub-9314f13e,0.148148,0.259259,0.086420,0.209877,0.296296,1.500000,1.400000,1.000000,1.700000,1.714286
sub-93b15938,0.135135,0.175676,0.202703,0.297297,0.189189,1.666667,1.300000,1.363636,1.692308,1.272727
sub-93f05d08,0.203540,0.256637,0.115044,0.256637,0.168142,1.769231,1.526316,1.444444,1.933333,1.461538
sub-94035ab0,0.115385,0.221154,0.192308,0.278846,0.192308,1.200000,1.769231,1.428571,1.933333,1.428571
sub-941fc5cd,0.266055,0.192661,0.275229,0.146789,0.119266,2.230769,1.400000,2.142857,1.230769,1.300000
sub-945bf396,0.141414,0.242424,0.101010,0.262626,0.252525,1.400000,1.846154,1.428571,2.363636,1.785714
sub-94785f0d,0.256881,0.192661,0.275229,0.183486,0.091743,1.866667,1.500000,1.875000,1.428571,1.111111
sub-9484da79,0.102273,0.397727,0.056818,0.340909,0.102273,1.125000,2.187500,1.000000,1.764706,1.285714
sub-9504cb5a,0.113821,0.219512,0.219512,0.276423,0.170732,1.400000,2.454545,1.687500,2.000000,1.909091
sub-950d9af4,0.190909,0.290909,0.127273,0.300000,0.090909,1.400000,2.285714,1.555556,1.941176,1.111111
sub-95206ec5,0.235849,0.216981,0.169811,0.216981,0.160377,1.470588,1.277778,1.285714,1.277778,1.214286
sub-9579fc69,0.205479,0.219178,0.178082,0.260274,0.136986,1.363636,1.454545,1.181818,1.727273,1.250000
sub-96188e61,0.311321,0.132075,0.254717,0.047170,0.254717,1.736842,1.272727,1.800000,1.000000,2.076923
sub-965e0b39,0.132231,0.330579,0.115702,0.338843,0.082645,1.230769,2.222222,1.400000,2.050000,1.666667
sub-9677d29e,0.200000,0.294737,0.115789,0.178947,0.210526,1.727273,1.750000,1.100000,1.545455,1.428571
sub-96af5d3c,0.121951,0.317073,0.097561,0.276423,0.186992,1.500000,1.950000,1.333333,2.266667,2.300000
sub-97594e87,0.319672,0.180328,0.237705,0.155738,0.106557,2.294118,2.200000,1.933333,1.583333,1.444444
sub-976c58d9,0.297521,0.123967,0.330579,0.148760,0.099174,2.000000,1.363636,2.500000,1.636364,1.714286
sub-97910eaf,0.264000,0.208000,0.256000,0.168000,0.104000,2.200000,1.733333,1.391304,1.500000,1.181818
sub-97cf1a68,0.295082,0.180328,0.237705,0.172131,0.114754,2.117647,1.466667,1.933333,1.750000,1.750000
sub-985ef253,0.333333,0.075000,0.258333,0.108333,0.225000,2.500000,1.125000,1.937500,1.857143,1.928571
sub-98d3f087,0.201613,0.241935,0.145161,0.217742,0.193548,1.923077,1.578947,1.500000,1.588235,1.846154
sub-99b5018c,0.319672,0.172131,0.295082,0.139344,0.073770,2.166667,1.615385,2.250000,1.214286,1.125000
sub-99eeeb14,0.174757,0.165049,0.223301,0.184466,0.252427,1.200000,1.307692,1.437500,1.461538,1.857143
sub-9a791d03,0.129630,0.259259,0.083333,0.314815,0.212963,1.166667,2.153846,1.500000,2.615385,1.533333
sub-9a7bb6e8,0.254237,0.194915,0.288136,0.059322,0.203390,1.764706,1.642857,2.125000,1.166667,2.000000
sub-9aa5814f,0.284483,0.181034,0.293103,0.129310,0.112069,1.833333,1.500000,1.888889,1.363636,1.300000
sub-9acb1fd7,0.212389,0.283186,0.150442,0.230088,0.123894,1.500000,2.000000,1.307692,1.857143,1.272727
sub-9b2c8458,0.327869,0.057377,0.344262,0.131148,0.139344,2.222222,1.166667,2.210526,1.230769,1.416667
sub-9b353500,0.157895,0.294737,0.105263,0.315789,0.126316,1.153846,1.647059,1.111111,1.875000,1.333333
sub-9b74c8eb,0.247863,0.153846,0.239316,0.094017,0.264957,1.933333,1.636364,2.153846,1.222222,1.722222
sub-9b76802e,0.200000,0.200000,0.300000,0.040000,0.260000,1.111111,1.111111,1.153846,1.000000,1.083333
sub-9b8257bc,0.176000,0.240000,0.184000,0.288000,0.112000,1.692308,1.875000,1.916667,2.250000,1.750000
sub-9bcea9fc,0.185484,0.225806,0.169355,0.330645,0.088710,1.769231,2.000000,1.615385,2.050000,1.375000
sub-9c80ad67,0.245455,0.254545,0.172727,0.227273,0.100000,1.928571,1.866667,1.461538,1.785714,1.222222
sub-9d44a037,0.159292,0.309735,0.132743,0.247788,0.150442,1.285714,1.666667,1.153846,1.555556,1.307692
sub-9d4ff737,0.248000,0.168000,0.208000,0.144000,0.232000,1.937500,1.750000,2.166667,1.636364,1.933333
sub-9d61a3eb,0.193182,0.250000,0.204545,0.215909,0.136364,1.416667,1.571429,1.384615,1.583333,1.333333
sub-9d8846de,0.225352,0.183099,0.112676,0.239437,0.239437,1.230769,1.300000,1.333333,1.545455,1.416667
sub-9d8fced5,0.270270,0.162162,0.252252,0.207207,0.108108,1.666667,1.500000,1.750000,1.210526,1.714286
sub-9db0a7f0,0.248000,0.200000,0.176000,0.128000,0.248000,1.631579,1.470588,1.375000,1.600000,1.722222
sub-9dbf5788,0.254386,0.201754,0.219298,0.210526,0.114035,1.933333,1.769231,1.470588,1.500000,1.181818
sub-9e0ea943,0.123457,0.333333,0.123457,0.395062,0.024691,1.111111,1.687500,1.250000,2.000000,1.000000
sub-9e24a8ff,0.260504,0.168067,0.294118,0.126050,0.151261,2.066667,1.666667,2.187500,1.666667,1.384615
sub-9e2b9c23,0.195122,0.268293,0.186992,0.284553,0.065041,2.000000,1.941176,1.769231,2.058824,1.142857
sub-9e34055d,0.211382,0.292683,0.195122,0.211382,0.089431,1.857143,2.250000,1.714286,1.733333,1.222222
sub-9e6499e6,0.270000,0.180000,0.220000,0.230000,0.100000,1.687500,1.384615,1.571429,1.533333,1.250000
sub-9e88a570,0.145161,0.241935,0.145161,0.306452,0.161290,1.125000,1.363636,1.125000,1.583333,1.250000
sub-9ea1ceca,0.137255,0.225490,0.137255,0.313725,0.186275,1.400000,1.642857,1.400000,2.133333,1.900000
sub-9fb17436,0.195402,0.172414,0.287356,0.206897,0.137931,1.545455,1.363636,1.562500,1.636364,1.333333
sub-a069f6ed,0.293578,0.137615,0.311927,0.137615,0.119266,2.285714,1.500000,2.000000,1.250000,1.300000
sub-a1093cbb,0.161290,0.274194,0.104839,0.266129,0.193548,1.538462,1.888889,1.444444,1.833333,1.600000
sub-a10bcedd,0.228261,0.163043,0.228261,0.130435,0.250000,1.500000,1.500000,1.500000,1.200000,1.352941
sub-a10cac19,0.284404,0.119266,0.275229,0.110092,0.211009,2.066667,1.181818,2.142857,1.500000,2.090909
sub-a129f7e8,0.108333,0.316667,0.116667,0.316667,0.141667,1.444444,2.375000,1.272727,2.375000,1.307692
sub-a12abf72,0.357143,0.119048,0.273810,0.107143,0.142857,1.875000,1.111111,1.533333,1.000000,1.200000
sub-a1b620d8,0.247423,0.185567,0.329897,0.113402,0.123711,2.000000,1.384615,1.882353,1.571429,1.333333
sub-a1b767d5,0.275000,0.183333,0.283333,0.150000,0.108333,1.941176,1.833333,2.000000,1.500000,1.444444
sub-a1b9680d,0.220000,0.180000,0.160000,0.180000,0.260000,1.571429,1.636364,1.333333,1.636364,1.733333
sub-a2097526,0.112500,0.237500,0.025000,0.275000,0.350000,1.285714,1.055556,1.000000,1.466667,1.647059
sub-a21927f3,0.316667,0.125000,0.233333,0.108333,0.216667,2.111111,1.500000,1.473684,1.083333,1.733333
sub-a2944031,0.211382,0.186992,0.219512,0.186992,0.195122,1.444444,1.533333,2.076923,1.769231,1.846154
sub-a358a3a4,0.130081,0.252033,0.170732,0.219512,0.227642,1.333333,1.937500,1.750000,1.687500,2.153846
sub-a37de315,0.282258,0.112903,0.233871,0.153226,0.217742,2.333333,1.400000,1.526316,1.461538,1.800000
sub-a3a2b217,0.345455,0.145455,0.181818,0.200000,0.127273,1.187500,1.000000,1.428571,1.000000,1.000000
sub-a40e8135,0.054795,0.315068,0.205479,0.095890,0.328767,1.000000,1.533333,1.500000,1.000000,1.714286
sub-a44221e6,0.356436,0.138614,0.306931,0.158416,0.039604,2.000000,1.400000,1.937500,1.333333,1.000000
sub-a499063f,0.383333,0.050000,0.283333,0.100000,0.183333,1.352941,1.000000,1.307692,1.000000,1.000000
sub-a4b79d0f,0.288889,0.133333,0.222222,0.111111,0.244444,1.181818,1.000000,1.111111,1.000000,1.000000
sub-a4dfe556,0.220339,0.186441,0.177966,0.186441,0.228814,1.733333,1.466667,1.500000,1.833333,1.687500
sub-a54f7b78,0.262712,0.161017,0.228814,0.169492,0.177966,1.937500,1.583333,1.588235,1.333333,1.615385
sub-a568e7d2,0.293103,0.129310,0.318966,0.181034,0.077586,2.266667,1.363636,2.055556,1.500000,1.500000
sub-a62cd127,0.175824,0.252747,0.131868,0.241758,0.197802,1.777778,1.533333,1.500000,1.571429,1.500000
sub-a68050b1,0.214286,0.241071,0.133929,0.214286,0.196429,2.181818,1.928571,1.500000,1.600000,1.833333
sub-a6845558,0.188679,0.245283,0.245283,0.235849,0.084906,1.428571,1.444444,1.625000,1.785714,1.500000
sub-a6fbbfc9,0.181818,0.242424,0.227273,0.196970,0.151515,1.200000,1.333333,1.363636,1.300000,1.428571
sub-a703404d,0.347458,0.118644,0.262712,0.050847,0.220339,2.562500,1.166667,2.066667,1.200000,2.000000
sub-a71c7da1,0.224000,0.232000,0.248000,0.216000,0.080000,1.555556,1.611111,2.066667,1.588235,1.000000
sub-a728fc66,0.152000,0.296000,0.152000,0.288000,0.112000,1.461538,2.312500,1.727273,2.400000,1.400000
sub-a76e64fe,0.123288,0.315068,0.109589,0.260274,0.191781,1.500000,1.437500,1.142857,1.461538,1.272727
sub-a776f0bc,0.222222,0.238095,0.158730,0.174603,0.206349,1.272727,1.363636,1.250000,1.100000,1.083333
sub-a7d28b7c,0.237705,0.237705,0.213115,0.163934,0.147541,1.812500,1.526316,1.444444,1.538462,1.384615
sub-a8082cd3,0.190476,0.257143,0.095238,0.219048,0.238095,1.428571,1.800000,1.250000,1.769231,1.785714
sub-a921246d,0.237705,0.204918,0.221311,0.180328,0.155738,2.071429,1.666667,1.588235,1.466667,1.583333
sub-a93794f2,0.178862,0.211382,0.203252,0.186992,0.219512,1.571429,1.857143,1.923077,1.437500,1.800000
sub-aa6ddfbb,0.180952,0.238095,0.180952,0.219048,0.180952,1.583333,1.562500,1.583333,2.090909,1.357143
sub-aa8a3cb1,0.169355,0.258065,0.193548,0.266129,0.112903,1.400000,1.777778,2.000000,2.062500,1.400000
sub-aab026ac,0.164948,0.278351,0.175258,0.298969,0.082474,1.230769,1.500000,1.214286,1.526316,1.000000
sub-ab6ee487,0.145455,0.272727,0.145455,0.181818,0.254545,1.000000,1.363636,1.000000,1.111111,1.076923
sub-ab99f3ae,0.183333,0.216667,0.225000,0.166667,0.208333,1.692308,1.625000,1.588235,1.666667,1.666667
sub-aba69b83,0.265306,0.163265,0.285714,0.183673,0.102041,1.083333,1.000000,1.076923,1.125000,1.250000
sub-ac05b320,0.212121,0.151515,0.131313,0.151515,0.353535,1.750000,1.666667,1.181818,1.250000,2.187500
sub-acf4a0a9,0.269231,0.192308,0.192308,0.166667,0.179487,1.500000,1.250000,1.363636,1.000000,1.166667
sub-ad9ff17c,0.212389,0.150442,0.309735,0.097345,0.230088,1.500000,1.700000,2.333333,1.100000,1.529412
sub-ae1c4ac0,0.037736,0.415094,0.094340,0.301887,0.150943,2.000000,1.571429,1.000000,1.230769,1.000000
sub-aec865ff,0.150000,0.308333,0.125000,0.250000,0.166667,1.384615,2.055556,1.666667,1.764706,1.538462
sub-aefe2b86,0.160000,0.280000,0.168000,0.280000,0.112000,1.666667,2.500000,1.909091,2.187500,1.555556
sub-af240e16,0.276423,0.146341,0.268293,0.154472,0.154472,1.789474,1.384615,1.941176,1.357143,1.727273
sub-af434b5d,0.122642,0.264151,0.198113,0.283019,0.132075,1.181818,1.647059,1.750000,1.875000,1.272727
sub-af7fa8b2,0.230088,0.212389,0.230088,0.212389,0.115044,2.000000,1.714286,1.733333,1.500000,1.625000
sub-afb13951,0.172414,0.086207,0.258621,0.224138,0.258621,1.000000,1.000000,1.363636,1.300000,1.071429
sub-aff59dff,0.112903,0.274194,0.137097,0.298387,0.177419,1.400000,1.700000,1.416667,1.850000,1.466667
sub-b012e893,0.131148,0.262295,0.139344,0.344262,0.122951,1.600000,2.000000,1.416667,2.625000,1.500000
sub-b08c1f61,0.283333,0.191667,0.233333,0.133333,0.158333,2.615385,1.769231,1.866667,1.454545,1.727273
sub-b0eed788,0.287234,0.170213,0.319149,0.117021,0.106383,1.500000,1.142857,1.875000,1.375000,1.428571
sub-b117f65e,0.202128,0.234043,0.244681,0.234043,0.085106,1.357143,1.692308,1.642857,1.571429,1.333333
sub-b2ac5f9e,0.177419,0.282258,0.145161,0.225806,0.169355,1.571429,2.333333,1.500000,1.866667,1.500000
sub-b317bcc8,0.240000,0.224000,0.232000,0.176000,0.128000,2.727273,2.000000,1.705882,2.000000,1.230769
sub-b363e5d9,0.283019,0.122642,0.216981,0.141509,0.235849,2.142857,1.083333,1.352941,1.363636,1.562500
sub-b3854719,0.176000,0.208000,0.224000,0.128000,0.264000,1.571429,1.625000,1.866667,1.600000,2.357143
sub-b3ae415f,0.288000,0.192000,0.232000,0.176000,0.112000,2.117647,1.411765,1.933333,1.692308,1.272727
sub-b3bde5cc,0.281250,0.104167,0.208333,0.156250,0.250000,1.500000,1.000000,1.333333,1.250000,1.714286
sub-b3df074c,0.104348,0.339130,0.104348,0.295652,0.156522,1.090909,1.772727,1.333333,1.888889,1.500000
sub-b4669213,0.285714,0.243697,0.235294,0.210084,0.025210,1.888889,1.526316,1.750000,1.470588,1.000000
sub-b4671281,0.096154,0.355769,0.096154,0.355769,0.096154,1.111111,2.176471,1.250000,2.055556,1.111111
sub-b481fb9d,0.336066,0.131148,0.229508,0.065574,0.237705,2.157895,1.777778,1.555556,1.000000,1.526316
sub-b5c1cb94,0.190909,0.145455,0.281818,0.136364,0.245455,1.615385,1.454545,1.722222,1.500000,1.421053
sub-b7328dba,0.188679,0.245283,0.169811,0.273585,0.122642,1.428571,1.857143,1.285714,1.933333,1.857143
sub-b76b7e8d,0.219512,0.268293,0.000000,0.097561,0.414634,1.125000,1.100000,NaN,1.000000,1.416667
sub-b76cf101,0.205607,0.121495,0.233645,0.149533,0.289720,1.375000,1.444444,1.785714,1.600000,2.066667
sub-b79be773,0.213115,0.237705,0.245902,0.221311,0.081967,1.733333,2.071429,2.000000,2.250000,1.666667
sub-b7ddd33f,0.255556,0.188889,0.233333,0.200000,0.122222,1.533333,1.307692,1.312500,1.285714,1.222222
sub-b82b95dd,0.201835,0.247706,0.256881,0.192661,0.100917,1.571429,1.800000,1.647059,1.500000,1.571429
sub-b84803bf,0.289256,0.190083,0.190083,0.247934,0.082645,2.058824,1.533333,1.352941,1.578947,1.428571
sub-b85c090a,0.198198,0.324324,0.126126,0.216216,0.135135,1.375000,2.400000,1.400000,1.600000,1.500000
sub-b8a61685,0.223684,0.197368,0.302632,0.118421,0.157895,1.307692,1.363636,1.533333,1.500000,1.200000
sub-b8e0a9a5,0.214286,0.190476,0.190476,0.250000,0.154762,1.500000,1.230769,1.333333,1.615385,1.300000
sub-b950b436,0.152542,0.237288,0.186441,0.186441,0.237288,1.636364,2.153846,1.571429,1.833333,1.647059
sub-b9667750,0.250000,0.183333,0.266667,0.208333,0.091667,1.875000,1.833333,1.882353,1.785714,1.571429
sub-b987e5c4,0.089744,0.346154,0.076923,0.282051,0.205128,1.000000,1.800000,1.000000,1.571429,1.454545
sub-b9f8cd4b,0.266667,0.150000,0.316667,0.175000,0.091667,2.461538,1.384615,2.375000,1.615385,1.375000
sub-ba3277f2,0.303279,0.139344,0.360656,0.147541,0.049180,2.176471,1.416667,2.315789,1.636364,1.000000
sub-ba56b6ca,0.160714,0.187500,0.276786,0.250000,0.125000,1.285714,1.312500,1.823529,1.866667,1.166667
sub-ba827232,0.302632,0.171053,0.250000,0.197368,0.078947,1.437500,1.300000,1.357143,1.363636,1.200000
sub-ba8b2709,0.189655,0.215517,0.172414,0.215517,0.206897,1.692308,1.923077,1.428571,1.923077,2.400000
sub-bacb2baa,0.208791,0.285714,0.175824,0.153846,0.175824,1.357143,1.857143,1.333333,1.555556,1.454545
sub-badec2c8,0.285714,0.151261,0.235294,0.092437,0.235294,2.428571,1.500000,1.473684,1.222222,1.473684
sub-bae3ff6c,0.179104,0.253731,0.059701,0.328358,0.179104,1.200000,1.133333,1.000000,1.100000,1.000000
sub-baf53535,0.172414,0.267241,0.224138,0.293103,0.043103,1.666667,2.066667,1.529412,1.789474,1.250000
sub-baf8d2e7,0.225000,0.183333,0.316667,0.091667,0.183333,1.687500,1.466667,1.652174,1.000000,1.466667
sub-bb0c5b34,0.111111,0.273504,0.119658,0.316239,0.179487,1.444444,1.777778,1.555556,1.761905,1.750000
sub-bbad4adc,0.081818,0.363636,0.081818,0.263636,0.209091,1.125000,2.222222,1.125000,1.812500,1.533333
sub-bbd1c58b,0.240000,0.253333,0.266667,0.186667,0.053333,1.125000,1.461538,1.538462,1.166667,1.000000
sub-bc95a335,0.125000,0.375000,0.093750,0.328125,0.078125,1.333333,1.714286,1.200000,1.615385,1.250000
sub-bcbc742a,0.258621,0.198276,0.215517,0.181034,0.146552,1.875000,1.437500,1.785714,1.500000,1.214286
sub-bd1fa320,0.288462,0.182692,0.278846,0.153846,0.096154,1.875000,1.357143,2.071429,1.454545,1.666667
sub-bdd5be7e,0.280702,0.114035,0.394737,0.070175,0.140351,1.882353,1.181818,2.500000,1.142857,1.333333
sub-bdf448af,0.217742,0.217742,0.209677,0.153226,0.201613,1.800000,1.800000,1.733333,1.461538,1.470588
sub-be11549d,0.218182,0.200000,0.254545,0.154545,0.172727,1.600000,1.833333,2.000000,1.416667,1.727273
sub-be3e3f39,0.191667,0.233333,0.175000,0.233333,0.166667,1.533333,2.153846,1.500000,1.750000,1.538462
sub-bf2215fd,0.179245,0.235849,0.132075,0.245283,0.207547,1.357143,1.785714,1.166667,1.625000,1.466667
sub-bf23e532,0.241379,0.137931,0.293103,0.198276,0.129310,1.750000,1.333333,2.000000,1.533333,1.363636
sub-bf675255,0.318182,0.109091,0.263636,0.109091,0.200000,2.187500,1.333333,2.071429,1.090909,1.692308
sub-bf8006d0,0.112903,0.201613,0.161290,0.298387,0.225806,1.272727,1.666667,1.818182,2.642857,2.545455
sub-bfd08f6e,0.352000,0.144000,0.288000,0.112000,0.104000,2.315789,1.500000,2.117647,1.166667,1.300000
sub-bfeb12b9,0.200000,0.050000,0.450000,0.000000,0.300000,1.000000,1.000000,1.200000,NaN,1.000000
sub-c0b2c562,0.173913,0.260870,0.228261,0.163043,0.173913,1.333333,1.714286,1.500000,1.500000,1.600000
sub-c1df6983,0.177966,0.228814,0.161017,0.262712,0.169492,1.500000,1.500000,1.357143,1.631579,1.428571
sub-c20f83ee,0.152542,0.262712,0.084746,0.271186,0.228814,1.636364,1.722222,1.250000,2.000000,1.588235
sub-c210b68c,0.171429,0.238095,0.180952,0.123810,0.285714,1.384615,1.562500,1.266667,1.444444,1.500000
sub-c2521f04,0.211765,0.176471,0.211765,0.176471,0.223529,1.125000,1.153846,1.285714,1.250000,1.357143
sub-c25d1a8e,0.272727,0.121212,0.343434,0.111111,0.151515,1.588235,1.200000,2.000000,1.100000,1.250000
sub-c26e55bb,0.178218,0.237624,0.198020,0.257426,0.128713,1.500000,1.411765,1.333333,1.733333,1.181818
sub-c2c97c8f,0.268817,0.107527,0.236559,0.096774,0.290323,1.470588,1.111111,1.466667,1.000000,1.588235
sub-c2e5cbcb,0.275862,0.114943,0.252874,0.045977,0.310345,1.500000,1.111111,1.571429,1.000000,1.687500
sub-c2ff1ab8,0.134454,0.302521,0.151261,0.327731,0.084034,1.454545,1.894737,1.500000,1.857143,1.111111
sub-c34ed4ce,0.326531,0.122449,0.346939,0.102041,0.102041,1.066667,1.200000,1.307692,1.250000,1.250000
sub-c3c62849,0.270492,0.131148,0.311475,0.098361,0.188525,1.941176,1.230769,1.900000,1.333333,1.642857
sub-c3e64802,0.170732,0.195122,0.252033,0.170732,0.211382,1.750000,1.714286,2.214286,1.500000,2.166667
sub-c46b226c,0.187500,0.187500,0.250000,0.166667,0.208333,1.000000,1.000000,1.090909,1.000000,1.000000
sub-c4847e59,0.211538,0.192308,0.230769,0.201923,0.163462,1.692308,1.666667,1.714286,1.400000,1.416667
sub-c4852797,0.152000,0.288000,0.096000,0.248000,0.216000,1.461538,2.250000,1.200000,1.823529,1.800000
sub-c5361f39,0.034783,0.286957,0.139130,0.330435,0.208696,1.000000,2.200000,1.230769,2.235294,1.846154
sub-c5b15a9c,0.119565,0.260870,0.130435,0.336957,0.152174,1.100000,2.000000,1.500000,2.066667,1.400000
sub-c5be11b4,0.136364,0.318182,0.147727,0.318182,0.079545,1.333333,1.555556,1.625000,1.866667,1.000000
sub-c6067bf1,0.279661,0.169492,0.296610,0.194915,0.059322,1.650000,1.176471,1.944444,1.437500,1.000000
sub-c62bf411,0.333333,0.200000,0.316667,0.116667,0.033333,1.818182,1.500000,1.461538,1.000000,1.000000
sub-c70590fd,0.137931,0.181034,0.163793,0.301724,0.215517,1.777778,1.615385,1.357143,2.058824,1.470588
sub-c8209d6c,0.283186,0.150442,0.309735,0.185841,0.070796,2.000000,1.545455,2.187500,1.312500,1.333333
sub-c86d49c9,0.220339,0.203390,0.169492,0.186441,0.220339,1.181818,1.333333,1.250000,1.100000,1.181818
sub-c8afc8aa,0.060241,0.313253,0.144578,0.265060,0.216867,1.000000,1.625000,1.090909,1.692308,1.384615
sub-c8b05e81,0.233333,0.266667,0.177778,0.188889,0.133333,1.312500,1.714286,1.454545,1.307692,1.200000
sub-c8c5d7a3,0.256410,0.196581,0.205128,0.119658,0.222222,1.764706,1.769231,1.846154,1.750000,1.857143
sub-c8e4e16a,0.320000,0.110000,0.240000,0.090000,0.240000,1.523810,1.222222,1.846154,1.000000,1.846154
sub-c8f57d40,0.280702,0.175439,0.236842,0.219298,0.087719,1.882353,1.666667,1.928571,1.666667,1.111111
sub-c9c11d4f,0.294118,0.092437,0.277311,0.184874,0.151261,2.500000,1.833333,2.062500,1.571429,2.000000
sub-c9cf8bdb,0.285714,0.214286,0.214286,0.119048,0.166667,1.200000,1.000000,1.000000,1.000000,1.000000
sub-c9e2f056,0.031250,0.395833,0.104167,0.270833,0.197917,1.000000,2.714286,1.000000,1.733333,1.583333
sub-ca7beb92,0.327103,0.112150,0.355140,0.084112,0.121495,2.187500,1.090909,2.111111,1.500000,1.181818
sub-cab70ce6,0.326316,0.084211,0.284211,0.168421,0.136842,1.476190,1.142857,1.588235,1.142857,1.181818
sub-cb0dc161,0.155738,0.286885,0.196721,0.286885,0.073770,1.727273,1.944444,2.000000,1.842105,1.500000
sub-cb5b6306,0.172131,0.344262,0.163934,0.295082,0.024590,1.500000,2.470588,1.538462,2.400000,1.000000
sub-cb923e06,0.123967,0.380165,0.115702,0.314050,0.066116,1.666667,2.421053,1.272727,1.900000,1.142857
sub-cbbfd413,0.297521,0.206612,0.264463,0.157025,0.074380,1.800000,1.388889,1.523810,1.461538,1.285714
sub-ccbad9d3,0.237113,0.237113,0.226804,0.206186,0.092784,1.437500,1.352941,1.571429,1.250000,1.285714
sub-cdf017d8,0.129032,0.236559,0.064516,0.344086,0.225806,1.000000,1.375000,1.200000,1.777778,1.500000
sub-ce750484,0.203252,0.211382,0.219512,0.146341,0.219512,1.785714,1.625000,2.700000,1.500000,2.076923
sub-ce7557cd,0.295082,0.090164,0.368852,0.073770,0.172131,2.769231,1.222222,2.045455,1.285714,1.615385
sub-ce94d8e0,0.154472,0.341463,0.105691,0.317073,0.081301,1.583333,2.333333,1.300000,1.772727,1.111111
sub-ce9b62aa,0.194805,0.181818,0.168831,0.129870,0.324675,1.071429,1.166667,1.181818,1.111111,1.562500
sub-cf22611c,0.095238,0.404762,0.071429,0.285714,0.142857,1.000000,1.307692,1.000000,1.090909,1.200000
sub-cf96c936,0.134454,0.302521,0.159664,0.344538,0.058824,2.285714,2.250000,1.900000,2.050000,1.000000
sub-cfc821c0,0.270270,0.207207,0.261261,0.225225,0.036036,1.666667,1.769231,2.230769,1.785714,1.333333
sub-cfc90fc2,0.230088,0.132743,0.256637,0.194690,0.185841,2.166667,1.666667,1.933333,1.833333,1.615385
sub-cff4915b,0.303030,0.131313,0.292929,0.121212,0.151515,1.666667,1.181818,1.933333,1.200000,1.875000
sub-d0036534,0.304348,0.144928,0.246377,0.043478,0.260870,1.312500,1.250000,1.307692,1.000000,1.500000
sub-d04b3811,0.272000,0.104000,0.256000,0.136000,0.232000,2.428571,1.181818,1.777778,1.700000,1.812500
sub-d0af181f,0.352113,0.070423,0.422535,0.042254,0.112676,1.470588,1.000000,1.666667,1.000000,1.142857
sub-d0ccda46,0.175000,0.183333,0.216667,0.158333,0.266667,1.400000,1.571429,1.857143,1.583333,1.777778
sub-d10de4ad,0.240506,0.189873,0.139241,0.151899,0.278481,1.357143,1.363636,1.222222,1.500000,1.571429
sub-d1342c50,0.186667,0.253333,0.186667,0.160000,0.213333,1.166667,1.727273,1.272727,1.200000,1.142857
sub-d145ffa8,0.286957,0.200000,0.217391,0.208696,0.086957,1.833333,1.769231,1.666667,1.600000,1.111111
sub-d19a4e50,0.053191,0.340426,0.085106,0.308511,0.212766,1.000000,2.133333,1.142857,1.933333,1.818182
sub-d1d5df0d,0.354839,0.129032,0.282258,0.040323,0.193548,2.750000,1.142857,2.333333,1.250000,1.600000
sub-d2205a7c,0.281818,0.172727,0.190909,0.181818,0.172727,1.937500,1.583333,1.750000,1.818182,1.357143
sub-d22f8855,0.138298,0.287234,0.127660,0.308511,0.138298,1.181818,1.588235,1.090909,1.812500,1.300000
sub-d240713e,0.240741,0.203704,0.203704,0.185185,0.166667,1.000000,1.100000,1.222222,1.111111,1.125000
sub-d2718ecf,0.330508,0.118644,0.254237,0.093220,0.203390,2.166667,1.400000,2.000000,1.571429,1.714286
sub-d27ee639,0.149425,0.080460,0.114943,0.252874,0.402299,1.444444,1.166667,1.250000,1.692308,1.590909
sub-d28cae76,0.228916,0.192771,0.301205,0.144578,0.132530,1.357143,1.230769,1.470588,1.090909,1.222222
sub-d2ad3f86,0.178862,0.268293,0.235772,0.211382,0.105691,1.466667,2.062500,1.611111,1.625000,1.444444
sub-d2beb4ec,0.339806,0.165049,0.339806,0.116505,0.038835,1.842105,1.062500,1.842105,1.333333,1.000000
sub-d2c47f13,0.172131,0.229508,0.196721,0.286885,0.114754,1.750000,1.750000,1.714286,2.187500,1.555556
sub-d32938f9,0.159292,0.185841,0.123894,0.265487,0.265487,1.500000,1.500000,1.166667,1.875000,1.875000
sub-d35069ed,0.120968,0.290323,0.088710,0.322581,0.177419,1.153846,2.000000,1.100000,2.352941,1.692308
sub-d3547b05,0.175926,0.194444,0.129630,0.240741,0.259259,1.461538,1.400000,1.555556,1.625000,2.000000
sub-d3dbca3b,0.092437,0.386555,0.109244,0.310924,0.100840,1.222222,2.705882,1.444444,2.312500,1.333333
sub-d49d1590,0.302326,0.186047,0.220930,0.116279,0.174419,1.733333,1.333333,1.266667,1.250000,1.363636
sub-d4c76aa8,0.115385,0.403846,0.096154,0.250000,0.134615,1.000000,1.500000,1.000000,1.300000,1.000000
sub-d540a226,0.200000,0.282353,0.117647,0.235294,0.164706,1.307692,1.411765,1.428571,1.428571,1.555556
sub-d54a444e,0.283333,0.175000,0.266667,0.166667,0.108333,2.266667,1.312500,2.000000,1.428571,1.181818
sub-d6711207,0.175439,0.271930,0.175439,0.263158,0.114035,1.176471,1.722222,1.333333,1.666667,1.625000
sub-d6874ecf,0.172727,0.218182,0.254545,0.190909,0.163636,1.461538,1.500000,1.866667,1.615385,1.384615
sub-d788ab03,0.254237,0.161017,0.262712,0.135593,0.186441,1.875000,1.900000,2.066667,1.600000,1.466667
sub-d7e0b542,0.291667,0.191667,0.250000,0.166667,0.100000,1.842105,1.916667,2.000000,1.428571,1.200000
sub-d7ec9ae3,0.271186,0.186441,0.211864,0.211864,0.118644,1.882353,1.692308,2.272727,1.470588,1.750000
sub-d86c6aeb,0.188525,0.163934,0.221311,0.188525,0.237705,1.437500,1.538462,2.076923,1.769231,2.071429
sub-d8a64c8c,0.138298,0.276596,0.117021,0.265957,0.202128,1.300000,1.857143,1.000000,1.470588,1.187500
sub-d8ab4fef,0.140187,0.327103,0.121495,0.336449,0.074766,1.363636,2.333333,1.181818,2.117647,1.142857
sub-d8e8d03c,0.300000,0.133333,0.200000,0.158333,0.208333,1.894737,1.454545,1.411765,1.583333,1.666667
sub-d8fc0059,0.216216,0.216216,0.225225,0.234234,0.108108,1.714286,1.600000,1.562500,2.166667,1.200000
sub-d9505f7f,0.237705,0.237705,0.172131,0.245902,0.106557,2.230769,1.933333,1.500000,2.000000,1.300000
sub-d9574447,0.239316,0.136752,0.239316,0.213675,0.170940,1.750000,1.454545,1.555556,1.666667,1.333333
sub-d9630463,0.220183,0.119266,0.321101,0.110092,0.229358,1.600000,1.444444,2.187500,1.200000,1.923077
sub-d982eae7,0.065421,0.355140,0.084112,0.280374,0.214953,1.166667,2.000000,1.125000,2.000000,1.642857
sub-d9a7dde8,0.168067,0.285714,0.193277,0.310924,0.042017,1.666667,1.789474,1.437500,2.055556,1.250000
sub-d9b78521,0.292683,0.121951,0.341463,0.146341,0.097561,1.200000,1.000000,1.166667,1.000000,1.000000
sub-d9c89f13,0.202703,0.189189,0.229730,0.175676,0.202703,1.363636,1.400000,1.545455,1.444444,1.153846
sub-da07befd,0.311828,0.172043,0.290323,0.129032,0.096774,1.812500,1.600000,1.928571,1.333333,1.500000
sub-da14debe,0.208696,0.234783,0.173913,0.260870,0.121739,1.600000,2.076923,1.818182,2.142857,1.750000
sub-da85b0d2,0.161017,0.186441,0.127119,0.220339,0.305085,1.727273,1.571429,1.250000,2.000000,2.250000
sub-daabdc32,0.224490,0.163265,0.265306,0.122449,0.224490,1.833333,1.600000,1.625000,1.500000,1.571429
sub-db1f60e2,0.256198,0.223140,0.264463,0.165289,0.090909,1.823529,1.421053,2.000000,1.538462,1.222222
sub-db2e962f,0.245283,0.094340,0.150943,0.188679,0.320755,1.300000,1.250000,1.000000,1.111111,1.214286
sub-db320f85,0.294118,0.166667,0.196078,0.166667,0.176471,1.764706,1.700000,1.428571,1.133333,1.384615
sub-dbb68f25,0.261538,0.123077,0.276923,0.076923,0.261538,1.545455,1.000000,1.384615,1.250000,1.545455
sub-dbc308f2,0.239583,0.177083,0.218750,0.260417,0.104167,1.642857,1.545455,1.615385,1.785714,1.111111
sub-dc7bd768,0.157895,0.315789,0.087719,0.350877,0.087719,1.636364,2.571429,1.250000,2.666667,1.666667
sub-dc7df6e2,0.135135,0.270270,0.108108,0.306306,0.180180,1.250000,1.428571,1.333333,1.789474,1.538462
sub-dccd40f8,0.159292,0.230088,0.168142,0.194690,0.247788,2.000000,1.625000,1.187500,1.692308,2.153846
sub-dcdce7a1,0.408000,0.048000,0.360000,0.088000,0.096000,3.000000,1.500000,2.500000,1.375000,1.500000
sub-dcfb2aef,0.210084,0.218487,0.235294,0.193277,0.142857,1.562500,1.733333,2.000000,1.769231,1.545455
sub-dd72baf9,0.196581,0.230769,0.213675,0.213675,0.145299,1.642857,2.250000,1.666667,1.785714,1.416667
sub-dd7cd3aa,0.308642,0.123457,0.345679,0.061728,0.160494,2.272727,1.111111,1.750000,1.000000,1.300000
sub-ddd0e508,0.254545,0.127273,0.263636,0.272727,0.081818,1.750000,1.400000,2.071429,1.764706,2.250000
sub-de0c6ad8,0.232000,0.200000,0.224000,0.216000,0.128000,1.705882,1.785714,1.866667,1.800000,1.454545
sub-de6898bc,0.195122,0.235772,0.211382,0.300813,0.056911,2.181818,1.933333,1.733333,2.312500,1.000000
sub-dea6252e,0.218487,0.226891,0.168067,0.201681,0.184874,1.733333,1.928571,1.666667,1.600000,1.833333
sub-deb86e8a,0.243478,0.252174,0.173913,0.104348,0.226087,1.866667,1.812500,1.666667,1.200000,1.733333
sub-dee0f991,0.194444,0.231481,0.175926,0.296296,0.101852,1.500000,1.562500,1.266667,1.777778,1.222222
sub-df08b50d,0.243902,0.134146,0.341463,0.195122,0.085366,1.428571,1.222222,1.555556,1.333333,1.166667
sub-df2ff0b3,0.272727,0.173554,0.305785,0.148760,0.099174,2.538462,1.400000,2.055556,1.384615,1.500000
sub-df3aaa51,0.281553,0.155340,0.252427,0.165049,0.145631,1.318182,1.454545,1.444444,1.214286,1.500000
sub-e0410318,0.053097,0.380531,0.106195,0.353982,0.106195,1.200000,2.263158,1.000000,1.904762,1.333333
sub-e089c73e,0.241758,0.230769,0.219780,0.230769,0.076923,1.466667,1.500000,1.538462,1.500000,1.400000
sub-e0a4f096,0.243243,0.256757,0.202703,0.216216,0.081081,1.285714,1.583333,1.666667,1.600000,1.200000
sub-e0c64703,0.319672,0.122951,0.360656,0.106557,0.090164,2.600000,1.250000,2.588235,1.444444,1.375000
sub-e12930ab,0.157407,0.259259,0.148148,0.212963,0.222222,1.545455,1.647059,1.600000,1.533333,2.000000
sub-e1a4f26e,0.243697,0.226891,0.142857,0.126050,0.260504,1.705882,1.588235,1.307692,1.363636,1.937500
sub-e258c30d,0.192000,0.280000,0.080000,0.256000,0.192000,1.714286,1.944444,1.250000,1.882353,1.500000
sub-e26ba779,0.216216,0.229730,0.216216,0.189189,0.148649,1.230769,1.214286,1.066667,1.166667,1.100000
sub-e2817cd3,0.280000,0.160000,0.280000,0.140000,0.140000,1.272727,1.000000,1.272727,1.000000,1.166667
sub-e2e58bb4,0.217391,0.289855,0.101449,0.260870,0.130435,1.500000,1.666667,1.400000,1.500000,1.125000
sub-e2fb4a5a,0.140496,0.305785,0.157025,0.338843,0.057851,1.307692,2.466667,1.727273,2.411765,1.166667
sub-e34267d3,0.120000,0.360000,0.100000,0.280000,0.140000,1.000000,1.125000,1.000000,1.000000,1.000000
sub-e36a4396,0.195876,0.237113,0.206186,0.175258,0.185567,1.727273,1.916667,1.666667,1.545455,1.384615
sub-e4f15275,0.311111,0.066667,0.422222,0.066667,0.133333,1.272727,1.000000,1.357143,1.000000,1.000000
sub-e523c998,0.044944,0.280899,0.168539,0.235955,0.269663,1.000000,1.923077,1.250000,1.500000,2.000000
sub-e5284121,0.115385,0.278846,0.115385,0.201923,0.288462,1.200000,1.705882,1.200000,1.400000,2.000000
sub-e533cba3,0.166667,0.225000,0.191667,0.225000,0.191667,1.666667,1.800000,1.533333,1.588235,1.352941
sub-e54264e5,0.302632,0.144737,0.223684,0.171053,0.157895,1.437500,1.375000,1.307692,1.181818,1.333333
sub-e544a53d,0.208696,0.252174,0.252174,0.234783,0.052174,1.714286,2.071429,1.933333,1.687500,1.200000
sub-e5894ff5,0.198020,0.237624,0.158416,0.227723,0.178218,1.333333,1.600000,1.142857,1.533333,1.636364
sub-e5da608f,0.193277,0.218487,0.201681,0.260504,0.126050,1.769231,1.529412,1.714286,2.583333,1.666667
sub-e5f9f075,0.231405,0.173554,0.190083,0.223140,0.181818,1.866667,1.500000,1.642857,1.800000,2.000000
sub-e6585315,0.278689,0.163934,0.245902,0.147541,0.163934,1.416667,1.428571,1.250000,1.285714,1.000000
sub-e676a4f1,0.333333,0.098039,0.294118,0.117647,0.156863,1.700000,1.250000,1.875000,1.200000,1.230769
sub-e6aba9d4,0.133333,0.316667,0.116667,0.158333,0.275000,1.333333,2.000000,1.555556,1.357143,1.941176
sub-e6b671d7,0.385246,0.155738,0.327869,0.114754,0.016393,2.136364,1.461538,2.500000,1.272727,1.000000
sub-e71c001b,0.346154,0.048077,0.346154,0.105769,0.153846,2.250000,1.000000,2.250000,1.000000,1.333333
sub-e7a2dfc8,0.209524,0.190476,0.238095,0.171429,0.190476,1.692308,1.538462,1.315789,2.000000,1.538462
sub-e7b4fad4,0.233871,0.129032,0.233871,0.177419,0.225806,1.933333,1.333333,1.705882,1.375000,1.866667
sub-e7c2a9ea,0.186813,0.208791,0.252747,0.175824,0.175824,1.416667,1.461538,1.642857,1.333333,1.454545
sub-e83fc249,0.078125,0.359375,0.078125,0.218750,0.265625,1.000000,1.533333,1.000000,1.400000,1.307692
sub-e86ebf65,0.267857,0.098214,0.294643,0.098214,0.241071,2.000000,1.375000,2.750000,1.833333,2.076923
sub-e895d5bf,0.288000,0.104000,0.320000,0.136000,0.152000,2.250000,1.300000,2.352941,1.545455,1.461538
sub-e8af6dbf,0.193548,0.233871,0.201613,0.193548,0.177419,1.600000,1.705882,1.666667,1.600000,1.692308
sub-e8e75c18,0.308411,0.074766,0.308411,0.130841,0.177570,2.062500,1.333333,1.736842,1.400000,1.583333
sub-e95bef08,0.247934,0.107438,0.305785,0.099174,0.239669,2.307692,1.444444,2.055556,1.333333,2.071429
sub-e96ad0aa,0.240741,0.222222,0.277778,0.185185,0.074074,1.181818,1.200000,1.153846,1.111111,1.000000
sub-ea3e0167,0.302521,0.142857,0.294118,0.159664,0.100840,1.800000,1.307692,1.944444,1.583333,1.500000
sub-ec430170,0.225490,0.205882,0.225490,0.196078,0.147059,1.277778,1.235294,1.533333,1.666667,1.250000
sub-ec9db008,0.125000,0.200000,0.200000,0.200000,0.275000,1.666667,1.846154,1.714286,2.181818,2.357143
sub-ed0a38c1,0.207921,0.207921,0.297030,0.207921,0.079208,1.400000,1.500000,1.666667,1.500000,1.000000
sub-ed6c93d2,0.166667,0.333333,0.149123,0.210526,0.140351,1.900000,2.111111,1.307692,2.181818,1.333333
sub-edbb53c9,0.254098,0.245902,0.213115,0.262295,0.024590,1.823529,1.875000,1.529412,1.684211,1.000000
sub-ee0b8fc3,0.254237,0.135593,0.135593,0.152542,0.322034,1.363636,1.142857,1.000000,1.285714,1.357143
sub-ee208ec6,0.283019,0.132075,0.207547,0.150943,0.226415,1.071429,1.166667,1.222222,1.142857,1.090909
sub-ee2d0fae,0.178862,0.333333,0.130081,0.317073,0.040650,1.692308,2.562500,1.333333,2.437500,1.666667
sub-eeab06e2,0.212766,0.223404,0.202128,0.191489,0.170213,1.428571,1.235294,1.461538,1.285714,1.454545
sub-eeb93250,0.162602,0.235772,0.154472,0.325203,0.121951,1.538462,1.705882,1.357143,2.222222,1.153846
sub-eee2e8ba,0.114754,0.327869,0.090164,0.385246,0.081967,1.400000,2.352941,1.222222,2.764706,1.666667
sub-ef1096c0,0.236364,0.263636,0.190909,0.254545,0.054545,1.733333,1.705882,1.615385,1.647059,1.200000
sub-ef333648,0.193277,0.226891,0.176471,0.201681,0.201681,1.642857,1.588235,1.500000,1.500000,1.714286
sub-ef47e1cb,0.184000,0.288000,0.128000,0.320000,0.080000,1.437500,2.250000,1.333333,2.352941,1.250000
sub-ef9938fc,0.214953,0.233645,0.196262,0.205607,0.149533,1.642857,1.666667,1.750000,1.692308,2.000000
sub-efa513cb,0.164557,0.227848,0.177215,0.253165,0.177215,1.300000,1.500000,1.272727,1.428571,1.272727
sub-f0b4a87e,0.396396,0.054054,0.360360,0.072072,0.117117,2.588235,1.000000,2.857143,1.142857,1.857143
sub-f0c22557,0.183908,0.172414,0.126437,0.287356,0.229885,1.333333,1.363636,1.100000,1.666667,1.666667
sub-f143d0bb,0.348624,0.128440,0.311927,0.137615,0.073394,2.235294,1.400000,2.266667,1.500000,1.333333
sub-f19e7cb4,0.158730,0.269841,0.126984,0.333333,0.111111,1.111111,1.416667,1.000000,1.400000,1.400000
sub-f1fff45c,0.148148,0.296296,0.166667,0.111111,0.277778,1.000000,1.230769,1.125000,1.000000,1.000000
sub-f2f7e19f,0.227848,0.164557,0.291139,0.151899,0.164557,1.285714,1.181818,1.533333,1.500000,1.300000
sub-f3034678,0.146667,0.293333,0.093333,0.226667,0.240000,1.222222,1.375000,1.000000,1.214286,1.285714
sub-f35f8377,0.152174,0.206522,0.163043,0.250000,0.228261,1.272727,1.583333,1.500000,1.642857,1.400000
sub-f3bec2c7,0.205128,0.256410,0.188034,0.213675,0.136752,1.714286,1.764706,1.571429,1.785714,1.454545
sub-f41983d5,0.133929,0.276786,0.151786,0.258929,0.178571,1.500000,1.937500,1.700000,2.071429,1.428571
sub-f4267489,0.354839,0.096774,0.250000,0.120968,0.177419,2.588235,1.333333,2.066667,1.363636,2.200000
sub-f4642509,0.304348,0.139130,0.295652,0.104348,0.156522,1.944444,1.454545,2.833333,1.333333,1.384615
sub-f4a570be,0.321739,0.139130,0.200000,0.208696,0.130435,1.947368,1.600000,2.090909,1.500000,1.363636
sub-f5145b8e,0.229508,0.196721,0.229508,0.163934,0.180328,1.166667,1.200000,1.272727,1.111111,1.100000
sub-f534211d,0.183486,0.247706,0.192661,0.275229,0.100917,1.333333,1.421053,1.400000,1.875000,1.222222
sub-f54d1792,0.206897,0.241379,0.172414,0.258621,0.120690,1.090909,1.166667,1.111111,1.250000,1.166667
sub-f5592644,0.058824,0.294118,0.117647,0.176471,0.352941,1.000000,1.153846,1.000000,1.000000,1.285714
sub-f568b698,0.181818,0.245455,0.209091,0.272727,0.090909,1.818182,1.928571,1.533333,1.666667,1.250000
sub-f5aecd0c,0.235772,0.138211,0.170732,0.178862,0.276423,1.611111,1.416667,1.909091,1.692308,2.428571
sub-f5c20bf3,0.111111,0.291667,0.180556,0.236111,0.180556,1.333333,1.312500,1.181818,1.888889,1.083333
sub-f66bc32c,0.292929,0.141414,0.292929,0.161616,0.111111,1.812500,1.400000,1.933333,1.600000,1.375000
sub-f71f4e37,0.109091,0.345455,0.136364,0.354545,0.054545,1.200000,2.375000,1.250000,2.600000,1.200000
sub-f72eb6e6,0.263158,0.147368,0.284211,0.105263,0.200000,1.562500,1.076923,1.800000,1.250000,1.583333
sub-f7bf68ad,0.367521,0.068376,0.376068,0.111111,0.076923,3.071429,2.000000,2.750000,1.181818,1.800000
sub-f80dfc3d,0.183333,0.266667,0.191667,0.266667,0.091667,1.833333,1.882353,1.916667,1.882353,1.222222
sub-f85fd7b2,0.183333,0.366667,0.100000,0.333333,0.016667,1.000000,1.571429,1.200000,1.176471,1.000000
sub-f87e808d,0.120000,0.300000,0.140000,0.350000,0.090000,1.333333,1.666667,1.555556,1.666667,1.500000
sub-f88f48fa,0.262712,0.135593,0.279661,0.127119,0.194915,2.583333,2.285714,2.357143,1.875000,2.090909
sub-f900f8d1,0.245098,0.107843,0.225490,0.196078,0.225490,1.666667,1.222222,1.352941,1.428571,1.533333
sub-f988b984,0.216000,0.240000,0.208000,0.184000,0.152000,1.687500,2.000000,1.733333,1.769231,1.266667
sub-f989ab12,0.160714,0.303571,0.133929,0.294643,0.107143,1.500000,1.888889,1.666667,2.200000,1.333333
sub-f9929c46,0.235294,0.220588,0.323529,0.191176,0.029412,1.333333,1.250000,1.692308,1.300000,1.000000
sub-f99c3394,0.098361,0.270492,0.163934,0.254098,0.213115,1.714286,2.750000,1.538462,2.384615,1.857143
sub-f99df42a,0.088000,0.344000,0.136000,0.336000,0.096000,1.000000,2.388889,1.307692,2.210526,1.200000
sub-fa054068,0.262626,0.232323,0.181818,0.282828,0.040404,2.166667,1.769231,1.636364,1.647059,1.000000
sub-fa59943c,0.268293,0.109756,0.353659,0.097561,0.170732,2.000000,1.125000,2.071429,1.600000,2.000000
sub-fa6468b7,0.166667,0.291667,0.145833,0.312500,0.083333,1.000000,1.272727,1.000000,1.153846,1.333333
sub-fb0da3da,0.175926,0.231481,0.157407,0.268519,0.166667,1.461538,1.666667,1.700000,1.812500,1.384615
sub-fb171f74,0.180180,0.216216,0.189189,0.216216,0.198198,1.538462,1.411765,1.500000,1.411765,1.571429
sub-fbe5ad3c,0.138462,0.353846,0.138462,0.261538,0.107692,1.125000,1.533333,1.285714,1.214286,1.000000
sub-fc102a62,0.258065,0.080645,0.387097,0.193548,0.080645,1.600000,1.000000,1.846154,1.200000,1.000000
sub-fc143608,0.192000,0.248000,0.216000,0.200000,0.144000,1.714286,2.066667,1.800000,1.785714,1.384615
sub-fc39f12d,0.300000,0.136364,0.272727,0.136364,0.154545,1.833333,1.250000,1.764706,1.250000,1.416667
sub-fc462c95,0.235294,0.235294,0.098039,0.215686,0.215686,1.000000,1.090909,1.000000,1.375000,1.100000
sub-fc49ae05,0.386364,0.068182,0.386364,0.068182,0.090909,1.545455,1.000000,1.307692,1.000000,1.000000
sub-fc5c97ee,0.112245,0.255102,0.173469,0.265306,0.193878,1.100000,2.083333,1.307692,1.529412,2.111111
sub-fc9043fa,0.406250,0.031250,0.421875,0.031250,0.109375,2.000000,2.000000,2.076923,1.000000,1.166667
sub-fc92ad12,0.273504,0.188034,0.153846,0.094017,0.290598,1.882353,1.571429,1.285714,1.375000,1.789474
sub-fcf62c5e,0.304000,0.136000,0.296000,0.120000,0.144000,2.375000,1.545455,2.055556,1.250000,1.500000
sub-fd55fbb1,0.224138,0.241379,0.224138,0.129310,0.181034,2.000000,1.647059,2.166667,1.363636,1.500000
sub-fd6b7648,0.163793,0.172414,0.206897,0.250000,0.206897,1.727273,1.428571,1.714286,1.526316,1.500000
sub-fe159024,0.336538,0.105769,0.288462,0.153846,0.115385,1.842105,1.222222,1.875000,1.142857,1.500000
sub-fe35def7,0.303797,0.164557,0.113924,0.164557,0.253165,1.714286,1.300000,1.285714,1.444444,1.538462
sub-fe9b843e,0.103896,0.285714,0.116883,0.311688,0.181818,1.142857,1.571429,1.125000,1.714286,1.166667
sub-fec1d802,0.050847,0.296610,0.118644,0.338983,0.194915,1.000000,2.058824,1.555556,2.352941,1.916667
sub-fec6b3b3,0.100000,0.358333,0.141667,0.250000,0.150000,1.333333,2.388889,1.416667,2.142857,1.636364
sub-fee9195f,0.233645,0.186916,0.168224,0.271028,0.140187,1.562500,1.428571,1.500000,1.705882,1.875000
sub-ff10861b,0.281553,0.135922,0.310680,0.165049,0.106796,1.812500,1.272727,2.133333,1.545455,1.222222
sub-ff1e1209,0.336207,0.163793,0.275862,0.155172,0.068966,2.600000,1.583333,2.909091,1.800000,1.142857
sub-ff2be107,0.146341,0.252033,0.146341,0.227642,0.227642,1.285714,1.823529,1.636364,1.866667,2.000000
sub-ff7855eb,0.072464,0.333333,0.101449,0.275362,0.217391,1.000000,1.642857,1.166667,1.357143,1.363636
sub-ff86147c,0.205357,0.205357,0.196429,0.214286,0.178571,1.533333,1.533333,1.571429,1.600000,1.538462
sub-ffc734a9,0.200000,0.169231,0.169231,0.153846,0.307692,1.444444,1.222222,1.222222,1.111111,1.538462
