ID,fracocc_1,fracocc_2,fracocc_3,fracocc_4,fracocc_5,dwell_1,dwell_2,dwell_3,dwell_4,dwell_5
sub-0065c4e7,0.229167,0.177083,0.343750,0.156250,0.093750,4.400000,2.428571,3.666667,2.500000,3.000000
sub-0223ca30,0.382979,0.063830,0.276596,0.212766,0.063830,4.500000,1.500000,3.250000,3.333333,1.500000
sub-028396a2,0.145833,0.333333,0.104167,0.354167,0.062500,1.750000,5.333333,2.500000,4.250000,3.000000
sub-030862f3,0.181818,0.295455,0.147727,0.113636,0.261364,3.200000,5.200000,2.600000,2.500000,4.600000
sub-0424f0cc,0.083333,0.100000,0.200000,0.216667,0.400000,2.500000,2.000000,3.000000,4.333333,4.800000
sub-05804543,0.214286,0.306122,0.183673,0.183673,0.112245,2.625000,3.750000,3.000000,3.600000,1.833333
sub-05b68380,0.137255,0.254902,0.078431,0.352941,0.176471,1.750000,4.333333,2.000000,4.500000,4.500000
sub-0619f332,0.252252,0.162162,0.198198,0.225225,0.162162,4.666667,2.250000,3.142857,3.125000,4.500000
sub-0677b0ae,0.305263,0.178947,0.136842,0.231579,0.147368,3.625000,2.833333,1.857143,3.142857,2.800000
sub-075ba38c,0.072727,0.236364,0.054545,0.236364,0.400000,1.333333,2.600000,1.000000,3.250000,5.500000
sub-078d0115,0.155963,0.366972,0.110092,0.229358,0.137615,2.833333,5.000000,2.400000,4.166667,3.750000
sub-079ad0b1,0.262712,0.186441,0.262712,0.110169,0.177966,4.428571,2.750000,2.818182,3.250000,3.500000
sub-08bdadc8,0.157143,0.285714,0.057143,0.271429,0.228571,1.833333,3.333333,2.000000,3.166667,4.000000
sub-08fc6819,0.346774,0.217742,0.258065,0.112903,0.064516,6.142857,3.857143,5.333333,2.333333,2.666667
sub-09ff79ff,0.218182,0.181818,0.309091,0.181818,0.109091,3.000000,2.500000,3.400000,2.500000,1.500000
sub-0aa36d72,0.359375,0.078125,0.437500,0.046875,0.078125,5.750000,2.500000,9.333333,1.500000,2.500000
sub-0ab8eedd,0.138889,0.319444,0.069444,0.277778,0.194444,2.500000,4.600000,1.666667,4.000000,3.500000
sub-0bb849b5,0.113636,0.272727,0.147727,0.352273,0.113636,2.000000,4.000000,3.250000,5.166667,2.500000
sub-0d109f78,0.213483,0.157303,0.337079,0.202247,0.089888,3.800000,2.000000,4.285714,3.600000,2.666667
sub-0d4055a4,0.133333,0.233333,0.233333,0.116667,0.283333,2.000000,2.333333,2.800000,3.500000,3.400000
sub-0ea01690,0.234043,0.255319,0.170213,0.170213,0.170213,2.750000,3.000000,4.000000,2.666667,4.000000
sub-0f6654ce,0.215909,0.181818,0.170455,0.090909,0.340909,3.166667,3.200000,1.875000,2.666667,4.285714
sub-0ffb32d2,0.313725,0.245098,0.186275,0.137255,0.117647,4.000000,4.166667,2.714286,2.800000,2.400000
sub-1000f047,0.278481,0.151899,0.227848,0.215190,0.126582,4.400000,3.000000,4.500000,2.833333,3.333333
sub-11094134,0.115385,0.384615,0.096154,0.230769,0.173077,3.000000,5.000000,2.500000,3.000000,2.250000
sub-143c05b0,0.094828,0.370690,0.146552,0.198276,0.189655,2.750000,7.166667,2.833333,3.833333,3.666667
sub-14921d16,0.191304,0.252174,0.130435,0.295652,0.130435,4.400000,4.833333,3.000000,4.857143,2.142857
sub-156dd92b,0.205882,0.205882,0.235294,0.117647,0.235294,3.500000,4.200000,4.800000,4.000000,4.800000
sub-15a45610,0.174419,0.313953,0.151163,0.151163,0.209302,2.500000,3.857143,3.250000,3.250000,4.500000
sub-15bf4c30,0.270588,0.223529,0.282353,0.141176,0.082353,3.833333,3.166667,3.428571,2.000000,1.750000
sub-16f7c767,0.200000,0.300000,0.000000,0.275000,0.225000,2.000000,3.000000,NaN,2.750000,3.000000
sub-185510a2,0.085106,0.234043,0.117021,0.308511,0.255319,2.000000,3.666667,2.750000,4.142857,4.800000
sub-18843b7b,0.325581,0.000000,0.302326,0.116279,0.255814,3.500000,NaN,4.333333,1.666667,2.750000
sub-18dcd71e,0.121495,0.271028,0.093458,0.299065,0.214953,2.600000,4.142857,3.333333,4.000000,4.600000
sub-1a7ffbab,0.200000,0.182609,0.217391,0.260870,0.139130,3.285714,3.500000,3.571429,3.000000,2.285714
sub-1bd6ef0e,0.068182,0.136364,0.272727,0.409091,0.113636,1.000000,3.000000,4.000000,3.600000,5.000000
sub-1c9dca29,0.266055,0.146789,0.256881,0.073394,0.256881,4.833333,2.666667,4.666667,2.666667,4.666667
sub-1e805bd2,0.038462,0.250000,0.096154,0.384615,0.230769,2.000000,4.333333,2.500000,4.000000,3.000000
sub-1f989207,0.395349,0.127907,0.360465,0.058140,0.058140,5.666667,3.666667,6.200000,1.666667,2.500000
sub-1fead018,0.116667,0.316667,0.116667,0.166667,0.283333,2.333333,6.333333,2.333333,3.333333,4.250000
sub-20a17075,0.213115,0.196721,0.196721,0.139344,0.254098,3.714286,3.000000,3.000000,3.400000,5.166667
sub-20a2b1b4,0.107692,0.246154,0.153846,0.338462,0.153846,3.500000,4.000000,2.500000,4.400000,3.333333
sub-20b7485e,0.056338,0.211268,0.225352,0.126761,0.380282,1.333333,3.000000,5.333333,1.800000,4.500000
sub-20d43624,0.000000,0.428571,0.102041,0.285714,0.183673,NaN,5.250000,2.500000,2.800000,2.250000
sub-22c762ef,0.373333,0.013333,0.360000,0.066667,0.186667,3.500000,1.000000,4.500000,1.250000,2.800000
sub-23826a62,0.191304,0.286957,0.069565,0.226087,0.226087,2.750000,6.600000,4.000000,4.333333,3.714286
sub-23ae845f,0.217822,0.099010,0.118812,0.237624,0.326733,3.666667,2.500000,2.000000,3.000000,5.500000
sub-24995e17,0.180000,0.180000,0.300000,0.260000,0.080000,3.000000,2.250000,3.000000,2.600000,4.000000
sub-24c13105,0.115789,0.315789,0.073684,0.284211,0.210526,2.200000,5.000000,2.333333,3.857143,2.857143
sub-24ed9807,0.200000,0.215385,0.184615,0.200000,0.200000,2.600000,2.000000,2.400000,3.250000,3.250000
sub-257bbec9,0.366667,0.200000,0.200000,0.116667,0.116667,4.400000,3.000000,2.400000,2.333333,1.750000
sub-28a0fdd3,0.314815,0.111111,0.425926,0.111111,0.037037,4.250000,2.000000,4.600000,6.000000,1.000000
sub-28c7360d,0.183673,0.183673,0.132653,0.173469,0.326531,3.000000,2.571429,2.166667,3.400000,5.333333
sub-29855626,0.216216,0.270270,0.108108,0.202703,0.202703,4.000000,4.000000,2.000000,3.750000,2.142857
sub-2b4ee1eb,0.300885,0.132743,0.123894,0.097345,0.345133,4.857143,3.000000,2.800000,3.666667,5.571429
sub-2ca8e629,0.204545,0.159091,0.215909,0.238636,0.181818,3.600000,2.800000,4.750000,3.500000,3.200000
sub-2e02a615,0.233333,0.200000,0.277778,0.133333,0.155556,3.500000,2.571429,4.166667,4.000000,2.800000
sub-2e2c9089,0.117647,0.294118,0.205882,0.102941,0.279412,2.000000,4.000000,2.800000,1.750000,3.166667
sub-30ab196e,0.130435,0.217391,0.108696,0.413043,0.130435,3.000000,2.500000,5.000000,3.800000,3.000000
sub-31c71fe5,0.192771,0.277108,0.228916,0.240964,0.060241,4.000000,3.833333,3.166667,3.333333,1.666667
sub-32ad6734,0.207921,0.168317,0.118812,0.297030,0.207921,4.200000,2.428571,4.000000,5.000000,2.625000
sub-33aa81b1,0.250000,0.276316,0.039474,0.210526,0.223684,3.166667,3.000000,1.500000,2.666667,3.400000
sub-3405c96d,0.133333,0.183333,0.200000,0.216667,0.266667,2.000000,2.750000,6.000000,2.600000,4.000000
sub-34458bb9,0.230769,0.241758,0.164835,0.230769,0.131868,3.500000,4.400000,3.750000,3.500000,4.000000
sub-34539ef6,0.115385,0.307692,0.076923,0.282051,0.217949,2.250000,4.000000,2.000000,3.666667,4.250000
sub-363fef83,0.233645,0.121495,0.149533,0.317757,0.177570,4.166667,4.333333,5.333333,5.666667,4.750000
sub-3948081f,0.287500,0.162500,0.062500,0.137500,0.350000,4.600000,3.250000,1.666667,2.750000,4.000000
sub-395cc66e,0.114754,0.229508,0.278689,0.163934,0.213115,2.333333,3.500000,2.428571,2.500000,2.166667
sub-39ec2b3a,0.267442,0.232558,0.151163,0.139535,0.209302,3.285714,2.857143,1.857143,1.714286,2.000000
sub-3a64891e,0.274510,0.127451,0.294118,0.245098,0.058824,4.666667,1.857143,7.500000,4.166667,2.000000
sub-3afc22be,0.136842,0.168421,0.242105,0.263158,0.189474,2.600000,2.285714,2.875000,3.125000,3.600000
sub-3c412bbf,0.163636,0.172727,0.209091,0.118182,0.336364,3.600000,2.375000,3.285714,2.600000,5.285714
sub-3c46c07f,0.170213,0.255319,0.265957,0.212766,0.095745,3.200000,3.428571,3.125000,3.333333,2.250000
sub-3e8e8f70,0.169014,0.253521,0.070423,0.323944,0.183099,4.000000,3.600000,2.500000,4.600000,1.857143
sub-3fa321e5,0.274194,0.129032,0.306452,0.112903,0.177419,3.400000,2.666667,4.750000,1.750000,2.200000
sub-3fdf00ec,0.262136,0.233010,0.174757,0.145631,0.184466,3.000000,3.000000,3.000000,3.000000,3.166667
sub-40a8af30,0.145161,0.241935,0.145161,0.322581,0.145161,2.250000,3.750000,3.000000,2.857143,1.500000
sub-40cd38aa,0.323529,0.176471,0.225490,0.049020,0.225490,6.600000,4.500000,4.600000,1.250000,3.833333
sub-4116e37f,0.039216,0.450980,0.039216,0.156863,0.313725,1.000000,5.750000,1.000000,2.000000,5.333333
sub-41837856,0.298246,0.175439,0.228070,0.175439,0.122807,4.250000,2.500000,2.600000,3.333333,3.500000
sub-41c65311,0.077922,0.285714,0.064935,0.337662,0.233766,3.000000,3.142857,1.666667,5.200000,3.600000
sub-42be1b79,0.348214,0.125000,0.348214,0.035714,0.142857,5.571429,4.666667,7.800000,1.333333,3.200000
sub-42ff619b,0.040816,0.306122,0.061224,0.408163,0.183673,1.000000,2.500000,1.500000,4.000000,2.250000
sub-43687c63,0.206897,0.224138,0.258621,0.163793,0.146552,4.800000,6.500000,3.333333,3.166667,3.400000
sub-43e6771c,0.197917,0.270833,0.093750,0.197917,0.239583,3.166667,4.333333,3.000000,3.800000,3.833333
sub-4507f914,0.203390,0.211864,0.228814,0.254237,0.101695,4.000000,3.571429,4.500000,4.285714,2.400000
sub-459d2f41,0.200000,0.181818,0.109091,0.272727,0.236364,2.750000,2.000000,2.000000,3.000000,2.600000
sub-45bcc689,0.253731,0.238806,0.149254,0.194030,0.164179,3.400000,3.200000,2.500000,3.250000,2.200000
sub-45c1d1f7,0.333333,0.148148,0.277778,0.166667,0.074074,3.600000,2.666667,3.750000,2.250000,1.000000
sub-45d3f841,0.189873,0.189873,0.164557,0.215190,0.240506,2.500000,3.000000,2.166667,3.400000,3.800000
sub-477fa3ad,0.289474,0.144737,0.289474,0.171053,0.105263,4.400000,2.750000,3.142857,2.166667,1.600000
sub-481c79cc,0.021739,0.456522,0.130435,0.260870,0.130435,1.000000,5.250000,6.000000,2.400000,3.000000
sub-48aef4b5,0.259259,0.129630,0.296296,0.185185,0.129630,4.666667,2.800000,5.333333,4.000000,2.800000
sub-48b8b0e4,0.071429,0.442857,0.128571,0.271429,0.085714,1.666667,5.166667,2.250000,3.800000,2.000000
sub-4ac4cb0a,0.130952,0.357143,0.083333,0.214286,0.214286,2.750000,4.285714,1.750000,3.000000,4.500000
sub-4ac8cb38,0.272727,0.193182,0.159091,0.215909,0.159091,4.800000,3.400000,3.500000,4.750000,3.500000
sub-4b1369b2,0.223301,0.242718,0.194175,0.097087,0.242718,3.833333,3.125000,3.333333,2.500000,3.571429
sub-4cff45db,0.342105,0.078947,0.342105,0.078947,0.157895,5.200000,3.000000,4.333333,2.000000,4.000000
sub-4d7b20c6,0.352273,0.125000,0.238636,0.090909,0.193182,6.200000,3.666667,3.500000,2.666667,3.400000
sub-4ddbfa65,0.086957,0.217391,0.260870,0.152174,0.282609,2.000000,3.333333,4.000000,2.333333,2.600000
sub-4e349387,0.316667,0.150000,0.225000,0.133333,0.175000,3.800000,2.250000,3.857143,2.666667,3.000000
sub-4e6e7db0,0.237113,0.206186,0.134021,0.237113,0.185567,2.875000,3.333333,2.600000,3.285714,3.600000
sub-4fc822e3,0.375000,0.187500,0.104167,0.229167,0.104167,3.600000,3.000000,1.666667,2.200000,2.500000
sub-501a5ca8,0.230769,0.115385,0.288462,0.173077,0.192308,3.000000,2.000000,5.000000,4.500000,3.333333
sub-503252d4,0.314815,0.166667,0.129630,0.166667,0.222222,8.500000,4.500000,3.500000,2.250000,4.000000
sub-50537bb4,0.037736,0.132075,0.075472,0.396226,0.358491,2.000000,1.400000,1.000000,3.500000,3.800000
sub-50dcaf86,0.365854,0.170732,0.048780,0.243902,0.170732,5.000000,2.333333,2.000000,2.500000,3.500000
sub-512e75ea,0.240000,0.026667,0.293333,0.186667,0.253333,3.000000,2.000000,5.500000,2.800000,3.800000
sub-52aa46c0,0.152542,0.288136,0.237288,0.169492,0.152542,2.250000,3.400000,2.800000,2.000000,3.000000
sub-53072377,0.120000,0.060000,0.380000,0.240000,0.200000,3.000000,1.500000,3.800000,3.000000,5.000000
sub-554535d0,0.239316,0.188034,0.136752,0.128205,0.307692,4.666667,4.400000,3.200000,2.142857,4.500000
sub-565f562c,0.207317,0.256098,0.158537,0.097561,0.280488,3.400000,3.000000,3.250000,2.666667,3.285714
sub-56e0ac2b,0.212963,0.185185,0.129630,0.175926,0.296296,3.833333,4.000000,3.500000,3.166667,6.400000
sub-57c8968f,0.219178,0.205479,0.150685,0.191781,0.232877,4.000000,5.000000,2.200000,3.500000,4.250000
sub-583b83af,0.275000,0.200000,0.225000,0.250000,0.050000,2.200000,2.000000,3.000000,2.500000,2.000000
sub-585b8040,0.125000,0.261364,0.147727,0.204545,0.261364,3.666667,3.833333,3.250000,4.500000,4.600000
sub-5a17c30b,0.200000,0.150000,0.000000,0.375000,0.275000,2.000000,2.000000,NaN,3.750000,5.500000
sub-5ac87eeb,0.400000,0.066667,0.383333,0.066667,0.083333,9.600000,1.600000,7.666667,2.666667,3.333333
sub-5bf7016d,0.144330,0.247423,0.154639,0.195876,0.257732,3.500000,6.000000,2.500000,2.714286,5.000000
sub-5c99d342,0.229358,0.256881,0.137615,0.211009,0.165138,3.571429,5.600000,2.500000,2.875000,4.500000
sub-5ca5829f,0.063063,0.324324,0.153153,0.234234,0.225225,2.333333,6.000000,3.400000,3.250000,4.166667
sub-5dd303b2,0.063830,0.276596,0.234043,0.212766,0.212766,3.000000,2.600000,3.666667,3.333333,3.333333
sub-5e1d9c42,0.310924,0.109244,0.159664,0.100840,0.319328,6.166667,2.166667,3.166667,2.000000,4.750000
sub-5e1f7ed3,0.155340,0.194175,0.281553,0.233010,0.135922,8.000000,2.857143,4.142857,4.000000,2.800000
sub-5e3c3afb,0.176000,0.360000,0.208000,0.128000,0.128000,3.666667,5.625000,4.333333,3.200000,3.200000
sub-5e9dcb61,0.276190,0.200000,0.238095,0.104762,0.180952,4.833333,4.200000,6.250000,2.750000,3.800000
sub-5f0402f7,0.165138,0.339450,0.238532,0.211009,0.045872,3.600000,6.166667,4.333333,3.285714,2.500000
sub-5f1d259b,0.126984,0.396825,0.047619,0.301587,0.126984,2.000000,4.166667,1.500000,3.166667,4.000000
sub-60e4dbc3,0.153226,0.290323,0.217742,0.169355,0.169355,3.800000,5.142857,3.857143,3.000000,7.000000
sub-6104407d,0.219178,0.150685,0.164384,0.246575,0.219178,4.000000,3.666667,3.000000,3.600000,3.200000
sub-61d78bb2,0.295082,0.196721,0.196721,0.147541,0.163934,3.600000,3.000000,3.000000,2.250000,2.500000
sub-61eac6f3,0.242424,0.262626,0.131313,0.161616,0.202020,3.428571,4.333333,2.600000,3.200000,4.000000
sub-691a4577,0.200000,0.200000,0.327273,0.236364,0.036364,2.200000,2.750000,4.500000,3.250000,2.000000
sub-6af6e0f1,0.254545,0.236364,0.181818,0.272727,0.054545,2.333333,2.600000,3.333333,3.000000,1.500000
sub-6b6e11f5,0.317073,0.219512,0.219512,0.243902,0.000000,4.333333,3.000000,4.500000,5.000000,NaN
sub-6b998730,0.351852,0.055556,0.222222,0.203704,0.166667,3.166667,1.000000,3.000000,2.200000,2.250000
sub-6bc464da,0.160920,0.264368,0.137931,0.218391,0.218391,3.500000,3.833333,3.000000,3.800000,4.750000
sub-6bd58939,0.236111,0.263889,0.166667,0.194444,0.138889,4.250000,4.750000,3.000000,2.333333,2.500000
sub-6bdfd645,0.166667,0.125000,0.291667,0.166667,0.250000,4.000000,1.200000,3.500000,2.666667,4.000000
sub-6ce2c563,0.310000,0.240000,0.190000,0.050000,0.210000,6.200000,4.000000,6.333333,1.666667,5.250000
sub-6d1c00b7,0.200000,0.173333,0.280000,0.186667,0.160000,3.750000,2.600000,4.200000,2.800000,3.000000
sub-6d602a07,0.287879,0.136364,0.333333,0.166667,0.075758,3.800000,2.250000,4.400000,2.750000,1.666667
sub-6d6b950c,0.150943,0.339623,0.207547,0.188679,0.113208,2.000000,4.500000,2.200000,2.500000,2.000000
sub-6db06aa3,0.209677,0.241935,0.064516,0.241935,0.241935,2.600000,3.000000,2.000000,2.500000,2.142857
sub-6fb0f8d7,0.293103,0.103448,0.224138,0.206897,0.172414,3.400000,2.000000,2.600000,2.000000,3.333333
sub-6fb39ec0,0.133333,0.325000,0.100000,0.358333,0.083333,3.200000,7.800000,6.000000,6.142857,3.333333
sub-7313c72c,0.114943,0.183908,0.241379,0.160920,0.298851,2.500000,3.200000,3.500000,2.333333,3.714286
sub-756d664c,0.452381,0.071429,0.238095,0.095238,0.142857,3.800000,1.500000,2.500000,2.000000,2.000000
sub-75bb5553,0.314050,0.190083,0.305785,0.049587,0.140496,4.750000,4.600000,4.625000,2.000000,2.833333
sub-78ebedd2,0.112360,0.280899,0.157303,0.247191,0.202247,2.000000,2.500000,3.500000,3.142857,2.571429
sub-793cb691,0.340000,0.160000,0.260000,0.060000,0.180000,4.250000,2.666667,3.250000,1.000000,2.250000
sub-7aee16bc,0.242991,0.140187,0.271028,0.121495,0.224299,4.333333,3.750000,2.900000,2.166667,3.000000
sub-7b21550b,0.281250,0.156250,0.187500,0.078125,0.296875,3.600000,2.500000,2.400000,1.666667,3.166667
sub-7bb3c4d7,0.203252,0.154472,0.349593,0.162602,0.130081,4.166667,3.800000,7.166667,3.333333,2.666667
sub-7eea71d8,0.163462,0.298077,0.173077,0.182692,0.182692,2.833333,3.444444,2.571429,2.714286,2.714286
sub-8085a954,0.197183,0.309859,0.070423,0.084507,0.338028,2.333333,3.142857,1.666667,1.500000,4.000000
sub-818c4a36,0.258427,0.235955,0.258427,0.101124,0.146067,3.285714,4.200000,3.833333,2.250000,2.600000
sub-82746982,0.147826,0.269565,0.156522,0.191304,0.234783,2.428571,5.166667,2.571429,2.444444,3.857143
sub-82825229,0.340659,0.131868,0.153846,0.087912,0.285714,4.428571,3.000000,3.500000,1.600000,5.200000
sub-83586c4d,0.119048,0.095238,0.166667,0.452381,0.166667,2.500000,2.000000,2.333333,4.750000,2.333333
sub-83db705c,0.277778,0.055556,0.398148,0.120370,0.148148,5.000000,1.200000,7.166667,2.166667,2.666667
sub-8566bafc,0.204918,0.180328,0.221311,0.278689,0.114754,3.571429,4.400000,3.857143,4.857143,2.800000
sub-85e64ddb,0.323529,0.215686,0.215686,0.137255,0.107843,4.714286,3.666667,3.666667,2.333333,2.750000
sub-8654789d,0.363636,0.000000,0.474747,0.050505,0.111111,6.000000,NaN,6.714286,2.500000,3.666667
sub-86be733a,0.266129,0.145161,0.233871,0.153226,0.201613,5.500000,3.000000,4.833333,3.166667,5.000000
sub-88925b80,0.308511,0.170213,0.244681,0.053191,0.223404,4.142857,3.200000,3.833333,1.666667,4.200000
sub-88dc1dcf,0.090909,0.327273,0.254545,0.236364,0.090909,1.250000,3.000000,2.800000,2.600000,1.666667
sub-8a8e58c7,0.320000,0.120000,0.380000,0.080000,0.100000,4.000000,3.000000,3.800000,1.000000,2.500000
sub-8b339985,0.166667,0.230769,0.320513,0.128205,0.153846,1.625000,2.000000,2.777778,3.333333,2.000000
sub-8c4e9db4,0.211864,0.152542,0.084746,0.279661,0.271186,4.166667,3.000000,2.500000,3.666667,3.555556
sub-8c9f12d7,0.309091,0.109091,0.181818,0.254545,0.145455,4.250000,3.000000,3.333333,2.800000,2.000000
sub-8dd8aae9,0.317308,0.182692,0.221154,0.153846,0.125000,5.500000,3.800000,3.833333,2.666667,2.166667
sub-8ed3da91,0.107143,0.241071,0.178571,0.223214,0.250000,2.400000,3.857143,3.333333,6.250000,3.500000
sub-8ef356b5,0.377778,0.155556,0.266667,0.066667,0.133333,2.833333,1.750000,3.000000,1.000000,3.000000
sub-8f4474ef,0.320755,0.075472,0.226415,0.150943,0.226415,4.250000,1.333333,4.000000,2.666667,3.000000
sub-91f6cb54,0.322581,0.129032,0.258065,0.129032,0.161290,3.333333,2.666667,4.000000,1.600000,3.333333
sub-93f05d08,0.216667,0.200000,0.166667,0.366667,0.050000,2.600000,3.000000,2.500000,3.666667,1.000000
sub-941fc5cd,0.134615,0.346154,0.211538,0.250000,0.057692,2.333333,3.600000,3.666667,2.600000,3.000000
sub-94785f0d,0.322034,0.033898,0.322034,0.135593,0.186441,3.800000,1.000000,3.800000,2.666667,2.750000
sub-9504cb5a,0.224490,0.204082,0.214286,0.224490,0.132653,4.400000,3.333333,3.000000,2.750000,3.250000
sub-96af5d3c,0.275510,0.173469,0.224490,0.142857,0.183673,3.857143,2.833333,2.750000,1.750000,2.571429
sub-97594e87,0.277778,0.222222,0.152778,0.152778,0.194444,3.333333,4.000000,2.750000,1.833333,2.333333
sub-976c58d9,0.092105,0.407895,0.052632,0.210526,0.236842,2.333333,5.166667,2.000000,2.285714,3.000000
sub-97910eaf,0.113821,0.227642,0.227642,0.252033,0.178862,3.500000,5.600000,5.600000,3.875000,3.666667
sub-97cf1a68,0.139130,0.295652,0.130435,0.243478,0.191304,4.000000,4.250000,2.500000,3.500000,3.666667
sub-985ef253,0.270270,0.121622,0.121622,0.216216,0.270270,3.333333,3.000000,1.800000,2.666667,3.333333
sub-98d3f087,0.300000,0.116667,0.375000,0.075000,0.133333,6.000000,2.800000,9.000000,1.800000,2.666667
sub-99b5018c,0.328571,0.214286,0.214286,0.242857,0.000000,5.750000,3.000000,3.750000,4.250000,NaN
sub-9aa5814f,0.071429,0.119048,0.071429,0.500000,0.238095,1.500000,2.500000,3.000000,7.000000,3.333333
sub-9acb1fd7,0.218750,0.208333,0.270833,0.208333,0.093750,2.625000,4.000000,5.200000,3.333333,4.500000
sub-9b2c8458,0.183673,0.183673,0.387755,0.204082,0.040816,2.250000,3.000000,3.800000,2.500000,2.000000
sub-9b74c8eb,0.100000,0.228571,0.328571,0.157143,0.185714,1.400000,3.200000,4.600000,2.750000,3.250000
sub-9b8257bc,0.198020,0.227723,0.336634,0.138614,0.099010,3.333333,3.285714,4.250000,2.333333,3.333333
sub-9bcea9fc,0.220779,0.116883,0.272727,0.129870,0.259740,2.833333,2.250000,4.200000,2.000000,2.857143
sub-9c80ad67,0.194444,0.180556,0.222222,0.166667,0.236111,2.800000,2.600000,3.200000,3.000000,3.400000
sub-9d4ff737,0.306122,0.081633,0.214286,0.132653,0.265306,3.750000,1.333333,3.000000,2.600000,3.714286
sub-9db0a7f0,0.231405,0.107438,0.256198,0.140496,0.264463,5.600000,2.166667,6.200000,5.666667,4.571429
sub-9e24a8ff,0.238806,0.089552,0.194030,0.119403,0.358209,3.200000,2.000000,3.250000,1.600000,3.428571
sub-9e2b9c23,0.242718,0.213592,0.262136,0.116505,0.165049,4.166667,3.666667,3.375000,1.714286,2.833333
sub-9e34055d,0.173913,0.206522,0.163043,0.228261,0.228261,4.000000,4.750000,2.500000,5.250000,4.200000
sub-9e6499e6,0.067797,0.322034,0.135593,0.220339,0.254237,1.333333,3.800000,2.000000,2.600000,2.500000
sub-a1093cbb,0.295455,0.068182,0.363636,0.045455,0.227273,4.333333,1.000000,3.200000,2.000000,2.500000
sub-a129f7e8,0.257426,0.178218,0.326733,0.069307,0.168317,6.500000,2.571429,5.500000,3.500000,2.428571
sub-a1b767d5,0.218750,0.281250,0.015625,0.218750,0.265625,3.500000,3.000000,1.000000,2.333333,2.833333
sub-a21927f3,0.212121,0.151515,0.318182,0.151515,0.166667,4.666667,1.666667,3.500000,2.500000,3.666667
sub-a2944031,0.150000,0.350000,0.208333,0.225000,0.066667,2.250000,6.000000,3.571429,5.400000,2.666667
sub-a358a3a4,0.320000,0.173333,0.186667,0.106667,0.213333,4.800000,2.600000,2.800000,2.000000,3.200000
sub-a37de315,0.258065,0.193548,0.225806,0.118280,0.204301,2.666667,3.600000,3.000000,1.222222,3.800000
sub-a4dfe556,0.244898,0.244898,0.204082,0.163265,0.142857,3.000000,4.000000,2.500000,2.666667,1.750000
sub-a68050b1,0.206349,0.222222,0.142857,0.222222,0.206349,2.600000,3.500000,3.000000,2.333333,3.250000
sub-a6845558,0.000000,0.387755,0.102041,0.326531,0.183673,NaN,3.800000,2.500000,4.000000,2.250000
sub-a703404d,0.138298,0.223404,0.159574,0.202128,0.276596,2.600000,4.200000,2.142857,2.714286,3.250000
sub-a71c7da1,0.296000,0.216000,0.232000,0.088000,0.168000,4.625000,3.000000,4.142857,2.200000,3.500000
sub-a728fc66,0.293103,0.103448,0.206897,0.137931,0.258621,3.400000,2.000000,4.000000,2.000000,5.000000
sub-a7d28b7c,0.320988,0.172840,0.234568,0.061728,0.209877,5.200000,2.000000,3.166667,1.666667,2.833333
sub-a8082cd3,0.070175,0.210526,0.122807,0.403509,0.192982,2.000000,2.000000,2.333333,3.285714,2.750000
sub-aa8a3cb1,0.442623,0.065574,0.278689,0.147541,0.065574,5.400000,1.333333,5.666667,4.500000,2.000000
sub-aec865ff,0.314607,0.078652,0.325843,0.134831,0.146067,3.500000,1.750000,4.142857,2.400000,2.600000
sub-af240e16,0.088608,0.164557,0.151899,0.303797,0.291139,1.750000,3.250000,2.000000,3.000000,3.833333
sub-af7fa8b2,0.130435,0.318841,0.028986,0.289855,0.231884,1.800000,3.666667,2.000000,2.000000,3.200000
sub-aff59dff,0.322034,0.093220,0.237288,0.093220,0.254237,5.428571,3.666667,4.000000,1.833333,4.285714
sub-b012e893,0.294872,0.153846,0.294872,0.153846,0.102564,3.833333,2.000000,3.833333,1.714286,2.000000
sub-b2ac5f9e,0.098592,0.239437,0.070423,0.309859,0.281690,2.333333,2.833333,1.666667,4.400000,5.000000
sub-b317bcc8,0.200000,0.160000,0.210000,0.200000,0.230000,4.000000,3.200000,4.200000,4.000000,5.750000
sub-b3854719,0.125000,0.339286,0.080357,0.294643,0.160714,2.800000,6.333333,2.250000,4.714286,3.000000
sub-b3ae415f,0.217822,0.188119,0.227723,0.108911,0.257426,5.500000,3.166667,3.833333,2.750000,4.333333
sub-b481fb9d,0.095238,0.349206,0.015873,0.460317,0.079365,2.000000,4.400000,1.000000,4.833333,1.666667
sub-b76cf101,0.224138,0.086207,0.241379,0.068966,0.379310,3.250000,1.666667,3.500000,2.000000,3.666667
sub-b79be773,0.253968,0.126984,0.285714,0.095238,0.238095,2.666667,2.666667,4.500000,3.000000,3.000000
sub-b84803bf,0.171875,0.187500,0.156250,0.312500,0.171875,1.833333,2.000000,2.000000,3.333333,2.200000
sub-b950b436,0.222222,0.088889,0.333333,0.222222,0.133333,2.500000,4.000000,5.000000,2.500000,2.000000
sub-b9667750,0.232558,0.197674,0.267442,0.232558,0.069767,3.333333,2.428571,5.750000,3.333333,2.000000
sub-b9f8cd4b,0.319149,0.106383,0.170213,0.276596,0.127660,3.750000,1.666667,4.000000,2.600000,2.000000
sub-ba3277f2,0.237288,0.203390,0.203390,0.118644,0.237288,4.666667,4.800000,4.000000,2.800000,3.500000
sub-ba56b6ca,0.000000,0.375000,0.125000,0.500000,0.000000,NaN,7.500000,2.500000,10.000000,NaN
sub-baf53535,0.365854,0.024390,0.243902,0.146341,0.219512,3.750000,1.000000,3.333333,2.000000,2.250000
sub-bdf448af,0.152941,0.211765,0.176471,0.329412,0.129412,3.250000,3.000000,2.142857,3.111111,2.750000
sub-bf2215fd,0.196721,0.229508,0.147541,0.229508,0.196721,3.000000,3.500000,1.800000,3.500000,2.000000
sub-bf23e532,0.194805,0.285714,0.194805,0.220779,0.103896,3.000000,3.142857,3.000000,3.400000,2.666667
sub-bf8006d0,0.115385,0.269231,0.153846,0.250000,0.211538,2.000000,4.666667,2.666667,3.250000,2.750000
sub-bfd08f6e,0.223140,0.247934,0.115702,0.190083,0.223140,4.500000,3.750000,2.800000,3.833333,3.857143
sub-c1df6983,0.295455,0.113636,0.340909,0.204545,0.045455,2.600000,1.666667,3.750000,2.250000,2.000000
sub-c4852797,0.361111,0.092593,0.222222,0.175926,0.148148,4.875000,2.500000,4.800000,3.166667,5.333333
sub-c5361f39,0.197917,0.125000,0.385417,0.239583,0.052083,2.714286,1.714286,4.625000,2.875000,1.250000
sub-c6067bf1,0.030303,0.333333,0.136364,0.196970,0.303030,2.000000,3.666667,2.250000,2.166667,3.333333
sub-c8f57d40,0.260000,0.200000,0.340000,0.080000,0.120000,2.166667,2.000000,2.833333,1.333333,3.000000
sub-cb0dc161,0.333333,0.175926,0.203704,0.111111,0.175926,6.000000,2.111111,3.142857,3.000000,3.166667
sub-cb5b6306,0.235955,0.213483,0.258427,0.168539,0.123596,5.250000,4.750000,4.600000,2.500000,2.200000
sub-cb923e06,0.387755,0.102041,0.295918,0.132653,0.081633,5.428571,3.333333,7.250000,2.600000,4.000000
sub-ce750484,0.375000,0.113636,0.136364,0.125000,0.250000,5.500000,3.333333,2.400000,2.200000,4.400000
sub-ce7557cd,0.195122,0.268293,0.000000,0.170732,0.365854,2.666667,2.750000,NaN,2.333333,3.750000
sub-ce94d8e0,0.223684,0.289474,0.184211,0.276316,0.026316,3.400000,7.333333,2.800000,4.200000,1.000000
sub-cf96c936,0.314815,0.212963,0.240741,0.083333,0.148148,4.250000,2.875000,3.714286,3.000000,3.200000
sub-d04b3811,0.044248,0.283186,0.132743,0.274336,0.265487,1.000000,4.571429,2.142857,3.875000,4.285714
sub-d0ccda46,0.342857,0.095238,0.219048,0.228571,0.114286,4.500000,2.500000,3.833333,3.428571,2.400000
sub-d1d5df0d,0.382353,0.176471,0.205882,0.058824,0.176471,5.571429,2.571429,4.200000,1.500000,3.000000
sub-d2205a7c,0.205128,0.153846,0.397436,0.115385,0.128205,4.000000,3.000000,7.750000,2.250000,5.000000
sub-d2ad3f86,0.294118,0.117647,0.132353,0.235294,0.220588,4.000000,2.666667,1.800000,2.666667,2.500000
sub-d2c47f13,0.311927,0.146789,0.394495,0.100917,0.045872,4.250000,3.200000,4.777778,2.200000,2.500000
sub-d35069ed,0.284404,0.119266,0.311927,0.082569,0.201835,6.200000,3.250000,6.800000,1.800000,3.666667
sub-d3dbca3b,0.305882,0.176471,0.223529,0.188235,0.105882,4.333333,2.500000,3.800000,4.000000,1.800000
sub-d54a444e,0.232143,0.196429,0.232143,0.196429,0.142857,3.250000,2.750000,2.600000,2.750000,4.000000
sub-d7e0b542,0.177419,0.209677,0.048387,0.322581,0.241935,2.750000,3.250000,1.500000,4.000000,3.750000
sub-d7ec9ae3,0.145161,0.290323,0.112903,0.274194,0.177419,2.250000,3.600000,2.333333,2.428571,3.666667
sub-d86c6aeb,0.243243,0.148649,0.202703,0.243243,0.162162,2.250000,2.750000,3.000000,3.000000,3.000000
sub-d8ab4fef,0.190476,0.333333,0.095238,0.238095,0.142857,2.666667,4.666667,1.333333,2.500000,3.000000
sub-d8e8d03c,0.183908,0.310345,0.114943,0.206897,0.183908,3.200000,5.400000,3.333333,3.600000,3.200000
sub-d9505f7f,0.336207,0.198276,0.206897,0.060345,0.198276,6.500000,4.600000,4.800000,1.750000,5.750000
sub-d9574447,0.101449,0.289855,0.072464,0.333333,0.202899,1.400000,3.333333,2.500000,2.875000,2.800000
sub-d9630463,0.072917,0.333333,0.166667,0.291667,0.135417,3.500000,4.571429,4.000000,3.500000,2.600000
sub-d9a7dde8,0.129032,0.241935,0.290323,0.290323,0.048387,4.000000,3.750000,3.600000,3.000000,1.500000
sub-da14debe,0.154762,0.250000,0.202381,0.309524,0.083333,3.250000,5.250000,2.833333,3.714286,1.750000
sub-db1f60e2,0.250000,0.208333,0.250000,0.111111,0.180556,3.600000,2.500000,2.571429,2.000000,4.333333
sub-dc7bd768,0.313725,0.137255,0.186275,0.156863,0.205882,5.333333,2.800000,4.750000,3.200000,5.250000
sub-dc7df6e2,0.078431,0.254902,0.117647,0.254902,0.294118,2.000000,2.600000,2.000000,4.333333,3.000000
sub-dcdce7a1,0.198020,0.297030,0.118812,0.188119,0.198020,3.333333,4.285714,2.000000,3.800000,4.000000
sub-dcfb2aef,0.104167,0.333333,0.291667,0.250000,0.020833,2.500000,4.000000,4.666667,3.000000,1.000000
sub-dd72baf9,0.280488,0.219512,0.207317,0.182927,0.109756,3.285714,3.000000,5.666667,2.500000,3.000000
sub-de0c6ad8,0.229358,0.220183,0.146789,0.128440,0.275229,3.571429,2.666667,2.285714,2.333333,3.750000
sub-de6898bc,0.290909,0.163636,0.300000,0.090909,0.154545,6.400000,4.500000,5.500000,2.000000,2.833333
sub-dea6252e,0.078431,0.215686,0.117647,0.431373,0.156863,1.333333,3.666667,3.000000,5.500000,4.000000
sub-df2ff0b3,0.056604,0.415094,0.113208,0.320755,0.094340,1.500000,4.400000,2.000000,3.400000,2.500000
sub-e0c64703,0.222222,0.209877,0.098765,0.333333,0.135802,3.000000,2.428571,2.666667,3.857143,2.750000
sub-e12930ab,0.218182,0.236364,0.181818,0.200000,0.163636,3.000000,2.600000,2.500000,2.200000,3.000000
sub-e1a4f26e,0.294872,0.128205,0.166667,0.205128,0.205128,5.750000,2.500000,2.166667,3.200000,2.666667
sub-e258c30d,0.350427,0.119658,0.222222,0.162393,0.145299,5.125000,2.333333,5.200000,3.800000,3.400000
sub-e2fb4a5a,0.260870,0.101449,0.333333,0.144928,0.159420,3.000000,1.750000,5.750000,3.333333,2.750000
sub-e36a4396,0.265306,0.102041,0.285714,0.163265,0.183673,4.333333,2.500000,3.500000,2.000000,4.500000
sub-e544a53d,0.229730,0.243243,0.283784,0.121622,0.121622,4.250000,3.000000,3.500000,1.800000,4.500000
sub-e5da608f,0.148649,0.324324,0.121622,0.243243,0.162162,2.200000,3.428571,2.250000,3.600000,2.400000
sub-e5f9f075,0.285714,0.119048,0.000000,0.142857,0.452381,3.000000,2.500000,NaN,2.000000,4.750000
sub-e6aba9d4,0.281553,0.155340,0.126214,0.135922,0.300971,4.833333,4.000000,3.250000,3.500000,5.166667
sub-e7b4fad4,0.116667,0.250000,0.100000,0.450000,0.083333,1.750000,5.000000,3.000000,5.400000,1.666667
sub-e895d5bf,0.221311,0.155738,0.213115,0.106557,0.303279,3.375000,3.800000,4.333333,2.166667,7.400000
sub-e8af6dbf,0.208955,0.253731,0.104478,0.328358,0.104478,2.333333,3.400000,1.750000,3.142857,2.333333
sub-e95bef08,0.079365,0.190476,0.000000,0.412698,0.317460,1.250000,2.000000,NaN,6.500000,4.000000
sub-ea3e0167,0.153846,0.261538,0.384615,0.000000,0.200000,3.333333,4.250000,6.250000,NaN,2.600000
sub-ed6c93d2,0.425000,0.075000,0.350000,0.100000,0.050000,5.666667,1.500000,3.500000,2.000000,2.000000
sub-edbb53c9,0.263158,0.105263,0.192982,0.105263,0.333333,3.750000,3.000000,2.750000,3.000000,4.750000
sub-ee2d0fae,0.139785,0.333333,0.182796,0.301075,0.043011,2.166667,6.200000,2.833333,4.000000,1.333333
sub-eeb93250,0.311828,0.139785,0.322581,0.032258,0.193548,4.833333,2.166667,4.285714,1.000000,3.000000
sub-ef333648,0.168539,0.247191,0.134831,0.202247,0.247191,1.666667,3.142857,2.400000,2.571429,3.142857
sub-ef47e1cb,0.413223,0.115702,0.355372,0.049587,0.066116,7.142857,2.800000,7.166667,1.200000,2.000000
sub-f3bec2c7,0.250000,0.100000,0.200000,0.350000,0.100000,3.333333,4.000000,2.666667,3.500000,2.000000
sub-f4267489,0.265306,0.244898,0.102041,0.142857,0.244898,2.166667,2.400000,2.500000,3.500000,4.000000
sub-f4642509,0.197802,0.197802,0.142857,0.230769,0.230769,2.571429,2.571429,1.857143,3.000000,2.625000
sub-f4a570be,0.024390,0.243902,0.073171,0.390244,0.268293,1.000000,2.500000,1.500000,4.000000,3.666667
sub-f534211d,0.162791,0.255814,0.116279,0.139535,0.325581,2.333333,2.750000,1.250000,3.000000,4.666667
sub-f5aecd0c,0.144578,0.192771,0.240964,0.060241,0.361446,2.400000,2.666667,3.333333,1.666667,4.285714
sub-f7bf68ad,0.216495,0.195876,0.278351,0.123711,0.185567,3.500000,3.166667,5.400000,2.400000,3.000000
sub-f88f48fa,0.212766,0.191489,0.212766,0.063830,0.319149,3.333333,2.250000,2.500000,1.500000,2.142857
sub-f988b984,0.324074,0.120370,0.314815,0.037037,0.203704,7.000000,2.166667,8.500000,2.000000,5.500000
sub-f989ab12,0.369565,0.086957,0.413043,0.065217,0.065217,5.666667,2.000000,4.750000,1.500000,1.500000
sub-f99c3394,0.114943,0.195402,0.103448,0.344828,0.241379,5.000000,2.833333,2.250000,5.000000,2.625000
sub-f99df42a,0.278689,0.163934,0.286885,0.065574,0.204918,4.857143,3.333333,5.833333,2.666667,6.250000
sub-fc143608,0.171429,0.295238,0.114286,0.219048,0.200000,4.500000,5.166667,2.400000,3.833333,3.500000
sub-fcf62c5e,0.219048,0.266667,0.180952,0.200000,0.133333,3.833333,5.600000,3.800000,3.500000,3.500000
sub-fec1d802,0.348315,0.101124,0.337079,0.044944,0.168539,6.200000,2.250000,5.000000,1.333333,5.000000
sub-fec6b3b3,0.375000,0.083333,0.354167,0.187500,0.000000,4.500000,1.333333,3.400000,3.000000,NaN
sub-ff1e1209,0.156863,0.196078,0.333333,0.274510,0.039216,2.000000,2.500000,3.400000,2.333333,2.000000
sub-ff2be107,0.218487,0.168067,0.226891,0.117647,0.268908,3.250000,3.333333,4.500000,2.333333,4.571429
