ID,fracocc_1,fracocc_2,fracocc_3,fracocc_4,fracocc_5,dwell_1,dwell_2,dwell_3,dwell_4,dwell_5
sub-0065c4e7,0.395833,0.427083,0.052083,0.052083,0.072917,6.333333,5.857143,2.500000,1.250000,1.750000
sub-0223ca30,0.382979,0.531915,0.021277,0.042553,0.021277,3.600000,5.000000,1.000000,1.000000,1.000000
sub-028396a2,0.395833,0.354167,0.208333,0.020833,0.020833,4.750000,2.833333,2.500000,1.000000,1.000000
sub-030862f3,0.250000,0.397727,0.102273,0.102273,0.147727,3.142857,3.888889,2.250000,2.250000,2.166667
sub-0424f0cc,0.300000,0.616667,0.016667,0.033333,0.033333,6.000000,6.166667,1.000000,2.000000,1.000000
sub-05804543,0.163265,0.244898,0.234694,0.153061,0.204082,2.666667,3.428571,2.555556,3.000000,5.000000
sub-05b68380,0.333333,0.333333,0.176471,0.098039,0.058824,3.400000,2.833333,3.000000,1.666667,1.500000
sub-0619f332,0.378378,0.441441,0.045045,0.018018,0.117117,7.000000,6.125000,1.666667,1.000000,2.166667
sub-0677b0ae,0.389474,0.431579,0.063158,0.031579,0.084211,4.625000,8.200000,2.000000,1.500000,2.666667
sub-075ba38c,0.181818,0.254545,0.254545,0.200000,0.109091,2.500000,2.800000,2.800000,2.750000,1.500000
sub-078d0115,0.321101,0.311927,0.192661,0.165138,0.009174,4.375000,4.857143,3.000000,2.571429,1.000000
sub-079ad0b1,0.474576,0.449153,0.016949,0.025424,0.033898,8.000000,8.833333,1.000000,1.000000,4.000000
sub-08bdadc8,0.457143,0.285714,0.085714,0.114286,0.057143,8.000000,3.333333,1.500000,1.600000,2.000000
sub-08fc6819,0.120968,0.145161,0.201613,0.161290,0.370968,2.500000,3.000000,3.125000,4.000000,6.571429
sub-09ff79ff,0.109091,0.145455,0.309091,0.381818,0.054545,2.000000,2.000000,3.400000,3.500000,3.000000
sub-0aa36d72,0.359375,0.406250,0.062500,0.015625,0.156250,7.666667,6.500000,2.000000,1.000000,5.000000
sub-0ab8eedd,0.347222,0.388889,0.111111,0.111111,0.041667,5.000000,4.666667,1.333333,2.666667,3.000000
sub-0bb849b5,0.386364,0.386364,0.079545,0.102273,0.045455,4.250000,3.400000,1.400000,1.500000,1.333333
sub-0d109f78,0.213483,0.202247,0.235955,0.191011,0.157303,3.800000,2.571429,3.000000,4.250000,4.666667
sub-0d4055a4,0.366667,0.383333,0.100000,0.083333,0.066667,4.400000,4.600000,2.000000,1.250000,1.333333
sub-0ea01690,0.319149,0.319149,0.191489,0.127660,0.042553,3.750000,3.750000,3.000000,2.000000,2.000000
sub-0f6654ce,0.420455,0.386364,0.045455,0.056818,0.090909,4.625000,4.250000,1.000000,1.250000,2.666667
sub-0ffb32d2,0.274510,0.343137,0.078431,0.078431,0.225490,4.666667,5.833333,2.000000,2.000000,3.833333
sub-1000f047,0.240506,0.240506,0.265823,0.164557,0.088608,2.714286,3.166667,3.500000,2.166667,2.333333
sub-11094134,0.250000,0.250000,0.269231,0.192308,0.038462,3.250000,2.166667,4.666667,2.500000,2.000000
sub-143c05b0,0.189655,0.198276,0.250000,0.293103,0.068966,2.444444,2.555556,2.636364,3.777778,2.000000
sub-14921d16,0.095652,0.165217,0.321739,0.269565,0.147826,1.375000,2.714286,3.363636,5.166667,2.428571
sub-156dd92b,0.186275,0.156863,0.254902,0.225490,0.176471,2.714286,2.666667,2.888889,2.875000,3.000000
sub-15a45610,0.383721,0.302326,0.139535,0.139535,0.034884,4.125000,3.714286,2.400000,2.000000,1.000000
sub-15bf4c30,0.388235,0.388235,0.094118,0.117647,0.011765,3.666667,4.125000,1.333333,1.666667,1.000000
sub-16f7c767,0.150000,0.225000,0.375000,0.100000,0.150000,3.000000,1.800000,3.750000,2.000000,3.000000
sub-185510a2,0.436170,0.361702,0.095745,0.053191,0.053191,5.125000,4.857143,3.000000,1.250000,2.500000
sub-18843b7b,0.302326,0.348837,0.255814,0.093023,0.000000,3.250000,5.000000,2.750000,4.000000,NaN
sub-18dcd71e,0.364486,0.411215,0.056075,0.130841,0.037383,5.571429,5.500000,1.500000,2.333333,1.333333
sub-1a7ffbab,0.347826,0.391304,0.121739,0.095652,0.043478,4.000000,4.500000,1.750000,2.200000,1.250000
sub-1bd6ef0e,0.159091,0.340909,0.090909,0.090909,0.318182,3.500000,3.000000,2.000000,1.333333,4.666667
sub-1c9dca29,0.321101,0.412844,0.055046,0.073394,0.137615,5.000000,5.625000,1.500000,2.666667,2.500000
sub-1e805bd2,0.269231,0.230769,0.192308,0.269231,0.038462,2.333333,2.400000,2.000000,2.000000,2.000000
sub-1f989207,0.395349,0.360465,0.127907,0.046512,0.069767,4.857143,3.875000,2.750000,1.333333,1.500000
sub-1fead018,0.233333,0.300000,0.233333,0.150000,0.083333,2.333333,4.500000,2.800000,2.250000,2.500000
sub-20a17075,0.237705,0.237705,0.106557,0.254098,0.163934,4.142857,3.625000,3.250000,2.583333,4.000000
sub-20a2b1b4,0.246154,0.384615,0.153846,0.107692,0.107692,4.000000,4.166667,3.333333,1.750000,3.500000
sub-20b7485e,0.267606,0.211268,0.197183,0.225352,0.098592,2.375000,2.500000,2.000000,3.200000,1.750000
sub-20d43624,0.346939,0.326531,0.204082,0.122449,0.000000,4.250000,5.333333,3.333333,3.000000,NaN
sub-22c762ef,0.146667,0.280000,0.146667,0.226667,0.200000,3.666667,3.500000,2.750000,4.250000,3.000000
sub-23826a62,0.252174,0.234783,0.269565,0.191304,0.052174,4.833333,3.375000,5.166667,3.666667,3.000000
sub-23ae845f,0.227723,0.198020,0.217822,0.297030,0.059406,2.875000,3.333333,3.666667,3.333333,3.000000
sub-24995e17,0.160000,0.140000,0.280000,0.420000,0.000000,1.600000,3.500000,3.500000,4.200000,NaN
sub-24c13105,0.357895,0.347368,0.136842,0.073684,0.084211,4.250000,3.300000,2.600000,1.400000,1.600000
sub-24ed9807,0.415385,0.369231,0.107692,0.015385,0.092308,6.750000,4.000000,2.333333,1.000000,2.000000
sub-257bbec9,0.366667,0.333333,0.133333,0.133333,0.033333,3.142857,3.333333,1.600000,1.600000,2.000000
sub-28a0fdd3,0.388889,0.388889,0.111111,0.037037,0.074074,3.500000,4.200000,1.500000,1.000000,1.333333
sub-28c7360d,0.244898,0.265306,0.255102,0.204082,0.030612,3.000000,3.714286,3.571429,2.222222,1.500000
sub-29855626,0.418919,0.297297,0.121622,0.121622,0.040541,6.200000,3.666667,1.800000,1.800000,1.500000
sub-2b4ee1eb,0.300885,0.309735,0.150442,0.168142,0.070796,4.250000,5.000000,2.428571,3.800000,4.000000
sub-2ca8e629,0.181818,0.125000,0.318182,0.227273,0.147727,2.285714,2.750000,4.666667,3.333333,4.333333
sub-2e02a615,0.333333,0.344444,0.077778,0.177778,0.066667,3.333333,6.200000,1.400000,3.200000,3.000000
sub-2e2c9089,0.147059,0.147059,0.367647,0.323529,0.014706,1.428571,2.000000,3.125000,3.666667,1.000000
sub-30ab196e,0.304348,0.217391,0.108696,0.152174,0.217391,2.800000,2.500000,1.666667,1.750000,5.000000
sub-31c71fe5,0.433735,0.337349,0.132530,0.060241,0.036145,4.500000,4.666667,2.200000,1.666667,1.500000
sub-32ad6734,0.277228,0.287129,0.237624,0.128713,0.069307,3.500000,2.900000,2.666667,2.600000,1.750000
sub-33aa81b1,0.381579,0.355263,0.118421,0.078947,0.065789,4.833333,4.500000,1.800000,1.500000,2.500000
sub-3405c96d,0.350000,0.366667,0.000000,0.050000,0.233333,4.200000,5.500000,NaN,1.500000,2.800000
sub-34458bb9,0.241758,0.208791,0.197802,0.296703,0.054945,3.142857,4.750000,2.571429,4.500000,2.500000
sub-34539ef6,0.179487,0.230769,0.269231,0.205128,0.115385,3.500000,3.600000,3.000000,2.285714,1.800000
sub-363fef83,0.317757,0.205607,0.168224,0.233645,0.074766,4.857143,3.142857,3.000000,5.000000,2.000000
sub-3948081f,0.312500,0.262500,0.125000,0.200000,0.100000,3.125000,3.000000,1.666667,1.777778,1.600000
sub-395cc66e,0.311475,0.262295,0.196721,0.196721,0.032787,3.166667,2.285714,4.000000,1.500000,1.000000
sub-39ec2b3a,0.313953,0.325581,0.220930,0.093023,0.046512,3.375000,3.500000,2.714286,2.000000,2.000000
sub-3a64891e,0.333333,0.333333,0.127451,0.039216,0.166667,4.857143,4.250000,4.333333,1.333333,2.833333
sub-3afc22be,0.305263,0.284211,0.042105,0.115789,0.252632,4.142857,4.500000,1.000000,2.200000,3.000000
sub-3c412bbf,0.281818,0.336364,0.172727,0.181818,0.027273,4.428571,5.285714,3.166667,2.857143,1.500000
sub-3c46c07f,0.276596,0.351064,0.117021,0.085106,0.170213,4.333333,3.666667,2.200000,2.000000,2.285714
sub-3e8e8f70,0.154930,0.211268,0.323944,0.281690,0.028169,2.200000,2.500000,3.285714,2.857143,1.000000
sub-3fa321e5,0.274194,0.483871,0.096774,0.096774,0.048387,3.400000,6.000000,2.000000,1.500000,1.000000
sub-3fdf00ec,0.271845,0.194175,0.223301,0.223301,0.087379,3.500000,3.333333,3.285714,3.833333,2.250000
sub-40a8af30,0.145161,0.064516,0.354839,0.403226,0.032258,2.250000,1.333333,4.400000,4.166667,1.000000
sub-40cd38aa,0.480392,0.294118,0.068627,0.078431,0.078431,5.444444,5.000000,1.750000,2.000000,1.600000
sub-4116e37f,0.156863,0.274510,0.274510,0.215686,0.078431,2.666667,3.500000,3.500000,2.200000,2.000000
sub-41837856,0.298246,0.385965,0.122807,0.105263,0.087719,4.250000,3.666667,2.333333,1.500000,1.666667
sub-41c65311,0.207792,0.285714,0.233766,0.116883,0.155844,3.200000,3.142857,4.500000,1.800000,3.000000
sub-42be1b79,0.232143,0.232143,0.116071,0.205357,0.214286,3.250000,3.250000,2.166667,2.875000,4.000000
sub-42ff619b,0.224490,0.183673,0.183673,0.183673,0.224490,2.200000,3.000000,1.800000,3.000000,2.750000
sub-43687c63,0.275862,0.189655,0.241379,0.232759,0.060345,4.000000,3.666667,3.500000,3.375000,2.333333
sub-43e6771c,0.291667,0.333333,0.166667,0.135417,0.072917,4.000000,4.000000,3.200000,2.600000,1.750000
sub-4507f914,0.313559,0.322034,0.169492,0.059322,0.135593,4.625000,5.428571,2.857143,1.400000,3.200000
sub-459d2f41,0.436364,0.400000,0.036364,0.127273,0.000000,4.000000,4.400000,1.000000,2.333333,NaN
sub-45bcc689,0.238806,0.253731,0.253731,0.164179,0.089552,2.666667,2.833333,2.428571,2.750000,2.000000
sub-45c1d1f7,0.407407,0.333333,0.111111,0.037037,0.111111,5.500000,4.500000,2.000000,1.000000,6.000000
sub-45d3f841,0.151899,0.265823,0.240506,0.240506,0.101266,3.000000,3.500000,3.166667,2.714286,1.600000
sub-477fa3ad,0.289474,0.302632,0.184211,0.131579,0.092105,2.750000,3.285714,2.333333,2.000000,1.750000
sub-481c79cc,0.282609,0.434783,0.130435,0.086957,0.065217,4.333333,5.000000,3.000000,4.000000,1.500000
sub-48aef4b5,0.138889,0.231481,0.194444,0.342593,0.092593,3.750000,5.000000,4.200000,5.285714,2.000000
sub-48b8b0e4,0.185714,0.214286,0.242857,0.285714,0.071429,2.600000,3.000000,2.833333,2.857143,1.250000
sub-4ac4cb0a,0.476190,0.345238,0.095238,0.035714,0.047619,5.000000,4.142857,2.000000,1.000000,2.000000
sub-4ac8cb38,0.272727,0.193182,0.193182,0.238636,0.102273,4.800000,2.833333,4.250000,3.000000,3.000000
sub-4b1369b2,0.300971,0.368932,0.058252,0.077670,0.194175,6.200000,4.750000,2.000000,2.666667,4.000000
sub-4cff45db,0.342105,0.368421,0.052632,0.105263,0.131579,3.714286,5.600000,2.000000,2.666667,5.000000
sub-4d7b20c6,0.295455,0.170455,0.215909,0.193182,0.125000,3.250000,3.000000,2.375000,2.833333,3.666667
sub-4ddbfa65,0.347826,0.260870,0.065217,0.260870,0.065217,4.000000,4.000000,3.000000,3.000000,1.500000
sub-4e349387,0.383333,0.358333,0.058333,0.100000,0.100000,5.111111,5.375000,1.750000,2.400000,2.000000
sub-4e6e7db0,0.257732,0.237113,0.268041,0.175258,0.061856,3.125000,5.750000,3.714286,2.833333,1.500000
sub-4fc822e3,0.354167,0.437500,0.125000,0.083333,0.000000,3.400000,3.500000,1.500000,2.000000,NaN
sub-501a5ca8,0.269231,0.384615,0.115385,0.115385,0.115385,2.333333,4.000000,1.200000,2.000000,6.000000
sub-503252d4,0.240741,0.314815,0.037037,0.074074,0.333333,3.250000,4.250000,2.000000,4.000000,4.500000
sub-50537bb4,0.226415,0.188679,0.245283,0.245283,0.094340,2.400000,1.666667,2.166667,3.250000,1.250000
sub-50dcaf86,0.268293,0.097561,0.292683,0.121951,0.219512,2.750000,1.333333,3.000000,5.000000,2.250000
sub-512e75ea,0.280000,0.160000,0.200000,0.280000,0.080000,3.000000,3.000000,3.750000,4.200000,2.000000
sub-52aa46c0,0.271186,0.254237,0.220339,0.203390,0.050847,2.666667,5.000000,3.250000,3.000000,1.500000
sub-53072377,0.520000,0.420000,0.060000,0.000000,0.000000,6.500000,5.250000,1.500000,NaN,NaN
sub-554535d0,0.307692,0.264957,0.136752,0.153846,0.136752,4.500000,4.428571,2.666667,3.600000,4.000000
sub-565f562c,0.353659,0.475610,0.134146,0.036585,0.000000,4.142857,4.333333,2.200000,1.000000,NaN
sub-56e0ac2b,0.361111,0.287037,0.083333,0.074074,0.194444,3.900000,3.875000,2.250000,1.333333,3.500000
sub-57c8968f,0.260274,0.301370,0.109589,0.109589,0.219178,2.714286,3.142857,2.666667,2.000000,2.666667
sub-583b83af,0.525000,0.250000,0.125000,0.100000,0.000000,4.200000,2.500000,1.250000,2.000000,NaN
sub-585b8040,0.431818,0.352273,0.068182,0.056818,0.090909,5.428571,3.875000,1.200000,2.500000,2.000000
sub-5a17c30b,0.475000,0.350000,0.050000,0.050000,0.075000,4.750000,2.800000,2.000000,1.000000,1.000000
sub-5ac87eeb,0.333333,0.333333,0.141667,0.125000,0.066667,8.000000,5.000000,2.428571,3.750000,2.666667
sub-5bf7016d,0.360825,0.340206,0.175258,0.092784,0.030928,4.375000,5.500000,2.428571,1.500000,1.000000
sub-5c99d342,0.302752,0.321101,0.174312,0.119266,0.082569,3.666667,3.888889,2.375000,3.250000,2.250000
sub-5ca5829f,0.405405,0.315315,0.045045,0.072072,0.162162,6.428571,4.375000,1.250000,2.000000,2.571429
sub-5dd303b2,0.212766,0.234043,0.191489,0.361702,0.000000,3.333333,3.666667,2.250000,4.250000,NaN
sub-5e1d9c42,0.403361,0.394958,0.100840,0.075630,0.025210,8.000000,5.875000,1.500000,3.000000,3.000000
sub-5e1f7ed3,0.223301,0.213592,0.213592,0.223301,0.126214,4.600000,4.400000,3.666667,3.833333,3.250000
sub-5e3c3afb,0.288000,0.248000,0.192000,0.224000,0.048000,4.000000,3.444444,3.428571,3.500000,3.000000
sub-5e9dcb61,0.323810,0.314286,0.123810,0.133333,0.104762,3.777778,6.600000,1.625000,2.333333,2.750000
sub-5f0402f7,0.348624,0.422018,0.036697,0.045872,0.146789,5.428571,6.571429,1.333333,1.666667,2.666667
sub-5f1d259b,0.285714,0.253968,0.095238,0.111111,0.253968,3.000000,2.666667,1.500000,1.750000,3.200000
sub-60e4dbc3,0.411290,0.354839,0.096774,0.080645,0.056452,4.636364,6.285714,1.714286,1.428571,1.750000
sub-6104407d,0.246575,0.191781,0.246575,0.246575,0.068493,3.000000,2.333333,3.600000,3.600000,5.000000
sub-61d78bb2,0.459016,0.344262,0.049180,0.114754,0.032787,4.666667,3.000000,1.500000,2.333333,1.000000
sub-61eac6f3,0.404040,0.292929,0.080808,0.171717,0.050505,5.714286,4.142857,1.600000,2.125000,1.250000
sub-691a4577,0.218182,0.254545,0.218182,0.309091,0.000000,4.000000,2.333333,2.400000,4.250000,NaN
sub-6af6e0f1,0.163636,0.272727,0.254545,0.290909,0.018182,3.000000,3.750000,2.800000,3.200000,1.000000
sub-6b6e11f5,0.219512,0.243902,0.195122,0.170732,0.170732,4.500000,3.333333,4.000000,3.500000,3.500000
sub-6b998730,0.314815,0.129630,0.222222,0.296296,0.037037,2.125000,2.333333,2.400000,3.200000,2.000000
sub-6bc464da,0.448276,0.321839,0.103448,0.091954,0.034483,6.500000,7.000000,3.000000,2.000000,1.500000
sub-6bd58939,0.277778,0.375000,0.138889,0.097222,0.111111,3.333333,3.375000,2.000000,1.750000,1.333333
sub-6bdfd645,0.270833,0.208333,0.229167,0.208333,0.083333,2.600000,2.500000,2.200000,2.500000,2.000000
sub-6ce2c563,0.200000,0.260000,0.170000,0.150000,0.220000,4.000000,4.333333,4.250000,3.750000,5.500000
sub-6d1c00b7,0.226667,0.240000,0.306667,0.173333,0.053333,2.125000,3.000000,3.285714,2.166667,4.000000
sub-6d602a07,0.287879,0.287879,0.196970,0.136364,0.090909,2.375000,6.333333,3.250000,1.800000,1.500000
sub-6d6b950c,0.169811,0.283019,0.339623,0.207547,0.000000,3.000000,3.750000,6.000000,3.666667,NaN
sub-6db06aa3,0.338710,0.516129,0.096774,0.016129,0.032258,3.000000,4.571429,1.200000,1.000000,1.000000
sub-6fb0f8d7,0.344828,0.344828,0.120690,0.172414,0.017241,4.000000,5.000000,2.333333,2.500000,1.000000
sub-6fb39ec0,0.208333,0.350000,0.200000,0.066667,0.175000,3.571429,3.230769,3.000000,1.333333,3.000000
sub-7313c72c,0.160920,0.206897,0.183908,0.229885,0.218391,2.333333,3.600000,4.000000,3.333333,2.375000
sub-756d664c,0.357143,0.333333,0.095238,0.071429,0.142857,3.750000,4.666667,2.000000,3.000000,1.500000
sub-75bb5553,0.462810,0.462810,0.033058,0.016529,0.024793,7.000000,7.000000,1.333333,1.000000,1.000000
sub-78ebedd2,0.337079,0.382022,0.101124,0.112360,0.067416,4.285714,4.857143,1.500000,2.500000,2.000000
sub-793cb691,0.260000,0.140000,0.260000,0.200000,0.140000,2.600000,2.333333,3.250000,2.500000,2.333333
sub-7aee16bc,0.289720,0.205607,0.205607,0.196262,0.102804,3.875000,2.750000,3.666667,2.333333,2.200000
sub-7b21550b,0.390625,0.375000,0.078125,0.031250,0.125000,3.571429,4.800000,1.666667,1.000000,2.000000
sub-7bb3c4d7,0.276423,0.308943,0.178862,0.211382,0.024390,5.666667,5.428571,2.750000,3.714286,1.000000
sub-7eea71d8,0.355769,0.375000,0.048077,0.125000,0.096154,4.111111,4.333333,1.250000,2.600000,1.666667
sub-8085a954,0.366197,0.380282,0.112676,0.098592,0.042254,5.200000,6.750000,4.000000,3.500000,1.500000
sub-818c4a36,0.146067,0.123596,0.382022,0.247191,0.101124,2.166667,2.200000,4.250000,2.444444,3.000000
sub-82746982,0.400000,0.295652,0.113043,0.156522,0.034783,6.571429,4.857143,2.600000,3.000000,2.000000
sub-82825229,0.406593,0.285714,0.120879,0.164835,0.021978,4.625000,3.250000,2.200000,2.142857,1.000000
sub-83586c4d,0.166667,0.166667,0.190476,0.261905,0.214286,3.500000,3.500000,4.000000,3.666667,4.500000
sub-83db705c,0.268519,0.259259,0.138889,0.138889,0.194444,2.900000,4.666667,2.500000,3.000000,3.500000
sub-8566bafc,0.319672,0.303279,0.188525,0.106557,0.081967,6.500000,4.625000,3.833333,2.600000,3.333333
sub-85e64ddb,0.274510,0.235294,0.235294,0.205882,0.049020,4.000000,4.000000,4.000000,4.200000,1.666667
sub-8654789d,0.333333,0.313131,0.111111,0.101010,0.141414,4.714286,3.875000,2.750000,2.500000,2.800000
sub-86be733a,0.354839,0.370968,0.040323,0.096774,0.137097,7.333333,6.571429,1.666667,2.000000,2.833333
sub-88925b80,0.297872,0.287234,0.138298,0.191489,0.085106,4.666667,3.857143,1.857143,3.600000,1.600000
sub-88dc1dcf,0.272727,0.236364,0.345455,0.145455,0.000000,3.750000,2.600000,2.714286,4.000000,NaN
sub-8a8e58c7,0.360000,0.180000,0.140000,0.220000,0.100000,3.600000,1.800000,1.750000,2.750000,2.500000
sub-8b339985,0.179487,0.269231,0.243590,0.179487,0.128205,2.800000,2.625000,2.375000,2.333333,2.500000
sub-8c4e9db4,0.305085,0.262712,0.194915,0.144068,0.093220,9.000000,4.428571,3.833333,2.833333,2.750000
sub-8c9f12d7,0.272727,0.109091,0.181818,0.309091,0.127273,3.750000,2.000000,2.500000,2.833333,2.333333
sub-8dd8aae9,0.192308,0.250000,0.221154,0.211538,0.125000,3.333333,5.200000,2.875000,3.666667,2.600000
sub-8ed3da91,0.366071,0.419643,0.098214,0.044643,0.071429,5.125000,5.222222,2.200000,1.666667,1.333333
sub-8ef356b5,0.377778,0.377778,0.133333,0.088889,0.022222,4.250000,4.250000,3.000000,2.000000,1.000000
sub-8f4474ef,0.226415,0.358491,0.226415,0.150943,0.037736,3.000000,3.166667,3.000000,2.000000,2.000000
sub-91f6cb54,0.322581,0.306452,0.193548,0.129032,0.048387,2.857143,2.714286,2.400000,1.600000,1.500000
sub-93f05d08,0.283333,0.150000,0.250000,0.283333,0.033333,5.666667,2.250000,3.750000,4.250000,1.000000
sub-941fc5cd,0.288462,0.442308,0.153846,0.115385,0.000000,2.500000,5.750000,2.000000,3.000000,NaN
sub-94785f0d,0.186441,0.338983,0.203390,0.203390,0.067797,2.750000,2.500000,3.000000,2.000000,2.000000
sub-9504cb5a,0.214286,0.265306,0.163265,0.193878,0.163265,3.500000,2.888889,2.000000,3.800000,2.285714
sub-96af5d3c,0.316327,0.377551,0.102041,0.142857,0.061224,4.428571,6.166667,2.500000,2.333333,2.000000
sub-97594e87,0.416667,0.250000,0.166667,0.125000,0.041667,6.000000,3.600000,2.000000,2.250000,1.500000
sub-976c58d9,0.342105,0.263158,0.210526,0.171053,0.013158,4.333333,4.000000,3.200000,2.166667,1.000000
sub-97910eaf,0.186992,0.186992,0.081301,0.211382,0.333333,3.285714,3.833333,2.000000,4.333333,6.833333
sub-97cf1a68,0.208696,0.286957,0.217391,0.095652,0.191304,3.428571,4.714286,4.166667,2.200000,3.666667
sub-985ef253,0.310811,0.364865,0.162162,0.162162,0.000000,5.750000,4.500000,3.000000,2.400000,NaN
sub-98d3f087,0.133333,0.066667,0.241667,0.225000,0.333333,2.666667,2.000000,4.142857,4.500000,6.666667
sub-99b5018c,0.400000,0.471429,0.028571,0.014286,0.085714,5.600000,8.250000,1.000000,1.000000,3.000000
sub-9aa5814f,0.309524,0.476190,0.023810,0.166667,0.023810,3.250000,5.000000,1.000000,1.750000,1.000000
sub-9acb1fd7,0.375000,0.375000,0.083333,0.093750,0.072917,3.600000,4.000000,2.000000,1.800000,1.750000
sub-9b2c8458,0.204082,0.102041,0.306122,0.285714,0.102041,2.500000,2.500000,5.000000,3.500000,2.500000
sub-9b74c8eb,0.285714,0.300000,0.228571,0.171429,0.014286,6.666667,4.200000,4.000000,2.400000,1.000000
sub-9b8257bc,0.336634,0.326733,0.148515,0.128713,0.059406,3.090909,4.714286,2.142857,1.625000,3.000000
sub-9bcea9fc,0.246753,0.285714,0.259740,0.168831,0.038961,3.800000,3.142857,2.857143,2.166667,1.000000
sub-9c80ad67,0.388889,0.208333,0.208333,0.180556,0.013889,4.000000,3.750000,2.142857,4.333333,1.000000
sub-9d4ff737,0.214286,0.224490,0.234694,0.275510,0.051020,3.000000,4.400000,2.555556,4.500000,2.500000
sub-9db0a7f0,0.413223,0.347107,0.082645,0.099174,0.057851,6.250000,6.000000,2.000000,2.000000,2.333333
sub-9e24a8ff,0.208955,0.253731,0.208955,0.268657,0.059701,2.333333,2.428571,2.800000,2.250000,2.000000
sub-9e2b9c23,0.436893,0.378641,0.029126,0.067961,0.087379,5.000000,4.875000,1.000000,1.400000,1.285714
sub-9e34055d,0.293478,0.217391,0.195652,0.206522,0.086957,3.857143,4.000000,3.600000,3.166667,1.600000
sub-9e6499e6,0.305085,0.372881,0.135593,0.118644,0.067797,4.500000,3.142857,1.600000,3.500000,2.000000
sub-a1093cbb,0.272727,0.340909,0.136364,0.159091,0.090909,2.400000,3.750000,2.000000,7.000000,2.000000
sub-a129f7e8,0.267327,0.247525,0.178218,0.217822,0.089109,3.375000,5.000000,2.571429,3.666667,3.000000
sub-a1b767d5,0.234375,0.406250,0.140625,0.171875,0.046875,2.142857,4.333333,1.800000,1.833333,1.500000
sub-a21927f3,0.242424,0.333333,0.151515,0.227273,0.045455,3.200000,3.142857,3.333333,1.875000,3.000000
sub-a2944031,0.233333,0.300000,0.150000,0.100000,0.216667,4.000000,4.000000,3.600000,2.400000,3.250000
sub-a358a3a4,0.453333,0.306667,0.146667,0.066667,0.026667,5.666667,4.600000,2.750000,1.666667,1.000000
sub-a37de315,0.419355,0.279570,0.161290,0.107527,0.032258,3.900000,3.250000,3.000000,2.000000,1.500000
sub-a4dfe556,0.367347,0.489796,0.122449,0.020408,0.000000,3.600000,4.800000,2.000000,1.000000,NaN
sub-a68050b1,0.285714,0.317460,0.206349,0.142857,0.047619,2.250000,2.857143,2.166667,1.800000,1.000000
sub-a6845558,0.204082,0.163265,0.204082,0.326531,0.102041,2.500000,2.666667,3.333333,5.333333,2.500000
sub-a703404d,0.234043,0.223404,0.234043,0.148936,0.159574,4.400000,3.000000,3.666667,2.800000,2.500000
sub-a71c7da1,0.184000,0.144000,0.216000,0.176000,0.280000,3.285714,2.571429,5.400000,3.142857,3.888889
sub-a728fc66,0.362069,0.310345,0.206897,0.086207,0.034483,3.500000,3.600000,2.400000,1.666667,1.000000
sub-a7d28b7c,0.333333,0.345679,0.111111,0.049383,0.160494,3.857143,4.000000,1.800000,1.333333,1.857143
sub-a8082cd3,0.263158,0.350877,0.140351,0.087719,0.157895,3.000000,5.000000,2.000000,1.666667,3.000000
sub-aa8a3cb1,0.409836,0.295082,0.032787,0.098361,0.163934,5.000000,3.600000,1.000000,2.000000,2.500000
sub-aec865ff,0.269663,0.202247,0.123596,0.101124,0.303371,3.000000,3.000000,2.200000,1.285714,3.000000
sub-af240e16,0.240506,0.177215,0.291139,0.265823,0.025316,2.111111,3.500000,2.300000,3.000000,1.000000
sub-af7fa8b2,0.391304,0.246377,0.101449,0.202899,0.057971,3.857143,4.250000,1.750000,2.800000,1.333333
sub-aff59dff,0.296610,0.245763,0.169492,0.211864,0.076271,4.375000,4.833333,2.857143,3.125000,3.000000
sub-b012e893,0.423077,0.384615,0.025641,0.000000,0.166667,4.714286,6.000000,1.000000,NaN,3.250000
sub-b2ac5f9e,0.295775,0.338028,0.126761,0.211268,0.028169,5.250000,3.428571,1.800000,3.750000,1.000000
sub-b317bcc8,0.260000,0.310000,0.110000,0.130000,0.190000,2.600000,3.100000,1.571429,2.166667,2.714286
sub-b3854719,0.330357,0.294643,0.196429,0.133929,0.044643,4.625000,4.714286,3.666667,2.500000,1.250000
sub-b3ae415f,0.396040,0.376238,0.128713,0.029703,0.069307,4.444444,5.428571,1.857143,1.500000,1.400000
sub-b481fb9d,0.238095,0.269841,0.174603,0.111111,0.206349,2.500000,3.400000,2.750000,1.400000,3.250000
sub-b76cf101,0.172414,0.189655,0.396552,0.241379,0.000000,2.000000,3.666667,5.750000,3.500000,NaN
sub-b79be773,0.301587,0.365079,0.158730,0.095238,0.079365,2.714286,3.833333,2.500000,1.500000,2.500000
sub-b84803bf,0.343750,0.406250,0.078125,0.109375,0.062500,3.666667,4.333333,1.666667,1.750000,2.000000
sub-b950b436,0.177778,0.244444,0.244444,0.133333,0.200000,2.000000,2.750000,3.666667,2.000000,1.500000
sub-b9667750,0.348837,0.360465,0.174419,0.116279,0.000000,6.000000,4.428571,2.142857,2.000000,NaN
sub-b9f8cd4b,0.148936,0.106383,0.319149,0.361702,0.063830,2.333333,2.500000,3.000000,2.833333,1.500000
sub-ba3277f2,0.254237,0.254237,0.135593,0.144068,0.211864,4.285714,4.285714,2.285714,4.250000,3.571429
sub-ba56b6ca,0.500000,0.275000,0.075000,0.075000,0.075000,5.000000,3.666667,1.500000,1.500000,1.500000
sub-baf53535,0.439024,0.390244,0.073171,0.097561,0.000000,4.500000,5.333333,3.000000,2.000000,NaN
sub-bdf448af,0.329412,0.423529,0.129412,0.094118,0.023529,3.500000,6.000000,1.571429,4.000000,2.000000
sub-bf2215fd,0.295082,0.442623,0.163934,0.081967,0.016393,4.500000,3.375000,2.500000,1.000000,1.000000
sub-bf23e532,0.350649,0.337662,0.064935,0.207792,0.038961,4.500000,4.333333,1.666667,3.200000,1.500000
sub-bf8006d0,0.346154,0.480769,0.076923,0.038462,0.057692,4.500000,6.250000,4.000000,1.000000,1.500000
sub-bfd08f6e,0.264463,0.214876,0.157025,0.223140,0.140496,4.000000,4.333333,3.166667,4.500000,3.400000
sub-c1df6983,0.409091,0.386364,0.068182,0.090909,0.045455,3.600000,3.400000,1.000000,1.333333,1.000000
sub-c4852797,0.185185,0.268519,0.194444,0.203704,0.148148,4.000000,3.625000,5.250000,2.750000,4.000000
sub-c5361f39,0.437500,0.343750,0.041667,0.114583,0.062500,6.000000,5.500000,1.333333,2.200000,1.500000
sub-c6067bf1,0.469697,0.363636,0.045455,0.045455,0.075758,5.166667,4.800000,1.000000,1.500000,1.250000
sub-c8f57d40,0.240000,0.500000,0.100000,0.100000,0.060000,3.000000,4.166667,2.500000,1.666667,1.500000
sub-cb0dc161,0.407407,0.333333,0.101852,0.120370,0.037037,4.000000,4.500000,2.200000,2.166667,1.000000
sub-cb5b6306,0.191011,0.292135,0.146067,0.101124,0.269663,2.833333,3.714286,2.166667,1.800000,6.000000
sub-cb923e06,0.346939,0.346939,0.112245,0.112245,0.081633,3.090909,4.857143,1.375000,1.833333,2.000000
sub-ce750484,0.261364,0.284091,0.170455,0.113636,0.170455,3.285714,3.571429,3.000000,2.500000,3.000000
sub-ce7557cd,0.073171,0.024390,0.463415,0.365854,0.073171,1.500000,1.000000,4.750000,3.750000,1.500000
sub-ce94d8e0,0.434211,0.407895,0.078947,0.052632,0.026316,5.500000,4.428571,1.200000,1.000000,1.000000
sub-cf96c936,0.212963,0.166667,0.277778,0.277778,0.064815,2.875000,2.571429,3.750000,3.333333,2.333333
sub-d04b3811,0.327434,0.256637,0.185841,0.106195,0.123894,4.625000,3.222222,2.625000,2.000000,2.333333
sub-d0ccda46,0.285714,0.333333,0.161905,0.161905,0.057143,3.750000,3.500000,1.888889,2.125000,2.000000
sub-d1d5df0d,0.294118,0.225490,0.264706,0.137255,0.078431,4.285714,2.875000,3.857143,2.333333,2.666667
sub-d2205a7c,0.282051,0.269231,0.192308,0.141026,0.115385,4.400000,2.333333,1.666667,2.200000,2.250000
sub-d2ad3f86,0.411765,0.279412,0.176471,0.117647,0.014706,4.666667,4.750000,3.000000,2.666667,1.000000
sub-d2c47f13,0.275229,0.348624,0.100917,0.110092,0.165138,4.285714,4.750000,1.833333,3.000000,2.250000
sub-d35069ed,0.229358,0.229358,0.229358,0.091743,0.220183,3.125000,5.000000,3.125000,2.000000,6.000000
sub-d3dbca3b,0.552941,0.317647,0.047059,0.047059,0.035294,5.875000,4.500000,1.333333,1.000000,1.500000
sub-d54a444e,0.303571,0.267857,0.160714,0.250000,0.017857,2.833333,3.750000,3.000000,3.500000,1.000000
sub-d7e0b542,0.403226,0.354839,0.145161,0.096774,0.000000,5.000000,4.400000,9.000000,1.500000,NaN
sub-d7ec9ae3,0.354839,0.290323,0.225806,0.112903,0.016129,3.666667,2.571429,2.333333,1.400000,1.000000
sub-d86c6aeb,0.283784,0.297297,0.162162,0.027027,0.229730,3.500000,3.142857,2.000000,1.000000,2.833333
sub-d8ab4fef,0.285714,0.476190,0.095238,0.119048,0.023810,4.000000,5.000000,2.000000,2.500000,1.000000
sub-d8e8d03c,0.425287,0.287356,0.045977,0.103448,0.137931,5.285714,2.500000,1.000000,1.800000,3.000000
sub-d9505f7f,0.353448,0.379310,0.068966,0.120690,0.077586,8.200000,3.666667,1.333333,2.000000,2.250000
sub-d9574447,0.376812,0.362319,0.144928,0.086957,0.028986,4.333333,3.571429,2.000000,1.500000,1.000000
sub-d9630463,0.333333,0.312500,0.156250,0.125000,0.072917,3.555556,3.333333,3.000000,1.714286,3.500000
sub-d9a7dde8,0.403226,0.322581,0.064516,0.112903,0.096774,4.166667,4.000000,2.000000,2.333333,2.000000
sub-da14debe,0.261905,0.273810,0.154762,0.250000,0.059524,2.750000,2.300000,2.166667,2.625000,1.666667
sub-db1f60e2,0.375000,0.333333,0.125000,0.138889,0.027778,4.500000,4.000000,3.000000,3.333333,1.000000
sub-dc7bd768,0.323529,0.323529,0.166667,0.107843,0.078431,4.125000,4.125000,2.833333,1.833333,2.000000
sub-dc7df6e2,0.058824,0.196078,0.372549,0.352941,0.019608,1.500000,3.333333,3.800000,4.500000,1.000000
sub-dcdce7a1,0.396040,0.306931,0.089109,0.059406,0.148515,4.444444,5.166667,1.800000,3.000000,2.500000
sub-dcfb2aef,0.125000,0.145833,0.395833,0.229167,0.104167,2.000000,1.750000,3.800000,2.750000,1.000000
sub-dd72baf9,0.329268,0.341463,0.085366,0.134146,0.109756,3.857143,5.600000,1.400000,3.666667,2.250000
sub-de0c6ad8,0.174312,0.211009,0.238532,0.220183,0.155963,2.714286,2.875000,3.250000,3.000000,3.400000
sub-de6898bc,0.272727,0.227273,0.172727,0.163636,0.163636,3.000000,3.125000,3.166667,2.250000,3.600000
sub-dea6252e,0.392157,0.372549,0.137255,0.039216,0.058824,5.000000,3.166667,1.750000,1.000000,1.000000
sub-df2ff0b3,0.339623,0.207547,0.301887,0.150943,0.000000,6.000000,2.750000,3.200000,2.666667,NaN
sub-e0c64703,0.172840,0.234568,0.308642,0.246914,0.037037,2.333333,3.800000,4.166667,4.000000,1.500000
sub-e12930ab,0.400000,0.218182,0.145455,0.236364,0.000000,3.666667,2.400000,2.000000,2.166667,NaN
sub-e1a4f26e,0.307692,0.205128,0.243590,0.192308,0.051282,4.000000,3.200000,3.166667,5.000000,1.333333
sub-e258c30d,0.282051,0.324786,0.102564,0.230769,0.059829,5.500000,5.428571,2.000000,4.500000,1.750000
sub-e2fb4a5a,0.188406,0.231884,0.159420,0.231884,0.188406,2.600000,3.200000,2.750000,2.285714,3.250000
sub-e36a4396,0.122449,0.040816,0.285714,0.367347,0.183673,2.000000,1.000000,4.666667,4.500000,2.250000
sub-e544a53d,0.310811,0.310811,0.108108,0.148649,0.121622,3.833333,5.750000,1.600000,3.666667,1.800000
sub-e5da608f,0.243243,0.337838,0.189189,0.189189,0.040541,2.250000,5.000000,3.500000,2.333333,1.000000
sub-e5f9f075,0.190476,0.000000,0.404762,0.190476,0.214286,1.600000,NaN,3.400000,2.666667,2.250000
sub-e6aba9d4,0.339806,0.300971,0.087379,0.116505,0.155340,5.000000,6.200000,1.800000,2.000000,2.000000
sub-e7b4fad4,0.316667,0.216667,0.250000,0.166667,0.050000,3.800000,2.166667,3.750000,2.500000,1.500000
sub-e895d5bf,0.352459,0.368852,0.057377,0.057377,0.163934,5.375000,5.000000,2.333333,1.400000,2.222222
sub-e8af6dbf,0.417910,0.462687,0.014925,0.029851,0.074627,4.666667,4.428571,1.000000,1.000000,2.500000
sub-e95bef08,0.349206,0.333333,0.047619,0.158730,0.111111,4.400000,3.500000,1.500000,2.000000,3.500000
sub-ea3e0167,0.323077,0.353846,0.200000,0.092308,0.030769,3.000000,3.833333,2.600000,2.000000,1.000000
sub-ed6c93d2,0.325000,0.275000,0.050000,0.200000,0.150000,4.333333,3.666667,2.000000,4.000000,1.500000
sub-edbb53c9,0.298246,0.228070,0.245614,0.175439,0.052632,4.250000,4.333333,2.800000,2.500000,3.000000
sub-ee2d0fae,0.086022,0.064516,0.430108,0.225806,0.193548,2.666667,1.500000,4.444444,3.500000,3.600000
sub-eeb93250,0.290323,0.225806,0.172043,0.215054,0.096774,4.500000,2.625000,4.000000,4.000000,3.000000
sub-ef333648,0.303371,0.179775,0.235955,0.269663,0.011236,3.375000,2.666667,3.000000,3.428571,1.000000
sub-ef47e1cb,0.355372,0.363636,0.115702,0.049587,0.115702,7.166667,7.333333,2.333333,2.000000,3.500000
sub-f3bec2c7,0.250000,0.225000,0.125000,0.200000,0.200000,5.000000,2.250000,5.000000,2.666667,2.666667
sub-f4267489,0.244898,0.163265,0.346939,0.244898,0.000000,3.000000,2.666667,3.400000,3.000000,NaN
sub-f4642509,0.208791,0.318681,0.197802,0.230769,0.043956,2.714286,3.625000,2.000000,3.000000,1.333333
sub-f4a570be,0.292683,0.292683,0.170732,0.243902,0.000000,3.000000,4.000000,3.500000,3.333333,NaN
sub-f534211d,0.325581,0.279070,0.232558,0.093023,0.069767,4.666667,3.000000,3.333333,1.333333,1.500000
sub-f5aecd0c,0.156627,0.156627,0.216867,0.277108,0.192771,2.600000,4.333333,3.600000,3.833333,3.200000
sub-f7bf68ad,0.371134,0.288660,0.092784,0.103093,0.144330,3.272727,2.545455,1.500000,2.000000,2.000000
sub-f88f48fa,0.148936,0.255319,0.340426,0.234043,0.021277,2.333333,2.000000,2.285714,2.200000,1.000000
sub-f988b984,0.268519,0.277778,0.101852,0.148148,0.203704,4.833333,3.750000,2.200000,2.285714,3.666667
sub-f989ab12,0.239130,0.217391,0.282609,0.239130,0.021739,2.750000,2.500000,3.250000,2.750000,1.000000
sub-f99c3394,0.126437,0.137931,0.287356,0.287356,0.160920,2.750000,2.000000,5.000000,5.000000,3.500000
sub-f99df42a,0.286885,0.377049,0.098361,0.106557,0.131148,4.375000,5.111111,2.400000,1.857143,2.285714
sub-fc143608,0.266667,0.247619,0.228571,0.104762,0.152381,4.000000,3.250000,3.000000,3.666667,3.200000
sub-fcf62c5e,0.285714,0.323810,0.123810,0.171429,0.095238,3.750000,3.400000,2.600000,3.000000,1.666667
sub-fec1d802,0.112360,0.247191,0.247191,0.123596,0.269663,1.428571,2.750000,3.142857,1.571429,3.428571
sub-fec6b3b3,0.416667,0.312500,0.062500,0.145833,0.062500,6.666667,5.000000,1.500000,2.333333,1.000000
sub-ff1e1209,0.294118,0.254902,0.196078,0.176471,0.078431,3.750000,3.250000,3.333333,2.250000,1.333333
sub-ff2be107,0.344538,0.344538,0.126050,0.151261,0.033613,5.857143,4.100000,2.500000,2.250000,1.333333
