ID,fracocc_1,fracocc_2,fracocc_3,fracocc_4,fracocc_5,dwell_1,dwell_2,dwell_3,dwell_4,dwell_5
sub-0038f6d3,0.288288,0.315315,0.189189,0.171171,0.036036,2.000000,2.058824,1.909091,1.583333,1.000000
sub-0065c4e7,0.181818,0.157025,0.322314,0.239669,0.099174,1.571429,1.357143,2.294118,1.812500,1.333333
sub-00a5f155,0.195652,0.119565,0.206522,0.250000,0.228261,1.285714,1.375000,1.357143,1.642857,1.400000
sub-0103fd3b,0.315068,0.287671,0.041096,0.150685,0.205479,1.352941,1.400000,1.000000,1.100000,1.071429
sub-017bc66c,0.277311,0.268908,0.176471,0.218487,0.058824,1.941176,1.882353,1.750000,1.733333,1.166667
sub-0223ca30,0.245614,0.298246,0.114035,0.175439,0.166667,2.000000,1.789474,1.181818,1.333333,1.583333
sub-0262fb07,0.261682,0.280374,0.186916,0.186916,0.084112,1.750000,1.875000,1.333333,1.538462,1.285714
sub-028396a2,0.245763,0.254237,0.194915,0.127119,0.177966,1.705882,1.875000,1.642857,1.500000,1.500000
sub-02e70592,0.367347,0.387755,0.091837,0.102041,0.051020,2.250000,2.111111,1.000000,1.111111,1.250000
sub-030862f3,0.280992,0.272727,0.173554,0.206612,0.066116,1.789474,2.062500,1.909091,1.562500,1.333333
sub-030a2f21,0.324786,0.256410,0.162393,0.085470,0.170940,2.111111,1.875000,1.727273,1.666667,1.428571
sub-0312aa2f,0.284553,0.300813,0.178862,0.130081,0.105691,1.750000,1.947368,1.375000,1.777778,1.181818
sub-032bc148,0.236842,0.276316,0.157895,0.171053,0.157895,1.285714,1.312500,1.000000,1.444444,1.333333
sub-037ebdea,0.120690,0.103448,0.344828,0.310345,0.120690,1.000000,1.000000,1.333333,1.285714,1.000000
sub-03b4fac2,0.148148,0.018519,0.370370,0.296296,0.166667,1.000000,1.000000,1.250000,1.142857,1.125000
sub-03d5f6b2,0.224138,0.241379,0.215517,0.181034,0.137931,1.625000,1.555556,1.315789,1.400000,1.333333
sub-03dbb3ef,0.057692,0.134615,0.250000,0.192308,0.365385,1.000000,1.000000,1.181818,1.111111,1.357143
sub-0424f0cc,0.272727,0.280992,0.157025,0.198347,0.090909,1.941176,2.125000,1.461538,1.600000,1.375000
sub-0431abda,0.189873,0.227848,0.215190,0.253165,0.113924,1.500000,1.285714,1.545455,1.538462,1.000000
sub-044c81a4,0.275862,0.284483,0.155172,0.120690,0.163793,1.882353,2.062500,1.285714,1.555556,1.357143
sub-04d422d4,0.291139,0.227848,0.126582,0.151899,0.202532,1.642857,1.285714,1.111111,1.200000,1.600000
sub-05804543,0.352000,0.376000,0.088000,0.080000,0.104000,2.444444,2.473684,1.571429,1.666667,1.300000
sub-05b68380,0.304000,0.304000,0.128000,0.128000,0.136000,2.000000,1.809524,1.454545,1.333333,1.700000
sub-05c8148a,0.359649,0.333333,0.087719,0.105263,0.114035,2.157895,2.111111,1.111111,1.200000,1.625000
sub-05da9db8,0.144330,0.123711,0.175258,0.268041,0.288660,1.272727,1.333333,1.545455,1.444444,1.473684
sub-0618a7a8,0.188406,0.101449,0.333333,0.188406,0.188406,1.444444,1.166667,1.437500,1.181818,1.181818
sub-0619f332,0.225000,0.233333,0.233333,0.116667,0.191667,1.928571,1.866667,2.333333,1.272727,1.916667
sub-062a3828,0.291262,0.291262,0.106796,0.106796,0.203883,1.764706,2.142857,1.100000,1.100000,1.750000
sub-063189b9,0.182927,0.170732,0.219512,0.182927,0.243902,1.363636,1.400000,1.285714,1.250000,1.428571
sub-0640fc90,0.250000,0.196429,0.196429,0.267857,0.089286,1.400000,1.375000,1.100000,1.363636,1.000000
sub-0677b0ae,0.126050,0.151261,0.243697,0.310924,0.168067,1.500000,1.500000,2.230769,2.176471,1.538462
sub-074c7ae0,0.252427,0.194175,0.213592,0.194175,0.145631,1.300000,1.333333,1.692308,1.428571,1.363636
sub-075ba38c,0.172414,0.189655,0.198276,0.224138,0.215517,1.666667,1.466667,1.769231,1.625000,1.666667
sub-078d0115,0.235772,0.252033,0.178862,0.105691,0.227642,1.705882,1.823529,1.833333,1.444444,2.000000
sub-079ad0b1,0.264000,0.288000,0.080000,0.176000,0.192000,2.062500,2.117647,1.428571,1.692308,2.181818
sub-08bdadc8,0.233333,0.275000,0.183333,0.150000,0.158333,2.153846,1.833333,1.692308,1.384615,1.727273
sub-08d4a49b,0.396825,0.380952,0.063492,0.079365,0.079365,1.666667,1.846154,1.333333,1.000000,1.000000
sub-08fc6819,0.304000,0.288000,0.136000,0.160000,0.112000,2.375000,1.894737,1.416667,1.538462,1.555556
sub-09378b74,0.330275,0.266055,0.110092,0.146789,0.146789,2.400000,2.230769,1.333333,1.454545,1.777778
sub-09927d73,0.129870,0.181818,0.246753,0.311688,0.129870,1.111111,1.400000,1.266667,1.714286,1.250000
sub-09ff79ff,0.276786,0.276786,0.169643,0.160714,0.116071,1.823529,2.066667,1.357143,1.636364,1.444444
sub-0a249e33,0.281818,0.327273,0.100000,0.154545,0.136364,1.823529,2.000000,1.222222,1.416667,1.500000
sub-0aa36d72,0.230088,0.238938,0.203540,0.185841,0.141593,2.000000,2.250000,1.769231,1.750000,2.000000
sub-0ab8eedd,0.273504,0.316239,0.076923,0.153846,0.179487,2.133333,2.055556,1.125000,1.800000,1.909091
sub-0abfcc01,0.295238,0.247619,0.133333,0.152381,0.171429,1.937500,1.625000,1.400000,1.230769,1.500000
sub-0b35d330,0.256410,0.230769,0.205128,0.162393,0.145299,1.764706,1.800000,2.000000,1.583333,1.700000
sub-0bb849b5,0.195122,0.227642,0.227642,0.146341,0.203252,1.846154,2.000000,1.750000,1.636364,1.562500
sub-0bd59c4e,0.269231,0.307692,0.153846,0.038462,0.230769,1.166667,1.454545,1.333333,1.000000,1.000000
sub-0be9a317,0.264151,0.377358,0.132075,0.132075,0.094340,1.473684,1.739130,1.272727,1.400000,1.250000
sub-0bea5471,0.166667,0.217949,0.089744,0.256410,0.269231,1.181818,1.416667,1.166667,1.538462,1.400000
sub-0c41aed6,0.214286,0.261905,0.142857,0.238095,0.142857,1.384615,1.466667,1.000000,1.428571,1.200000
sub-0c6dd44d,0.133333,0.188889,0.222222,0.288889,0.166667,1.200000,1.416667,1.538462,1.625000,1.875000
sub-0cc78551,0.207317,0.158537,0.231707,0.292683,0.109756,1.133333,1.300000,1.461538,1.500000,1.500000
sub-0d109f78,0.237288,0.228814,0.194915,0.228814,0.110169,1.866667,1.928571,1.437500,1.800000,1.444444
sub-0d4055a4,0.327869,0.377049,0.114754,0.114754,0.065574,2.222222,2.875000,1.000000,1.400000,1.333333
sub-0dd04d8d,0.214286,0.130952,0.309524,0.309524,0.035714,1.285714,1.222222,1.529412,1.625000,1.500000
sub-0e0b5c03,0.253333,0.240000,0.213333,0.160000,0.133333,1.357143,1.384615,1.333333,1.090909,1.111111
sub-0ea01690,0.133929,0.125000,0.303571,0.285714,0.151786,1.875000,1.750000,2.000000,2.000000,1.133333
sub-0ef9a840,0.191304,0.217391,0.226087,0.226087,0.139130,1.375000,1.470588,2.166667,2.000000,1.454545
sub-0f6654ce,0.284553,0.333333,0.105691,0.154472,0.121951,2.333333,1.863636,1.000000,1.727273,1.500000
sub-0feed494,0.196721,0.163934,0.278689,0.245902,0.114754,1.000000,1.000000,1.214286,1.500000,1.166667
sub-0ffb32d2,0.316667,0.350000,0.125000,0.158333,0.050000,2.375000,2.800000,1.500000,1.583333,1.500000
sub-1000f047,0.305085,0.254237,0.135593,0.152542,0.152542,2.400000,1.764706,1.454545,1.636364,1.384615
sub-11094134,0.139344,0.180328,0.278689,0.139344,0.262295,1.700000,1.294118,1.888889,1.307692,2.000000
sub-1112d9df,0.121212,0.181818,0.151515,0.252525,0.292929,1.090909,1.500000,1.666667,1.785714,1.933333
sub-1127e943,0.156250,0.156250,0.187500,0.281250,0.218750,1.000000,1.111111,1.200000,1.384615,1.400000
sub-1208c421,0.333333,0.355556,0.177778,0.044444,0.088889,1.153846,1.333333,1.000000,1.000000,1.000000
sub-13060080,0.333333,0.425926,0.092593,0.074074,0.074074,1.200000,1.437500,1.000000,1.000000,1.000000
sub-143c05b0,0.252033,0.276423,0.178862,0.154472,0.138211,2.214286,2.125000,1.692308,1.583333,1.416667
sub-14921d16,0.256000,0.280000,0.208000,0.144000,0.112000,2.000000,2.187500,1.529412,1.384615,1.400000
sub-156dd92b,0.243902,0.276423,0.138211,0.211382,0.130081,1.764706,1.789474,1.545455,2.000000,1.777778
sub-15a45610,0.363636,0.347107,0.140496,0.057851,0.090909,2.444444,2.210526,1.307692,1.166667,1.375000
sub-15bf4c30,0.254098,0.254098,0.122951,0.147541,0.221311,2.384615,2.066667,1.666667,1.384615,2.454545
sub-15f5f4a4,0.173469,0.163265,0.255102,0.306122,0.102041,1.307692,1.777778,1.562500,1.578947,1.111111
sub-16f7c767,0.241667,0.233333,0.241667,0.200000,0.083333,1.611111,1.750000,1.380952,1.714286,1.250000
sub-1722f709,0.296703,0.340659,0.098901,0.131868,0.131868,1.500000,1.476190,1.000000,1.333333,1.090909
sub-1757dc19,0.151515,0.191919,0.262626,0.171717,0.222222,1.250000,1.583333,1.857143,1.545455,1.571429
sub-175f0243,0.295918,0.346939,0.183673,0.020408,0.153061,1.812500,2.125000,1.500000,1.000000,1.363636
sub-18345449,0.214286,0.285714,0.214286,0.214286,0.071429,1.000000,1.142857,1.090909,1.200000,1.000000
sub-185510a2,0.324786,0.307692,0.102564,0.111111,0.153846,2.111111,2.400000,1.333333,1.300000,1.500000
sub-18843b7b,0.380435,0.380435,0.141304,0.097826,0.000000,1.842105,2.058824,1.181818,1.285714,NaN
sub-18dcd71e,0.288000,0.280000,0.176000,0.144000,0.112000,2.250000,1.842105,1.222222,1.500000,1.555556
sub-1a0dd2e0,0.311321,0.330189,0.132075,0.132075,0.094340,2.062500,2.187500,1.272727,1.750000,2.000000
sub-1a7ffbab,0.250000,0.233871,0.217742,0.104839,0.193548,1.823529,2.071429,2.076923,1.300000,2.181818
sub-1baacce3,0.302632,0.328947,0.118421,0.105263,0.144737,1.642857,1.785714,1.285714,1.142857,1.000000
sub-1bcbb6c2,0.214286,0.242857,0.271429,0.128571,0.142857,1.363636,1.307692,1.583333,1.125000,1.250000
sub-1bd6ef0e,0.219512,0.154472,0.243902,0.211382,0.170732,1.500000,1.266667,1.764706,1.733333,1.500000
sub-1c9dca29,0.276423,0.260163,0.211382,0.170732,0.081301,2.125000,2.133333,1.529412,1.312500,1.428571
sub-1cab9f59,0.238938,0.203540,0.203540,0.194690,0.159292,1.588235,1.437500,1.352941,1.571429,1.384615
sub-1cae716e,0.234694,0.214286,0.244898,0.255102,0.051020,1.642857,1.400000,1.600000,1.562500,1.000000
sub-1cb849c3,0.297872,0.287234,0.117021,0.159574,0.138298,1.555556,1.588235,1.222222,1.500000,1.444444
sub-1ce73965,0.203883,0.165049,0.233010,0.252427,0.145631,1.615385,1.307692,1.600000,1.733333,1.500000
sub-1d0cc3f0,0.363636,0.375000,0.068182,0.034091,0.159091,2.909091,2.200000,1.200000,1.000000,1.555556
sub-1e7394f2,0.318966,0.318966,0.172414,0.137931,0.051724,2.055556,2.055556,1.538462,1.230769,1.200000
sub-1e7b5201,0.319149,0.308511,0.127660,0.180851,0.063830,1.666667,1.812500,1.200000,1.307692,1.000000
sub-1e805bd2,0.349593,0.349593,0.097561,0.130081,0.073171,2.687500,2.388889,1.333333,1.454545,1.500000
sub-1e8256cb,0.046154,0.076923,0.261538,0.276923,0.338462,1.000000,1.000000,1.416667,1.200000,1.571429
sub-1f00664b,0.283333,0.333333,0.150000,0.166667,0.066667,1.214286,1.428571,1.125000,1.250000,1.000000
sub-1f35e406,0.243902,0.292683,0.170732,0.146341,0.146341,1.000000,1.090909,1.000000,1.500000,1.000000
sub-1f45c28e,0.329545,0.340909,0.102273,0.113636,0.113636,1.705882,1.666667,1.285714,1.250000,1.111111
sub-1f989207,0.276423,0.308943,0.138211,0.178862,0.097561,2.000000,2.000000,1.545455,1.571429,1.200000
sub-1fb22c1e,0.243243,0.288288,0.135135,0.225225,0.108108,1.588235,1.600000,1.363636,1.470588,1.500000
sub-1fe27156,0.186813,0.153846,0.241758,0.307692,0.109890,1.307692,1.166667,1.375000,1.866667,1.000000
sub-1fe834f0,0.329787,0.308511,0.127660,0.191489,0.042553,1.550000,2.071429,1.714286,1.500000,1.333333
sub-1fead018,0.277311,0.268908,0.117647,0.226891,0.109244,1.650000,2.133333,1.272727,1.588235,1.300000
sub-200785b5,0.260870,0.376812,0.188406,0.159420,0.014493,1.636364,1.733333,1.083333,1.222222,1.000000
sub-2016203f,0.128571,0.142857,0.314286,0.185714,0.228571,1.125000,1.000000,1.692308,1.181818,1.230769
sub-20a17075,0.376000,0.344000,0.080000,0.056000,0.144000,2.473684,2.529412,1.250000,1.000000,1.636364
sub-20a2b1b4,0.312000,0.320000,0.128000,0.144000,0.096000,2.294118,2.352941,1.333333,1.500000,1.333333
sub-20b7485e,0.330645,0.306452,0.104839,0.120968,0.137097,2.157895,2.111111,1.181818,1.071429,1.700000
sub-20d43624,0.203252,0.154472,0.333333,0.186992,0.121951,2.083333,1.461538,2.411765,1.769231,1.666667
sub-20e346fc,0.156522,0.165217,0.252174,0.226087,0.200000,1.636364,1.266667,1.933333,1.733333,1.769231
sub-20ee3cab,0.272727,0.303030,0.141414,0.121212,0.161616,1.687500,1.875000,1.400000,1.200000,1.230769
sub-213f175e,0.250000,0.303571,0.196429,0.142857,0.107143,1.555556,1.307692,1.100000,1.000000,1.200000
sub-21465080,0.351648,0.351648,0.109890,0.109890,0.076923,1.882353,2.000000,1.111111,1.250000,1.000000
sub-21bdd5ba,0.327586,0.362069,0.086207,0.051724,0.172414,1.266667,1.400000,1.250000,1.000000,1.000000
sub-22622dde,0.305556,0.314815,0.101852,0.083333,0.194444,1.736842,2.125000,1.222222,1.125000,1.500000
sub-22c762ef,0.232000,0.176000,0.208000,0.192000,0.192000,1.526316,1.692308,1.733333,2.000000,1.714286
sub-23826a62,0.422764,0.349593,0.056911,0.024390,0.146341,2.736842,2.687500,1.166667,1.000000,2.000000
sub-23ae845f,0.256198,0.297521,0.140496,0.140496,0.165289,2.583333,2.117647,1.545455,1.545455,1.666667
sub-24458446,0.352273,0.284091,0.113636,0.147727,0.102273,1.631579,1.562500,1.111111,1.083333,1.000000
sub-24995e17,0.336283,0.327434,0.115044,0.097345,0.123894,2.235294,2.466667,1.181818,1.375000,1.400000
sub-24a7c6ca,0.117647,0.176471,0.274510,0.196078,0.235294,1.000000,1.125000,1.076923,1.111111,1.000000
sub-24c13105,0.256000,0.208000,0.088000,0.184000,0.264000,2.000000,1.529412,1.375000,1.642857,1.833333
sub-24ed9807,0.290323,0.298387,0.096774,0.129032,0.185484,2.571429,2.312500,1.333333,1.454545,1.916667
sub-257bbec9,0.322581,0.250000,0.209677,0.032258,0.185484,2.352941,2.066667,2.000000,1.000000,1.642857
sub-270cd2b7,0.200000,0.145455,0.218182,0.127273,0.309091,1.100000,1.000000,1.333333,1.400000,1.545455
sub-27aeb32c,0.287500,0.325000,0.125000,0.125000,0.137500,1.642857,1.857143,1.111111,1.111111,1.222222
sub-27e590b8,0.168831,0.155844,0.285714,0.116883,0.272727,1.083333,1.333333,1.466667,1.285714,1.500000
sub-28a0fdd3,0.254386,0.201754,0.192982,0.210526,0.140351,2.071429,1.769231,2.000000,1.600000,1.333333
sub-28c7360d,0.183333,0.158333,0.250000,0.250000,0.158333,1.571429,1.357143,1.578947,1.764706,1.266667
sub-29454e82,0.348485,0.348485,0.090909,0.060606,0.151515,1.437500,1.352941,1.000000,1.000000,1.111111
sub-2954dc06,0.328767,0.287671,0.136986,0.178082,0.068493,1.500000,1.500000,1.428571,1.300000,1.000000
sub-29855626,0.407080,0.433628,0.061947,0.061947,0.035398,2.705882,2.882353,1.400000,1.000000,1.000000
sub-29cb7cfb,0.333333,0.400000,0.088889,0.088889,0.088889,1.250000,1.200000,1.000000,1.000000,1.000000
sub-2a1d84ce,0.185185,0.203704,0.314815,0.203704,0.092593,1.000000,1.100000,1.214286,1.222222,1.000000
sub-2a6b2e84,0.264368,0.275862,0.206897,0.172414,0.080460,1.352941,1.714286,1.384615,1.363636,1.000000
sub-2a9aa446,0.397959,0.336735,0.081633,0.132653,0.051020,1.950000,1.941176,1.000000,1.181818,1.666667
sub-2b2dc874,0.084211,0.084211,0.273684,0.326316,0.231579,1.600000,1.142857,1.529412,2.066667,1.571429
sub-2b4ee1eb,0.312000,0.360000,0.088000,0.136000,0.104000,1.950000,2.142857,1.375000,1.416667,1.300000
sub-2b90d30e,0.396552,0.344828,0.086207,0.086207,0.086207,1.642857,1.333333,1.250000,1.000000,1.000000
sub-2bad3f29,0.205882,0.250000,0.117647,0.220588,0.205882,1.076923,1.133333,1.000000,1.363636,1.272727
sub-2bee75ef,0.351351,0.369369,0.099099,0.144144,0.036036,2.052632,2.277778,1.375000,1.230769,1.000000
sub-2ca8e629,0.240000,0.240000,0.152000,0.168000,0.200000,2.000000,1.428571,1.461538,1.400000,1.923077
sub-2cfd2032,0.250000,0.293478,0.195652,0.130435,0.130435,1.533333,1.421053,1.384615,1.200000,1.500000
sub-2d70f07a,0.317073,0.329268,0.109756,0.073171,0.170732,1.625000,1.500000,1.125000,1.000000,1.166667
sub-2e02a615,0.204918,0.262295,0.188525,0.172131,0.172131,1.785714,1.777778,1.769231,1.500000,1.909091
sub-2e2c9089,0.304000,0.296000,0.200000,0.088000,0.112000,2.533333,2.176471,1.923077,1.100000,1.555556
sub-2e3e0575,0.304348,0.304348,0.101449,0.072464,0.217391,1.615385,1.500000,1.400000,1.000000,1.363636
sub-2ec9ef3f,0.272727,0.272727,0.181818,0.181818,0.090909,1.153846,1.363636,1.250000,1.000000,1.000000
sub-2eea391b,0.225000,0.162500,0.325000,0.250000,0.037500,1.384615,1.083333,1.733333,1.538462,1.000000
sub-2f67216f,0.219512,0.243902,0.243902,0.219512,0.073171,1.000000,1.000000,1.000000,1.000000,1.000000
sub-2ffd1498,0.321429,0.303571,0.089286,0.142857,0.142857,1.800000,2.266667,1.428571,1.600000,1.454545
sub-300f964c,0.219512,0.268293,0.195122,0.170732,0.146341,1.200000,1.571429,1.142857,1.400000,1.500000
sub-30a73542,0.219512,0.235772,0.292683,0.162602,0.089431,1.928571,1.812500,2.571429,1.666667,1.375000
sub-30ab196e,0.266667,0.241667,0.216667,0.175000,0.100000,1.882353,1.611111,1.368421,1.400000,1.090909
sub-3109bf1c,0.268657,0.298507,0.134328,0.164179,0.134328,1.200000,1.428571,1.125000,1.100000,1.000000
sub-31394e7a,0.146341,0.170732,0.268293,0.292683,0.121951,1.000000,1.166667,1.222222,1.000000,1.250000
sub-3177bea8,0.368852,0.368852,0.090164,0.065574,0.106557,2.500000,2.142857,1.571429,1.142857,1.300000
sub-317bb08e,0.450980,0.401961,0.039216,0.039216,0.068627,2.555556,2.157895,1.000000,1.000000,1.000000
sub-3199a8c6,0.285714,0.238095,0.166667,0.214286,0.095238,1.200000,1.111111,1.000000,1.000000,1.000000
sub-31c71fe5,0.243697,0.235294,0.243697,0.134454,0.142857,1.611111,1.750000,1.812500,1.333333,1.545455
sub-329ec5d1,0.170732,0.219512,0.268293,0.146341,0.195122,1.400000,1.285714,1.571429,1.333333,1.777778
sub-32ad6734,0.369748,0.336134,0.075630,0.042017,0.176471,2.444444,2.105263,1.125000,1.250000,1.500000
sub-32b0b746,0.155172,0.224138,0.258621,0.293103,0.068966,1.000000,1.300000,1.250000,1.545455,1.000000
sub-3319088e,0.214286,0.297619,0.214286,0.214286,0.059524,1.500000,1.388889,1.384615,1.636364,1.000000
sub-333c69b6,0.146067,0.157303,0.303371,0.314607,0.078652,1.083333,1.272727,2.076923,1.750000,1.166667
sub-3380a3f8,0.271930,0.254386,0.210526,0.175439,0.087719,1.937500,1.933333,2.666667,1.538462,1.428571
sub-33aa81b1,0.352000,0.336000,0.104000,0.128000,0.080000,2.588235,2.625000,1.444444,1.777778,1.428571
sub-33fad75a,0.220779,0.142857,0.181818,0.246753,0.207792,1.307692,1.100000,1.272727,1.583333,1.333333
sub-3405c96d,0.310924,0.344538,0.151261,0.142857,0.050420,2.846154,2.411765,1.800000,1.545455,1.500000
sub-34416bde,0.150000,0.080000,0.240000,0.200000,0.330000,1.250000,1.142857,1.714286,1.538462,2.200000
sub-34458bb9,0.217742,0.193548,0.201613,0.225806,0.161290,2.454545,1.500000,1.785714,1.555556,1.538462
sub-34539ef6,0.338843,0.322314,0.123967,0.066116,0.148760,2.562500,2.166667,1.666667,1.142857,1.636364
sub-34568da1,0.282609,0.304348,0.141304,0.184783,0.086957,1.625000,1.647059,1.300000,1.133333,1.142857
sub-34834c97,0.159091,0.090909,0.136364,0.181818,0.431818,1.000000,1.000000,1.000000,1.000000,1.266667
sub-34b27343,0.321101,0.321101,0.174312,0.064220,0.119266,2.058824,2.058824,1.357143,1.400000,1.300000
sub-34eda375,0.342857,0.228571,0.114286,0.133333,0.180952,2.117647,1.846154,1.333333,1.555556,1.900000
sub-3513bb29,0.329268,0.280488,0.097561,0.146341,0.146341,1.687500,1.642857,1.000000,1.200000,1.090909
sub-351f5911,0.298077,0.317308,0.067308,0.125000,0.192308,1.631579,2.062500,1.166667,1.444444,1.818182
sub-353604a7,0.405797,0.347826,0.086957,0.043478,0.115942,1.555556,1.714286,1.000000,1.000000,1.000000
sub-3579c837,0.261364,0.250000,0.238636,0.147727,0.102273,1.916667,1.692308,1.312500,1.625000,1.500000
sub-363fef83,0.208333,0.216667,0.175000,0.191667,0.208333,2.272727,1.857143,1.615385,1.769231,2.083333
sub-364e27da,0.211268,0.211268,0.309859,0.211268,0.056338,1.153846,1.666667,1.466667,1.153846,1.000000
sub-36812311,0.250000,0.225806,0.153226,0.193548,0.177419,2.066667,2.000000,1.727273,1.714286,1.833333
sub-36e8c5ee,0.264463,0.214876,0.181818,0.132231,0.206612,2.133333,2.000000,1.692308,1.333333,1.785714
sub-372f7c97,0.130435,0.086957,0.282609,0.282609,0.217391,1.000000,1.000000,1.083333,1.083333,1.250000
sub-37370aac,0.268908,0.277311,0.201681,0.235294,0.016807,2.133333,2.200000,1.846154,2.000000,2.000000
sub-373f0ffd,0.255319,0.276596,0.159574,0.095745,0.212766,1.714286,1.444444,1.363636,1.285714,1.666667
sub-38428731,0.136364,0.200000,0.172727,0.200000,0.290909,1.666667,1.571429,1.900000,1.466667,1.882353
sub-390829f4,0.220000,0.240000,0.180000,0.200000,0.160000,1.100000,1.200000,1.000000,1.250000,1.142857
sub-3948081f,0.320000,0.304000,0.160000,0.056000,0.160000,2.222222,2.111111,1.666667,1.166667,1.333333
sub-395cc66e,0.236364,0.245455,0.190909,0.190909,0.136364,1.857143,1.687500,1.750000,1.400000,1.500000
sub-39df6d4d,0.202247,0.191011,0.269663,0.168539,0.168539,1.200000,1.214286,1.411765,1.363636,1.500000
sub-39e13aaf,0.271028,0.271028,0.177570,0.214953,0.065421,1.812500,1.812500,1.266667,1.769231,1.166667
sub-39ec2b3a,0.370968,0.403226,0.096774,0.120968,0.008065,2.555556,3.571429,1.200000,1.500000,1.000000
sub-3a64891e,0.231405,0.247934,0.198347,0.256198,0.066116,1.750000,1.764706,1.714286,1.823529,1.142857
sub-3ab13149,0.366667,0.383333,0.108333,0.075000,0.066667,2.444444,2.875000,1.181818,1.285714,1.333333
sub-3afc22be,0.315789,0.324561,0.114035,0.105263,0.140351,2.250000,2.312500,1.444444,1.500000,1.600000
sub-3b099e7c,0.376147,0.385321,0.100917,0.036697,0.100917,2.562500,2.800000,1.375000,1.000000,1.222222
sub-3b0bbcca,0.343137,0.392157,0.078431,0.137255,0.049020,2.058824,2.105263,1.333333,1.555556,1.000000
sub-3b897a16,0.329670,0.307692,0.153846,0.109890,0.098901,2.000000,1.750000,1.272727,1.111111,1.000000
sub-3bea84e7,0.214876,0.198347,0.198347,0.214876,0.173554,1.625000,2.000000,1.263158,1.857143,1.500000
sub-3c0c48f6,0.144330,0.144330,0.278351,0.195876,0.237113,1.555556,1.272727,1.588235,1.266667,1.352941
sub-3c412bbf,0.304000,0.272000,0.176000,0.200000,0.048000,2.375000,2.428571,1.692308,2.083333,1.500000
sub-3c46c07f,0.056000,0.128000,0.272000,0.312000,0.232000,1.166667,1.333333,2.000000,2.294118,1.812500
sub-3cc48bce,0.163462,0.182692,0.298077,0.259615,0.096154,1.416667,1.461538,1.722222,1.800000,1.000000
sub-3ccd2419,0.205882,0.161765,0.294118,0.191176,0.147059,1.400000,1.222222,1.666667,1.444444,1.428571
sub-3cdeee8a,0.246753,0.285714,0.142857,0.090909,0.233766,1.357143,1.692308,1.222222,1.166667,1.384615
sub-3d2a195e,0.377049,0.303279,0.098361,0.122951,0.098361,2.421053,2.176471,1.333333,1.363636,1.200000
sub-3dcc96bf,0.186275,0.147059,0.254902,0.254902,0.156863,1.357143,1.363636,1.857143,1.733333,1.454545
sub-3e8e8f70,0.338843,0.371901,0.115702,0.140496,0.033058,2.562500,2.368421,1.272727,1.416667,1.000000
sub-3ef55793,0.250000,0.281250,0.135417,0.166667,0.166667,1.714286,1.800000,1.181818,1.454545,1.600000
sub-3f20cb2f,0.172043,0.118280,0.322581,0.290323,0.096774,1.454545,1.375000,1.578947,1.687500,1.285714
sub-3f2c7881,0.268657,0.179104,0.119403,0.208955,0.223881,1.125000,1.090909,1.000000,1.272727,1.250000
sub-3f9845b7,0.233645,0.130841,0.205607,0.140187,0.289720,1.785714,1.400000,1.466667,1.363636,1.937500
sub-3fa321e5,0.290323,0.290323,0.137097,0.185484,0.096774,2.400000,2.000000,1.416667,1.642857,1.333333
sub-3fc89bdf,0.288136,0.355932,0.152542,0.135593,0.067797,1.545455,1.400000,1.285714,1.333333,1.000000
sub-3fdf00ec,0.394958,0.394958,0.084034,0.058824,0.067227,2.764706,2.764706,1.250000,1.000000,1.333333
sub-3fe4c8be,0.147541,0.180328,0.295082,0.262295,0.114754,1.125000,1.100000,1.285714,1.142857,1.166667
sub-3febaacb,0.254545,0.245455,0.145455,0.236364,0.118182,2.333333,1.928571,1.230769,1.625000,1.444444
sub-40480d87,0.294643,0.250000,0.133929,0.151786,0.169643,2.200000,1.647059,1.500000,1.416667,1.583333
sub-40a8af30,0.278689,0.286885,0.098361,0.163934,0.172131,2.125000,2.058824,1.500000,1.666667,1.615385
sub-40cd38aa,0.200000,0.208000,0.224000,0.264000,0.104000,1.785714,2.000000,2.153846,2.200000,1.300000
sub-4116e37f,0.322034,0.338983,0.144068,0.135593,0.059322,1.809524,2.105263,1.700000,1.454545,1.000000
sub-41837856,0.355372,0.355372,0.123967,0.090909,0.074380,2.687500,3.307692,1.500000,1.571429,1.285714
sub-41c65311,0.330579,0.305785,0.123967,0.148760,0.090909,2.000000,2.176471,1.500000,1.384615,1.375000
sub-41c80295,0.072727,0.127273,0.363636,0.345455,0.090909,1.333333,1.166667,1.333333,1.461538,1.000000
sub-41d5f210,0.092593,0.074074,0.333333,0.203704,0.296296,1.250000,1.333333,1.285714,1.375000,1.333333
sub-42313275,0.238938,0.265487,0.123894,0.194690,0.176991,1.500000,1.875000,1.400000,1.571429,1.818182
sub-424816de,0.152542,0.203390,0.288136,0.220339,0.135593,1.384615,1.600000,2.428571,1.733333,1.333333
sub-42be1b79,0.185484,0.185484,0.274194,0.250000,0.104839,1.916667,1.437500,2.266667,1.823529,1.857143
sub-42ff619b,0.282258,0.298387,0.137097,0.177419,0.104839,2.058824,2.312500,1.700000,1.571429,1.300000
sub-43223fee,0.316239,0.264957,0.136752,0.076923,0.205128,2.466667,2.066667,1.454545,1.500000,2.000000
sub-43687c63,0.206612,0.198347,0.165289,0.247934,0.181818,2.083333,2.000000,1.818182,2.142857,2.000000
sub-4377ba37,0.267606,0.267606,0.169014,0.070423,0.225352,1.461538,1.266667,1.500000,1.000000,1.142857
sub-43e6771c,0.201681,0.252101,0.218487,0.168067,0.159664,1.714286,1.764706,1.529412,1.666667,1.461538
sub-43fec3ba,0.325843,0.303371,0.146067,0.134831,0.089888,1.933333,1.500000,1.181818,1.090909,1.142857
sub-4507f914,0.296000,0.248000,0.184000,0.080000,0.192000,2.055556,2.066667,1.642857,1.111111,1.600000
sub-459d2f41,0.083333,0.185185,0.250000,0.185185,0.296296,1.500000,1.333333,1.421053,1.538462,2.285714
sub-459f502f,0.273973,0.287671,0.205479,0.191781,0.041096,1.333333,1.400000,1.153846,1.272727,1.000000
sub-45bcc689,0.368000,0.432000,0.080000,0.040000,0.080000,3.066667,3.857143,1.250000,1.000000,1.250000
sub-45c1d1f7,0.121739,0.130435,0.339130,0.321739,0.086957,1.272727,1.363636,2.166667,1.947368,1.428571
sub-45c73ddd,0.211864,0.050847,0.177966,0.194915,0.364407,1.562500,1.000000,1.500000,1.533333,1.954545
sub-45d3f841,0.252101,0.294118,0.210084,0.168067,0.075630,1.764706,1.666667,1.388889,1.333333,1.000000
sub-46dec161,0.220000,0.230000,0.240000,0.190000,0.120000,1.833333,1.769231,1.600000,1.461538,1.333333
sub-477fa3ad,0.419355,0.451613,0.040323,0.056452,0.032258,2.600000,2.666667,1.000000,1.000000,1.333333
sub-479ffa4f,0.101449,0.115942,0.376812,0.318841,0.086957,1.166667,1.333333,1.625000,1.571429,1.500000
sub-481c79cc,0.303279,0.295082,0.204918,0.122951,0.073770,1.947368,1.894737,1.315789,1.250000,1.125000
sub-48374184,0.237624,0.227723,0.247525,0.198020,0.089109,2.000000,1.533333,1.388889,1.428571,1.125000
sub-485dfbea,0.337838,0.297297,0.135135,0.054054,0.175676,1.388889,1.692308,1.000000,1.000000,1.181818
sub-485ec574,0.208333,0.266667,0.108333,0.266667,0.150000,1.562500,2.000000,1.444444,1.777778,1.384615
sub-486257c7,0.247706,0.192661,0.137615,0.247706,0.174312,1.800000,1.615385,1.363636,1.500000,1.583333
sub-48aef4b5,0.239316,0.196581,0.179487,0.136752,0.247863,2.000000,1.769231,2.100000,1.454545,2.416667
sub-48b8b0e4,0.344000,0.312000,0.136000,0.040000,0.168000,2.047619,2.294118,1.214286,1.250000,1.400000
sub-48deeaa7,0.359375,0.328125,0.062500,0.093750,0.156250,1.642857,1.235294,1.000000,1.000000,1.111111
sub-496a509f,0.206897,0.126437,0.275862,0.229885,0.160920,1.500000,1.222222,1.500000,1.428571,1.076923
sub-49efd909,0.283333,0.300000,0.133333,0.183333,0.100000,1.214286,1.285714,1.333333,1.375000,1.500000
sub-49f63af2,0.215054,0.172043,0.215054,0.182796,0.215054,1.538462,1.333333,1.333333,1.416667,1.538462
sub-4a3f09d6,0.396552,0.387931,0.086207,0.086207,0.043103,2.555556,2.647059,1.250000,1.111111,1.000000
sub-4ac4cb0a,0.150000,0.150000,0.325000,0.166667,0.208333,1.384615,1.500000,2.437500,1.428571,1.785714
sub-4ac8cb38,0.342105,0.289474,0.122807,0.201754,0.043860,2.437500,2.062500,1.272727,1.642857,1.000000
sub-4b1369b2,0.325000,0.275000,0.183333,0.141667,0.075000,2.294118,1.736842,1.466667,1.307692,1.125000
sub-4b356b3c,0.135593,0.101695,0.322034,0.372881,0.067797,1.333333,1.000000,1.583333,1.571429,1.000000
sub-4ba48d87,0.245283,0.264151,0.169811,0.198113,0.122642,1.625000,1.750000,1.285714,1.750000,1.181818
sub-4c422d32,0.285714,0.266667,0.133333,0.123810,0.190476,1.764706,2.000000,1.272727,1.300000,1.428571
sub-4cc4718f,0.418605,0.395349,0.046512,0.046512,0.093023,1.285714,1.416667,1.000000,1.000000,1.000000
sub-4cff45db,0.118644,0.203390,0.288136,0.288136,0.101695,1.555556,1.714286,2.000000,1.888889,1.500000
sub-4d7b20c6,0.314516,0.266129,0.161290,0.217742,0.040323,2.294118,2.062500,1.818182,1.928571,1.000000
sub-4dc75872,0.200000,0.145455,0.209091,0.154545,0.290909,1.571429,1.142857,1.437500,1.545455,1.684211
sub-4ddbfa65,0.300000,0.266667,0.200000,0.125000,0.108333,2.250000,2.133333,1.846154,1.363636,1.444444
sub-4df0773d,0.174312,0.183486,0.220183,0.229358,0.192661,1.266667,1.538462,1.846154,1.785714,1.500000
sub-4e349387,0.282258,0.258065,0.153226,0.185484,0.120968,2.333333,2.000000,1.266667,2.090909,1.666667
sub-4e43f365,0.062500,0.078125,0.406250,0.375000,0.078125,1.333333,1.000000,1.857143,1.714286,1.666667
sub-4e658572,0.157895,0.184211,0.254386,0.245614,0.157895,1.384615,1.500000,1.812500,1.750000,1.500000
sub-4e6e7db0,0.160000,0.200000,0.184000,0.248000,0.208000,1.538462,1.470588,1.642857,1.631579,1.529412
sub-4e9d2d10,0.285714,0.252101,0.109244,0.218487,0.134454,2.000000,2.000000,1.181818,1.368421,1.454545
sub-4ea3be7a,0.250000,0.297619,0.166667,0.166667,0.119048,1.750000,1.785714,1.272727,1.272727,1.111111
sub-4ead75cf,0.227723,0.287129,0.217822,0.198020,0.069307,1.642857,1.611111,1.571429,1.428571,1.166667
sub-4eb75032,0.347826,0.315217,0.119565,0.130435,0.086957,2.000000,1.812500,1.100000,1.333333,1.142857
sub-4f49b1b4,0.234783,0.200000,0.243478,0.234783,0.086957,2.250000,1.437500,1.750000,1.687500,1.111111
sub-4f51173e,0.280000,0.213333,0.200000,0.160000,0.146667,1.400000,1.600000,1.363636,1.200000,1.375000
sub-4f5238cb,0.274194,0.282258,0.112903,0.161290,0.169355,1.700000,2.058824,1.272727,1.428571,1.615385
sub-4f52e463,0.350877,0.298246,0.122807,0.140351,0.087719,1.176471,1.416667,1.166667,1.000000,1.000000
sub-4fc3e74e,0.155172,0.189655,0.301724,0.232759,0.120690,2.000000,1.571429,2.058824,2.076923,1.272727
sub-4fc5145f,0.340000,0.320000,0.140000,0.040000,0.160000,1.307692,1.454545,1.000000,1.000000,1.000000
sub-4fc822e3,0.283333,0.350000,0.100000,0.175000,0.091667,2.266667,2.470588,1.200000,1.750000,1.375000
sub-501a5ca8,0.316239,0.239316,0.213675,0.170940,0.059829,2.176471,2.000000,1.923077,1.666667,1.000000
sub-503252d4,0.201681,0.243697,0.260504,0.226891,0.067227,1.714286,2.071429,2.066667,1.800000,1.333333
sub-50537bb4,0.051282,0.076923,0.111111,0.350427,0.410256,2.000000,1.500000,1.444444,2.411765,2.666667
sub-50dcaf86,0.268041,0.237113,0.237113,0.051546,0.206186,1.625000,1.642857,1.642857,1.250000,1.428571
sub-512e75ea,0.191304,0.234783,0.252174,0.243478,0.078261,1.833333,1.588235,1.812500,1.750000,1.125000
sub-5176c157,0.302326,0.302326,0.186047,0.209302,0.000000,1.300000,1.181818,1.333333,1.000000,NaN
sub-51e8ab97,0.289474,0.263158,0.210526,0.184211,0.052632,1.736842,1.764706,1.714286,1.500000,1.000000
sub-5205b2fb,0.333333,0.264368,0.091954,0.080460,0.229885,1.933333,1.642857,1.142857,1.750000,1.666667
sub-525c3545,0.260870,0.239130,0.195652,0.173913,0.130435,1.714286,1.692308,1.384615,1.333333,1.333333
sub-529a0294,0.211864,0.177966,0.279661,0.135593,0.194915,1.666667,1.500000,2.357143,1.454545,1.916667
sub-52a829d7,0.203883,0.242718,0.252427,0.184466,0.116505,1.615385,1.470588,1.529412,1.900000,1.090909
sub-52aa46c0,0.380952,0.390476,0.066667,0.095238,0.066667,2.222222,2.157895,1.400000,1.250000,1.000000
sub-52bbae05,0.157895,0.192982,0.219298,0.201754,0.228070,1.285714,1.157895,1.666667,1.533333,1.444444
sub-52cd90b2,0.244898,0.224490,0.183673,0.224490,0.122449,1.333333,1.222222,1.000000,1.375000,1.000000
sub-53072377,0.186441,0.169492,0.271186,0.177966,0.194915,2.200000,1.538462,1.684211,1.312500,2.090909
sub-5346a1ba,0.109890,0.087912,0.241758,0.351648,0.208791,1.428571,1.142857,1.466667,1.882353,1.727273
sub-534f8709,0.357143,0.357143,0.102041,0.071429,0.112245,1.944444,1.842105,1.250000,1.166667,1.375000
sub-542ae25a,0.303922,0.215686,0.186275,0.127451,0.166667,2.066667,1.466667,1.583333,1.444444,1.307692
sub-5447d53e,0.225806,0.139785,0.279570,0.301075,0.053763,1.312500,1.181818,1.857143,1.647059,1.000000
sub-554535d0,0.349593,0.365854,0.089431,0.097561,0.097561,2.687500,2.368421,1.222222,1.333333,1.333333
sub-5568cf0b,0.278689,0.262295,0.163934,0.204918,0.090164,2.428571,1.777778,1.666667,1.666667,1.100000
sub-5575829d,0.376812,0.347826,0.130435,0.043478,0.101449,1.625000,1.714286,1.000000,1.000000,1.400000
sub-559c0e69,0.185567,0.164948,0.216495,0.154639,0.278351,1.384615,1.333333,1.615385,1.250000,1.588235
sub-563b43ed,0.235294,0.218487,0.252101,0.226891,0.067227,1.866667,1.733333,2.000000,1.588235,1.000000
sub-565f562c,0.286885,0.295082,0.098361,0.131148,0.188525,2.058824,2.250000,1.333333,1.230769,1.769231
sub-56c7496a,0.230769,0.184615,0.169231,0.246154,0.169231,1.153846,1.500000,1.222222,1.333333,1.100000
sub-56e0ac2b,0.308943,0.292683,0.162602,0.113821,0.121951,1.900000,1.800000,1.428571,1.272727,1.500000
sub-56fb32cf,0.222222,0.172840,0.197531,0.197531,0.209877,1.285714,1.400000,1.230769,1.230769,1.307692
sub-57636d13,0.215190,0.240506,0.202532,0.177215,0.164557,1.307692,1.461538,1.230769,1.272727,1.444444
sub-576cf5b1,0.196262,0.252336,0.177570,0.149533,0.224299,1.400000,1.687500,1.727273,1.454545,1.846154
sub-5785591b,0.325203,0.292683,0.138211,0.130081,0.113821,2.500000,2.000000,1.307692,1.600000,1.555556
sub-57c4e05a,0.312500,0.294643,0.178571,0.116071,0.098214,2.058824,2.062500,1.818182,1.444444,1.222222
sub-57c8968f,0.366667,0.275000,0.075000,0.108333,0.175000,2.444444,2.200000,1.125000,1.444444,1.750000
sub-583b83af,0.179487,0.162393,0.316239,0.282051,0.059829,1.500000,1.727273,2.055556,1.833333,1.166667
sub-585b8040,0.275000,0.275000,0.183333,0.200000,0.066667,2.062500,2.357143,2.000000,2.181818,2.000000
sub-588d313c,0.241379,0.310345,0.137931,0.206897,0.103448,1.076923,1.125000,1.000000,1.090909,1.000000
sub-58de2806,0.350427,0.393162,0.111111,0.068376,0.076923,2.277778,2.421053,1.444444,1.142857,1.500000
sub-596a32bf,0.190476,0.261905,0.285714,0.261905,0.000000,1.000000,1.222222,1.500000,1.000000,NaN
sub-59d3b6ea,0.252525,0.252525,0.121212,0.111111,0.262626,1.666667,1.785714,1.200000,1.375000,1.733333
sub-5a17c30b,0.296610,0.203390,0.237288,0.084746,0.177966,1.944444,1.714286,1.866667,1.250000,1.400000
sub-5a1bf2c5,0.186441,0.152542,0.254237,0.237288,0.169492,1.000000,1.285714,1.250000,1.400000,1.111111
sub-5a2e3da1,0.232558,0.220930,0.232558,0.209302,0.104651,1.250000,1.357143,1.250000,1.500000,1.285714
sub-5a312fd5,0.311927,0.284404,0.128440,0.220183,0.055046,1.888889,1.823529,1.272727,1.333333,1.200000
sub-5ac87eeb,0.254098,0.262295,0.172131,0.147541,0.163934,2.214286,1.777778,1.750000,1.285714,1.538462
sub-5b32d62f,0.383929,0.375000,0.107143,0.071429,0.062500,2.263158,2.100000,1.090909,1.333333,1.000000
sub-5bf7016d,0.371901,0.314050,0.115702,0.090909,0.107438,2.500000,2.111111,1.400000,1.100000,1.300000
sub-5c5475c5,0.112069,0.103448,0.318966,0.232759,0.232759,1.300000,1.333333,1.947368,2.076923,1.928571
sub-5c99d342,0.176000,0.192000,0.184000,0.232000,0.216000,2.000000,1.500000,1.916667,2.071429,1.928571
sub-5ca5829f,0.373984,0.276423,0.154472,0.138211,0.056911,2.300000,2.428571,1.900000,1.545455,1.000000
sub-5cd51685,0.164557,0.139241,0.215190,0.291139,0.189873,1.300000,1.375000,1.416667,1.642857,1.363636
sub-5d1e130f,0.341880,0.307692,0.111111,0.136752,0.102564,2.105263,2.400000,1.300000,1.333333,1.333333
sub-5dd303b2,0.333333,0.382114,0.097561,0.089431,0.097561,2.277778,2.473684,1.200000,1.222222,1.500000
sub-5e1d9c42,0.264000,0.304000,0.160000,0.136000,0.136000,1.941176,2.000000,1.666667,1.416667,1.545455
sub-5e1f7ed3,0.416000,0.376000,0.088000,0.096000,0.024000,2.736842,2.473684,1.100000,1.200000,1.000000
sub-5e3c3afb,0.320000,0.376000,0.096000,0.136000,0.072000,2.000000,2.350000,1.200000,1.416667,1.125000
sub-5e51d572,0.145455,0.127273,0.309091,0.290909,0.127273,1.000000,1.166667,1.133333,1.142857,1.000000
sub-5e9dcb61,0.243902,0.268293,0.097561,0.154472,0.235772,1.875000,2.062500,1.500000,1.727273,2.071429
sub-5ef7c611,0.261364,0.261364,0.113636,0.136364,0.227273,1.642857,1.769231,1.250000,1.333333,1.538462
sub-5f032887,0.333333,0.196078,0.196078,0.078431,0.196078,1.307692,1.428571,1.000000,1.000000,1.111111
sub-5f0402f7,0.311475,0.352459,0.057377,0.114754,0.163934,2.235294,2.529412,1.750000,1.555556,1.818182
sub-5f1d259b,0.226891,0.218487,0.235294,0.210084,0.109244,1.588235,1.529412,1.555556,1.785714,2.166667
sub-60c87b50,0.258621,0.310345,0.086207,0.103448,0.241379,1.153846,1.285714,1.000000,1.000000,1.272727
sub-60e4dbc3,0.304000,0.216000,0.168000,0.152000,0.160000,2.375000,2.250000,1.909091,1.727273,1.666667
sub-6104407d,0.304000,0.296000,0.128000,0.104000,0.168000,2.111111,1.947368,1.333333,1.300000,1.750000
sub-6112bc46,0.191176,0.279412,0.147059,0.220588,0.161765,1.181818,1.727273,1.250000,1.363636,1.100000
sub-614b9e3e,0.378947,0.389474,0.052632,0.073684,0.105263,2.117647,2.176471,1.250000,1.000000,1.000000
sub-6155c1e5,0.410714,0.339286,0.098214,0.080357,0.071429,2.300000,2.235294,1.000000,1.285714,1.142857
sub-615d62df,0.270270,0.297297,0.135135,0.216216,0.081081,1.428571,1.692308,1.250000,1.333333,1.200000
sub-61d78bb2,0.128000,0.096000,0.312000,0.296000,0.168000,1.333333,1.333333,2.437500,2.312500,1.615385
sub-61eac6f3,0.358333,0.333333,0.100000,0.100000,0.108333,2.388889,1.904762,1.500000,1.500000,1.625000
sub-629c251b,0.303571,0.294643,0.151786,0.089286,0.160714,2.125000,1.941176,1.545455,1.250000,1.800000
sub-6308aaa8,0.260870,0.202899,0.275362,0.246377,0.014493,1.500000,1.272727,1.461538,1.416667,1.000000
sub-633e6b98,0.352941,0.372549,0.117647,0.117647,0.039216,1.285714,1.266667,1.000000,1.000000,1.000000
sub-63a7b87c,0.310924,0.268908,0.109244,0.134454,0.176471,2.055556,2.133333,1.444444,1.600000,1.615385
sub-64a3a945,0.393443,0.344262,0.049180,0.098361,0.114754,2.400000,3.000000,1.500000,1.200000,1.400000
sub-64fc196a,0.250000,0.208333,0.236111,0.291667,0.013889,1.285714,1.500000,1.307692,1.400000,1.000000
sub-65a6bc4c,0.366667,0.375000,0.083333,0.091667,0.083333,2.750000,3.000000,1.250000,1.100000,1.111111
sub-65ecc1be,0.339623,0.264151,0.235849,0.103774,0.056604,2.117647,1.866667,1.562500,1.571429,1.500000
sub-663ac8a2,0.188679,0.235849,0.160377,0.198113,0.216981,1.333333,1.562500,1.416667,1.400000,1.533333
sub-66512678,0.175000,0.175000,0.325000,0.325000,0.000000,1.000000,1.000000,1.300000,1.083333,NaN
sub-66675fc2,0.282609,0.228261,0.119565,0.206522,0.163043,1.625000,1.312500,1.100000,1.461538,1.363636
sub-6677628c,0.352381,0.371429,0.142857,0.123810,0.009524,2.176471,1.950000,1.250000,1.625000,1.000000
sub-66c1d953,0.221239,0.212389,0.230088,0.070796,0.265487,1.666667,1.714286,1.529412,1.333333,2.000000
sub-66deda53,0.317073,0.341463,0.121951,0.085366,0.134146,1.625000,1.647059,1.111111,1.166667,1.100000
sub-67ae9678,0.358491,0.386792,0.084906,0.084906,0.084906,2.375000,2.277778,1.285714,1.285714,1.125000
sub-6823669d,0.325581,0.395349,0.139535,0.069767,0.069767,1.272727,1.416667,1.000000,1.000000,1.000000
sub-682e92c6,0.217391,0.144928,0.217391,0.231884,0.188406,1.250000,1.250000,1.250000,1.454545,1.444444
sub-683beff3,0.166667,0.148148,0.240741,0.259259,0.185185,1.125000,1.142857,1.300000,1.076923,1.111111
sub-685b7d1e,0.273973,0.273973,0.095890,0.164384,0.191781,1.333333,1.538462,1.166667,1.090909,1.400000
sub-68dd5689,0.319149,0.329787,0.106383,0.074468,0.170213,1.578947,1.722222,1.111111,1.000000,1.333333
sub-6915f78a,0.144928,0.086957,0.362319,0.289855,0.115942,1.250000,1.000000,1.562500,1.538462,1.142857
sub-691a4577,0.256881,0.266055,0.192661,0.155963,0.128440,1.750000,1.812500,1.750000,1.214286,1.166667
sub-692b19b9,0.202899,0.231884,0.217391,0.188406,0.159420,1.166667,1.777778,1.363636,1.181818,1.222222
sub-6944d2a3,0.352941,0.294118,0.129412,0.082353,0.141176,2.307692,1.785714,1.222222,1.400000,1.333333
sub-69480fce,0.308511,0.287234,0.170213,0.063830,0.170213,1.611111,1.800000,1.230769,1.500000,1.454545
sub-6af6e0f1,0.147826,0.182609,0.269565,0.313043,0.086957,1.545455,1.750000,2.583333,2.117647,1.111111
sub-6b6b9836,0.189655,0.198276,0.206897,0.224138,0.181034,1.692308,1.533333,1.500000,1.857143,1.750000
sub-6b6e11f5,0.238636,0.295455,0.159091,0.159091,0.147727,1.500000,1.625000,1.272727,1.272727,1.181818
sub-6b998730,0.241379,0.198276,0.198276,0.146552,0.215517,1.866667,1.533333,1.277778,1.214286,1.923077
sub-6bc464da,0.254237,0.211864,0.169492,0.237288,0.127119,1.875000,1.785714,1.818182,1.750000,1.500000
sub-6bd517ea,0.148515,0.128713,0.277228,0.306931,0.138614,1.500000,1.083333,1.866667,1.823529,1.555556
sub-6bd58939,0.263158,0.201754,0.166667,0.175439,0.192982,1.764706,1.769231,1.583333,1.666667,1.692308
sub-6bdfd645,0.375000,0.400000,0.033333,0.108333,0.083333,2.142857,2.181818,1.000000,1.857143,1.250000
sub-6c6a1f71,0.065574,0.163934,0.180328,0.344262,0.245902,1.000000,1.250000,1.375000,1.400000,1.363636
sub-6c813377,0.112245,0.122449,0.163265,0.265306,0.336735,1.375000,1.500000,1.454545,1.444444,2.062500
sub-6c86dde0,0.317308,0.326923,0.144231,0.144231,0.067308,2.062500,1.888889,1.500000,1.363636,1.000000
sub-6ce2c563,0.282258,0.387097,0.072581,0.161290,0.096774,1.944444,2.285714,1.000000,1.428571,1.333333
sub-6ce2fd06,0.336634,0.326733,0.138614,0.118812,0.079208,1.789474,2.357143,1.272727,1.333333,1.000000
sub-6cee4e1a,0.415730,0.348315,0.067416,0.067416,0.101124,1.850000,1.722222,1.000000,1.000000,1.500000
sub-6cffa7ab,0.092437,0.100840,0.386555,0.327731,0.092437,1.222222,1.500000,2.555556,2.052632,1.375000
sub-6d1c00b7,0.277311,0.235294,0.176471,0.168067,0.142857,2.200000,2.000000,1.615385,1.428571,1.700000
sub-6d36bb8b,0.283019,0.264151,0.207547,0.169811,0.075472,1.666667,1.400000,1.375000,1.500000,1.000000
sub-6d602a07,0.289256,0.289256,0.165289,0.181818,0.074380,2.187500,2.058824,1.666667,1.571429,1.285714
sub-6d6b950c,0.161017,0.093220,0.211864,0.296610,0.237288,1.727273,1.222222,1.666667,2.187500,1.647059
sub-6d76b349,0.111111,0.074074,0.388889,0.296296,0.129630,1.000000,1.000000,1.500000,1.230769,1.166667
sub-6db06aa3,0.330508,0.355932,0.084746,0.076271,0.152542,2.166667,2.100000,1.250000,1.000000,1.384615
sub-6ddb196d,0.271930,0.228070,0.157895,0.122807,0.219298,2.066667,1.529412,1.500000,1.555556,1.666667
sub-6de5446e,0.190909,0.136364,0.318182,0.272727,0.081818,1.500000,1.666667,2.058824,2.000000,1.285714
sub-6e5fa079,0.228916,0.204819,0.180723,0.204819,0.180723,1.461538,1.416667,1.363636,1.214286,1.153846
sub-6e7b5c24,0.177778,0.211111,0.277778,0.277778,0.055556,1.333333,1.583333,1.666667,1.785714,1.000000
sub-6fb0f8d7,0.373913,0.321739,0.121739,0.130435,0.052174,2.687500,2.466667,1.272727,1.666667,1.500000
sub-6fb39ec0,0.308943,0.284553,0.154472,0.097561,0.154472,2.533333,2.058824,1.357143,1.333333,1.727273
sub-70d49e3d,0.242424,0.202020,0.151515,0.262626,0.141414,1.411765,1.538462,1.153846,1.733333,1.272727
sub-716525e1,0.320000,0.400000,0.150000,0.090000,0.040000,2.133333,2.000000,1.500000,1.285714,1.000000
sub-71b4b2c4,0.256637,0.221239,0.203540,0.194690,0.123894,1.611111,1.388889,1.533333,1.571429,1.166667
sub-726c5c90,0.188525,0.114754,0.311475,0.286885,0.098361,1.437500,1.555556,2.714286,1.944444,1.333333
sub-72783f7b,0.289474,0.342105,0.131579,0.192982,0.043860,2.062500,2.785714,1.500000,1.833333,1.000000
sub-72a38adb,0.044776,0.119403,0.283582,0.313433,0.238806,1.000000,1.000000,1.187500,1.400000,1.333333
sub-730420ef,0.296296,0.314815,0.092593,0.157407,0.138889,1.600000,1.789474,1.250000,1.214286,1.363636
sub-7313c72c,0.370968,0.362903,0.080645,0.064516,0.120968,3.285714,3.214286,1.250000,1.600000,1.363636
sub-733cb8fe,0.341667,0.391667,0.075000,0.083333,0.108333,2.157895,2.937500,1.125000,1.428571,1.444444
sub-737f0fee,0.270833,0.239583,0.208333,0.229167,0.052083,1.857143,1.642857,1.428571,1.375000,1.250000
sub-73c6811b,0.144737,0.157895,0.394737,0.289474,0.013158,1.375000,1.333333,2.000000,1.833333,1.000000
sub-745f0879,0.354839,0.387097,0.064516,0.064516,0.129032,1.294118,1.411765,1.000000,1.000000,1.000000
sub-75251924,0.141026,0.179487,0.358974,0.282051,0.038462,1.100000,1.166667,1.555556,1.571429,1.000000
sub-752a59c6,0.219512,0.231707,0.182927,0.231707,0.134146,1.500000,1.583333,1.363636,1.357143,1.222222
sub-756d664c,0.280374,0.280374,0.158879,0.168224,0.112150,1.428571,1.764706,1.214286,1.285714,1.200000
sub-75b501f4,0.290000,0.310000,0.150000,0.150000,0.100000,1.705882,2.214286,1.071429,1.363636,1.250000
sub-75bb5553,0.288000,0.264000,0.224000,0.192000,0.032000,2.400000,2.062500,1.750000,1.846154,1.000000
sub-76e13175,0.097345,0.079646,0.353982,0.327434,0.141593,1.222222,1.000000,2.000000,2.055556,1.454545
sub-7747c61c,0.170213,0.138298,0.351064,0.212766,0.127660,1.600000,1.625000,2.357143,1.538462,1.333333
sub-7757fd50,0.242857,0.242857,0.257143,0.085714,0.171429,1.416667,1.307692,1.384615,1.000000,1.200000
sub-77c583ae,0.241758,0.263736,0.197802,0.241758,0.054945,2.000000,1.846154,1.285714,1.571429,1.000000
sub-77cb3435,0.067961,0.048544,0.262136,0.262136,0.359223,1.166667,1.000000,1.687500,1.928571,2.176471
sub-7814effe,0.116505,0.087379,0.339806,0.223301,0.233010,1.200000,1.125000,2.333333,1.642857,1.714286
sub-78ebedd2,0.308943,0.292683,0.146341,0.113821,0.138211,2.111111,2.117647,1.500000,1.166667,1.307692
sub-793cb691,0.284483,0.318966,0.137931,0.163793,0.094828,2.200000,2.055556,1.600000,1.583333,1.375000
sub-7954d561,0.105263,0.052632,0.333333,0.280702,0.228070,1.000000,1.500000,1.187500,1.230769,1.083333
sub-7a1418be,0.155963,0.064220,0.357798,0.266055,0.155963,1.416667,1.166667,2.294118,2.071429,1.416667
sub-7a9bd64f,0.264463,0.272727,0.206612,0.206612,0.049587,2.133333,2.357143,1.923077,2.083333,1.200000
sub-7adaf0db,0.280000,0.296000,0.096000,0.144000,0.184000,2.187500,2.055556,1.200000,2.000000,1.642857
sub-7aee16bc,0.258065,0.266129,0.177419,0.258065,0.040323,2.133333,2.200000,1.466667,2.461538,1.000000
sub-7b18b386,0.426667,0.373333,0.040000,0.080000,0.080000,2.133333,1.647059,1.000000,1.500000,1.000000
sub-7b21550b,0.207921,0.178218,0.277228,0.118812,0.217822,1.615385,1.200000,1.555556,1.090909,1.692308
sub-7bb3c4d7,0.330645,0.338710,0.112903,0.177419,0.040323,2.411765,2.100000,1.400000,1.466667,1.000000
sub-7c447b7f,0.301887,0.301887,0.160377,0.188679,0.047170,2.000000,2.133333,1.416667,1.538462,1.000000
sub-7c89df60,0.220930,0.232558,0.220930,0.127907,0.197674,1.461538,1.428571,1.266667,1.100000,1.888889
sub-7cc7ef7f,0.364706,0.317647,0.094118,0.094118,0.129412,2.214286,1.687500,1.600000,1.333333,1.375000
sub-7cd8552d,0.240964,0.240964,0.240964,0.132530,0.144578,1.538462,1.333333,1.333333,1.222222,1.200000
sub-7d1a4a50,0.345679,0.308642,0.098765,0.123457,0.123457,1.555556,1.562500,1.142857,1.250000,1.111111
sub-7d1efb79,0.356522,0.339130,0.147826,0.052174,0.104348,2.050000,2.166667,1.416667,1.200000,1.500000
sub-7d9b9cd6,0.181034,0.241379,0.172414,0.155172,0.250000,1.500000,1.750000,1.538462,2.000000,1.812500
sub-7e17b2e0,0.243243,0.261261,0.234234,0.135135,0.126126,1.421053,1.611111,1.368421,1.500000,1.272727
sub-7e6092e9,0.232143,0.178571,0.089286,0.196429,0.303571,1.083333,1.000000,1.000000,1.100000,1.307692
sub-7eea71d8,0.272000,0.288000,0.080000,0.112000,0.248000,1.888889,2.571429,2.000000,1.272727,2.066667
sub-7f1a99a8,0.238095,0.250000,0.178571,0.154762,0.178571,1.428571,1.400000,1.071429,1.300000,1.250000
sub-7f3a85eb,0.327869,0.311475,0.147541,0.106557,0.106557,2.105263,2.000000,1.200000,1.181818,1.300000
sub-7f94c42b,0.203883,0.213592,0.252427,0.242718,0.087379,1.750000,1.571429,1.625000,1.923077,1.125000
sub-7fee8697,0.161616,0.131313,0.333333,0.202020,0.171717,1.333333,1.444444,1.833333,1.818182,1.416667
sub-8012fd9b,0.269231,0.269231,0.192308,0.166667,0.102564,1.400000,1.235294,1.363636,1.083333,1.142857
sub-8044a762,0.200000,0.133333,0.266667,0.311111,0.088889,1.000000,1.200000,1.000000,1.272727,1.000000
sub-8085a954,0.144144,0.153153,0.297297,0.225225,0.180180,1.454545,1.416667,1.941176,2.083333,1.666667
sub-80894abd,0.241071,0.276786,0.133929,0.089286,0.258929,1.800000,1.823529,1.363636,1.428571,2.230769
sub-810edeef,0.259259,0.250000,0.185185,0.138889,0.166667,1.750000,1.800000,1.538462,1.666667,1.384615
sub-818c4a36,0.219298,0.263158,0.140351,0.219298,0.157895,1.923077,1.666667,1.454545,1.562500,1.500000
sub-81d23338,0.391753,0.340206,0.082474,0.092784,0.092784,2.235294,2.062500,1.600000,1.285714,1.285714
sub-82746982,0.357724,0.325203,0.121951,0.162602,0.032520,2.315789,2.222222,1.363636,1.428571,1.000000
sub-82825229,0.224000,0.264000,0.144000,0.224000,0.144000,1.750000,1.736842,1.384615,1.750000,1.500000
sub-829d3b5f,0.252874,0.321839,0.183908,0.160920,0.080460,1.375000,2.000000,1.333333,1.166667,1.166667
sub-83080cc6,0.202247,0.213483,0.235955,0.146067,0.202247,1.500000,1.727273,1.615385,1.300000,1.285714
sub-83285a20,0.250000,0.223214,0.241071,0.214286,0.071429,1.866667,1.785714,2.250000,1.714286,1.333333
sub-83586c4d,0.129630,0.175926,0.250000,0.203704,0.240741,1.272727,1.357143,1.928571,1.375000,2.000000
sub-83ae2faf,0.328125,0.265625,0.156250,0.125000,0.125000,1.400000,1.416667,1.250000,1.142857,1.333333
sub-83db705c,0.213675,0.264957,0.188034,0.213675,0.119658,1.923077,2.066667,1.833333,1.923077,1.555556
sub-83fee1a8,0.252427,0.184466,0.262136,0.194175,0.106796,1.529412,1.357143,1.800000,1.333333,1.222222
sub-8411712f,0.258333,0.275000,0.225000,0.158333,0.083333,2.214286,2.062500,1.687500,1.461538,1.111111
sub-8428de6b,0.327273,0.327273,0.090909,0.145455,0.109091,1.200000,1.200000,1.000000,1.142857,1.200000
sub-84691a8d,0.188235,0.211765,0.200000,0.200000,0.200000,1.454545,1.384615,1.214286,1.307692,1.307692
sub-850c9540,0.329114,0.253165,0.151899,0.088608,0.177215,1.625000,1.538462,1.200000,1.166667,1.555556
sub-852c0f5b,0.177083,0.239583,0.260417,0.187500,0.135417,1.307692,1.437500,1.666667,1.636364,1.625000
sub-85592030,0.106383,0.106383,0.340426,0.244681,0.202128,1.000000,1.111111,1.777778,1.769231,1.727273
sub-8566bafc,0.368000,0.408000,0.064000,0.080000,0.080000,2.875000,3.000000,1.142857,1.250000,1.250000
sub-85e64ddb,0.336134,0.369748,0.142857,0.117647,0.033613,2.222222,2.315789,1.545455,1.400000,1.000000
sub-861893b0,0.310345,0.301724,0.060345,0.198276,0.129310,2.117647,1.842105,1.166667,1.769231,1.666667
sub-8654789d,0.267241,0.215517,0.181034,0.241379,0.094828,2.066667,1.562500,1.312500,1.473684,1.222222
sub-86be733a,0.264000,0.216000,0.200000,0.176000,0.144000,2.200000,1.928571,1.923077,1.692308,2.000000
sub-87561528,0.265306,0.285714,0.153061,0.142857,0.153061,1.529412,1.866667,1.363636,1.272727,1.153846
sub-876fc880,0.345794,0.364486,0.168224,0.102804,0.018692,2.312500,2.785714,1.200000,1.222222,1.000000
sub-88925b80,0.349593,0.325203,0.089431,0.097561,0.138211,2.263158,2.666667,1.100000,1.500000,1.214286
sub-88bfc200,0.303922,0.254902,0.127451,0.127451,0.186275,2.384615,1.733333,1.625000,1.444444,1.583333
sub-88dc1dcf,0.190083,0.157025,0.239669,0.305785,0.107438,1.533333,1.357143,1.812500,2.055556,1.300000
sub-8904b7ad,0.342857,0.390476,0.095238,0.104762,0.066667,2.117647,2.277778,1.250000,1.571429,1.000000
sub-89977442,0.178571,0.178571,0.375000,0.267857,0.000000,1.250000,1.111111,1.615385,1.250000,NaN
sub-89e0a235,0.289157,0.301205,0.168675,0.084337,0.156627,1.411765,1.470588,1.166667,1.000000,1.181818
sub-8a8e58c7,0.276786,0.250000,0.160714,0.125000,0.187500,1.550000,1.866667,1.384615,1.076923,2.100000
sub-8ab1fb97,0.315068,0.301370,0.109589,0.164384,0.109589,1.437500,1.375000,1.142857,1.333333,1.000000
sub-8ae25413,0.170940,0.179487,0.273504,0.222222,0.153846,1.666667,1.909091,2.133333,1.857143,1.636364
sub-8b339985,0.216000,0.184000,0.144000,0.216000,0.240000,1.800000,2.555556,1.384615,1.800000,2.142857
sub-8b5c184b,0.266667,0.275000,0.175000,0.191667,0.091667,2.461538,2.357143,1.750000,1.642857,1.375000
sub-8bed797c,0.243243,0.297297,0.198198,0.144144,0.117117,1.800000,1.500000,1.571429,1.333333,1.444444
sub-8c27b6a0,0.276596,0.244681,0.202128,0.202128,0.074468,1.625000,1.437500,1.461538,1.583333,1.166667
sub-8c4414a7,0.097222,0.111111,0.305556,0.361111,0.125000,1.166667,1.000000,1.692308,1.733333,1.285714
sub-8c4e9db4,0.158333,0.166667,0.141667,0.191667,0.341667,1.583333,1.666667,1.545455,1.642857,2.733333
sub-8c5de839,0.163265,0.204082,0.214286,0.265306,0.153061,1.454545,1.538462,1.312500,1.733333,1.153846
sub-8c9437ca,0.311111,0.266667,0.177778,0.200000,0.044444,1.166667,1.090909,1.000000,1.285714,1.000000
sub-8c9f12d7,0.298387,0.306452,0.177419,0.185484,0.032258,2.312500,2.235294,1.571429,2.090909,1.333333
sub-8cb711d8,0.317073,0.341463,0.134146,0.073171,0.134146,1.444444,1.647059,1.222222,1.200000,1.571429
sub-8cf9cabb,0.131148,0.155738,0.221311,0.254098,0.237705,1.333333,1.583333,1.928571,2.384615,2.636364
sub-8d089883,0.330645,0.362903,0.048387,0.120968,0.137097,2.411765,2.500000,1.000000,1.363636,2.125000
sub-8dd8aae9,0.296000,0.256000,0.176000,0.120000,0.152000,2.642857,2.666667,1.466667,1.500000,1.727273
sub-8e2bf258,0.316239,0.299145,0.136752,0.051282,0.196581,1.947368,1.842105,1.230769,1.000000,1.769231
sub-8ea25180,0.234694,0.326531,0.102041,0.163265,0.173469,1.642857,2.000000,1.428571,1.600000,1.307692
sub-8ed3da91,0.308943,0.276423,0.162602,0.105691,0.146341,2.111111,2.000000,1.666667,1.444444,1.500000
sub-8ed731e8,0.389474,0.389474,0.063158,0.042105,0.115789,2.312500,2.466667,1.000000,1.000000,1.222222
sub-8ef356b5,0.211009,0.155963,0.256881,0.211009,0.165138,1.533333,1.700000,1.866667,1.769231,1.500000
sub-8f4474ef,0.327731,0.235294,0.159664,0.126050,0.151261,1.857143,1.866667,1.727273,1.500000,1.500000
sub-8f7715d7,0.244444,0.222222,0.155556,0.200000,0.177778,1.375000,1.176471,1.400000,1.636364,1.333333
sub-8f875876,0.135135,0.162162,0.297297,0.337838,0.067568,1.111111,1.200000,1.571429,1.923077,1.250000
sub-8fc60c3e,0.192308,0.217949,0.307692,0.256410,0.025641,1.250000,1.307692,2.000000,1.428571,1.000000
sub-8fec9609,0.154472,0.178862,0.203252,0.260163,0.203252,1.583333,1.571429,1.923077,2.133333,1.666667
sub-901564ff,0.283333,0.225000,0.183333,0.150000,0.158333,1.789474,1.421053,1.692308,1.200000,1.357143
sub-90647b29,0.313559,0.313559,0.161017,0.127119,0.084746,2.846154,2.642857,1.727273,1.500000,1.428571
sub-90716faf,0.108434,0.132530,0.192771,0.313253,0.253012,1.285714,1.222222,1.142857,1.733333,1.400000
sub-9092ef73,0.290909,0.327273,0.090909,0.127273,0.163636,1.333333,1.384615,1.000000,1.000000,1.000000
sub-9096f672,0.270492,0.295082,0.163934,0.163934,0.106557,1.833333,1.894737,1.666667,1.538462,1.300000
sub-90eaa6c9,0.297872,0.340426,0.106383,0.085106,0.170213,1.076923,1.142857,1.000000,1.000000,1.000000
sub-90fb217e,0.324786,0.376068,0.068376,0.128205,0.102564,2.375000,2.315789,1.142857,1.500000,1.500000
sub-917ef236,0.092593,0.083333,0.305556,0.370370,0.148148,1.111111,1.285714,1.941176,2.000000,1.777778
sub-91afcb45,0.180723,0.228916,0.204819,0.277108,0.108434,1.500000,1.266667,1.545455,1.642857,1.125000
sub-91b76f88,0.305556,0.263889,0.152778,0.194444,0.083333,1.222222,1.461538,1.100000,1.555556,1.000000
sub-91f6cb54,0.194690,0.212389,0.283186,0.203540,0.106195,1.692308,1.600000,2.000000,1.642857,1.200000
sub-923f6d69,0.271845,0.203883,0.271845,0.203883,0.048544,1.750000,1.615385,1.647059,1.312500,1.000000
sub-92645ffb,0.196078,0.196078,0.166667,0.254902,0.186275,1.333333,1.538462,1.214286,2.000000,1.461538
sub-9314f13e,0.259259,0.234568,0.234568,0.185185,0.086420,1.500000,1.357143,1.357143,1.250000,1.000000
sub-93b15938,0.256757,0.270270,0.135135,0.175676,0.162162,1.461538,1.428571,1.111111,1.444444,1.333333
sub-93f05d08,0.185841,0.141593,0.256637,0.309735,0.106195,1.750000,1.600000,1.812500,1.944444,1.333333
sub-94035ab0,0.211538,0.211538,0.259615,0.269231,0.048077,1.692308,1.571429,1.928571,2.000000,1.250000
sub-941fc5cd,0.247706,0.201835,0.220183,0.137615,0.192661,2.250000,1.466667,1.600000,1.250000,1.909091
sub-945bf396,0.121212,0.202020,0.282828,0.252525,0.141414,1.200000,1.428571,2.153846,1.923077,1.272727
sub-94785f0d,0.348624,0.330275,0.110092,0.110092,0.100917,2.375000,2.250000,1.333333,1.200000,1.100000
sub-9484da79,0.193182,0.250000,0.181818,0.193182,0.181818,1.307692,1.466667,1.454545,1.545455,1.333333
sub-9504cb5a,0.219512,0.219512,0.195122,0.195122,0.170732,1.800000,1.928571,1.600000,1.714286,1.909091
sub-950d9af4,0.154545,0.200000,0.190909,0.281818,0.172727,1.545455,1.692308,1.400000,2.066667,1.357143
sub-95206ec5,0.311321,0.273585,0.141509,0.141509,0.132075,1.736842,1.611111,1.153846,1.250000,1.166667
sub-9579fc69,0.301370,0.136986,0.150685,0.232877,0.178082,1.375000,1.111111,1.222222,1.416667,1.083333
sub-96188e61,0.367925,0.339623,0.075472,0.084906,0.132075,1.857143,2.250000,1.000000,1.125000,1.400000
sub-965e0b39,0.198347,0.157025,0.289256,0.256198,0.099174,1.500000,1.357143,1.944444,2.384615,1.333333
sub-9677d29e,0.294737,0.231579,0.221053,0.168421,0.084211,1.647059,1.571429,1.615385,1.454545,1.000000
sub-96af5d3c,0.146341,0.195122,0.300813,0.317073,0.040650,2.000000,2.000000,2.312500,2.294118,1.000000
sub-97594e87,0.319672,0.319672,0.065574,0.090164,0.204918,2.052632,2.437500,1.000000,1.375000,1.562500
sub-976c58d9,0.214876,0.157025,0.181818,0.165289,0.280992,1.733333,1.583333,1.571429,1.538462,1.888889
sub-97910eaf,0.328000,0.312000,0.144000,0.176000,0.040000,2.050000,1.857143,1.636364,1.692308,1.250000
sub-97cf1a68,0.303279,0.336066,0.172131,0.147541,0.040984,2.312500,2.157895,1.500000,1.285714,1.250000
sub-985ef253,0.300000,0.316667,0.050000,0.133333,0.200000,2.571429,2.375000,1.000000,1.333333,2.181818
sub-98d3f087,0.258065,0.250000,0.088710,0.177419,0.225806,2.133333,2.583333,1.222222,1.466667,2.333333
sub-99b5018c,0.336066,0.327869,0.131148,0.106557,0.098361,2.050000,2.352941,1.333333,1.083333,1.333333
sub-99eeeb14,0.291262,0.320388,0.116505,0.116505,0.155340,1.764706,1.941176,1.333333,1.200000,1.454545
sub-9a791d03,0.185185,0.157407,0.277778,0.240741,0.138889,1.428571,1.700000,2.307692,2.000000,1.250000
sub-9a7bb6e8,0.338983,0.296610,0.110169,0.084746,0.169492,2.222222,2.058824,1.444444,1.250000,1.333333
sub-9aa5814f,0.318966,0.362069,0.060345,0.094828,0.163793,2.642857,2.800000,1.166667,1.375000,1.583333
sub-9acb1fd7,0.221239,0.141593,0.247788,0.238938,0.150442,1.666667,1.454545,2.153846,1.800000,1.307692
sub-9b2c8458,0.319672,0.336066,0.098361,0.163934,0.081967,2.600000,2.157895,1.500000,1.428571,1.250000
sub-9b353500,0.210526,0.147368,0.273684,0.210526,0.157895,1.333333,1.166667,1.529412,1.538462,1.250000
sub-9b74c8eb,0.273504,0.179487,0.102564,0.188034,0.256410,1.882353,1.750000,1.333333,1.833333,1.875000
sub-9b76802e,0.300000,0.260000,0.140000,0.080000,0.220000,1.250000,1.300000,1.000000,1.000000,1.000000
sub-9b8257bc,0.216000,0.176000,0.232000,0.256000,0.120000,1.588235,2.000000,2.230769,2.285714,1.363636
sub-9bcea9fc,0.282258,0.241935,0.161290,0.145161,0.169355,1.944444,1.875000,1.538462,1.500000,1.500000
sub-9c80ad67,0.245455,0.209091,0.190909,0.209091,0.145455,1.800000,1.916667,2.100000,1.533333,1.600000
sub-9d44a037,0.265487,0.238938,0.185841,0.185841,0.123894,1.764706,1.687500,1.400000,1.400000,1.272727
sub-9d4ff737,0.312000,0.360000,0.136000,0.096000,0.096000,2.052632,2.647059,1.545455,1.200000,1.500000
sub-9d61a3eb,0.204545,0.147727,0.227273,0.215909,0.204545,1.285714,1.300000,1.666667,1.461538,1.384615
sub-9d8846de,0.183099,0.169014,0.183099,0.183099,0.281690,1.444444,1.500000,1.300000,1.083333,1.428571
sub-9d8fced5,0.198198,0.297297,0.153153,0.171171,0.180180,1.571429,1.833333,1.416667,1.583333,1.818182
sub-9db0a7f0,0.248000,0.272000,0.176000,0.160000,0.144000,1.937500,2.125000,1.571429,1.538462,1.636364
sub-9dbf5788,0.315789,0.342105,0.105263,0.096491,0.140351,1.894737,2.600000,1.500000,1.571429,1.230769
sub-9e0ea943,0.234568,0.222222,0.246914,0.271605,0.024691,1.583333,1.500000,1.538462,1.692308,1.000000
sub-9e24a8ff,0.352941,0.319328,0.067227,0.100840,0.159664,2.625000,2.235294,1.142857,1.333333,1.583333
sub-9e2b9c23,0.121951,0.113821,0.260163,0.300813,0.203252,1.666667,1.272727,1.777778,2.176471,1.923077
sub-9e34055d,0.235772,0.276423,0.162602,0.170732,0.154472,1.611111,1.888889,1.428571,1.909091,1.461538
sub-9e6499e6,0.350000,0.280000,0.140000,0.190000,0.040000,1.944444,2.000000,1.555556,1.266667,1.333333
sub-9e88a570,0.161290,0.209677,0.193548,0.225806,0.209677,1.111111,1.300000,1.333333,1.400000,1.444444
sub-9ea1ceca,0.068627,0.088235,0.362745,0.323529,0.156863,1.400000,1.285714,1.947368,2.062500,1.600000
sub-9fb17436,0.218391,0.183908,0.298851,0.218391,0.080460,1.357143,1.142857,1.625000,1.461538,1.000000
sub-a069f6ed,0.284404,0.266055,0.165138,0.119266,0.165138,2.583333,2.071429,1.384615,1.857143,2.000000
sub-a1093cbb,0.250000,0.250000,0.217742,0.209677,0.072581,1.937500,2.066667,1.687500,1.857143,1.285714
sub-a10bcedd,0.250000,0.228261,0.152174,0.141304,0.228261,1.642857,1.615385,1.272727,1.300000,1.235294
sub-a10cac19,0.201835,0.256881,0.128440,0.155963,0.256881,1.833333,1.866667,1.400000,1.888889,1.866667
sub-a129f7e8,0.191667,0.166667,0.158333,0.258333,0.225000,1.437500,1.538462,1.583333,1.823529,1.800000
sub-a12abf72,0.297619,0.285714,0.142857,0.119048,0.154762,1.562500,1.714286,1.200000,1.250000,1.300000
sub-a1b620d8,0.298969,0.371134,0.164948,0.030928,0.134021,2.071429,2.250000,1.777778,1.500000,1.083333
sub-a1b767d5,0.375000,0.350000,0.066667,0.133333,0.075000,2.500000,2.333333,1.000000,2.000000,1.285714
sub-a1b9680d,0.150000,0.210000,0.140000,0.270000,0.230000,1.250000,1.615385,1.555556,1.588235,1.533333
sub-a2097526,0.012500,0.062500,0.225000,0.425000,0.275000,1.000000,1.250000,1.285714,1.888889,1.571429
sub-a21927f3,0.308333,0.283333,0.125000,0.166667,0.116667,2.055556,1.888889,1.250000,1.428571,1.555556
sub-a2944031,0.349593,0.357724,0.073171,0.121951,0.097561,2.263158,2.750000,1.500000,1.500000,1.333333
sub-a358a3a4,0.211382,0.195122,0.203252,0.235772,0.154472,1.444444,1.600000,1.666667,2.071429,1.900000
sub-a37de315,0.290323,0.330645,0.153226,0.145161,0.080645,2.250000,2.277778,1.461538,1.500000,1.111111
sub-a3a2b217,0.200000,0.145455,0.181818,0.236364,0.236364,1.000000,1.000000,1.000000,1.083333,1.083333
sub-a40e8135,0.150685,0.136986,0.260274,0.191781,0.260274,1.100000,1.250000,1.583333,1.400000,1.727273
sub-a44221e6,0.376238,0.316832,0.118812,0.089109,0.099010,2.235294,1.777778,1.200000,1.000000,1.428571
sub-a499063f,0.300000,0.333333,0.150000,0.083333,0.133333,1.125000,1.250000,1.125000,1.000000,1.000000
sub-a4b79d0f,0.377778,0.244444,0.088889,0.155556,0.133333,1.214286,1.000000,1.333333,1.166667,1.000000
sub-a4dfe556,0.245763,0.271186,0.110169,0.127119,0.245763,2.416667,1.882353,1.181818,1.363636,2.230769
sub-a54f7b78,0.279661,0.254237,0.127119,0.059322,0.279661,1.941176,2.142857,1.666667,1.000000,2.200000
sub-a568e7d2,0.344828,0.327586,0.172414,0.008621,0.146552,2.666667,2.000000,1.428571,1.000000,1.545455
sub-a62cd127,0.285714,0.296703,0.186813,0.131868,0.098901,1.857143,1.928571,1.416667,1.333333,1.285714
sub-a68050b1,0.276786,0.330357,0.160714,0.160714,0.071429,2.583333,2.466667,1.285714,1.500000,1.142857
sub-a6845558,0.113208,0.198113,0.292453,0.301887,0.094340,1.000000,1.500000,1.823529,1.684211,1.428571
sub-a6fbbfc9,0.181818,0.136364,0.318182,0.272727,0.090909,1.333333,1.285714,1.400000,1.384615,1.200000
sub-a703404d,0.372881,0.398305,0.084746,0.084746,0.059322,2.933333,2.611111,1.111111,1.428571,1.166667
sub-a71c7da1,0.328000,0.304000,0.192000,0.072000,0.104000,2.411765,2.714286,1.846154,1.125000,1.444444
sub-a728fc66,0.152000,0.224000,0.264000,0.248000,0.112000,1.461538,1.647059,2.062500,1.631579,1.400000
sub-a76e64fe,0.150685,0.123288,0.219178,0.315068,0.191781,1.571429,1.125000,1.230769,1.533333,1.272727
sub-a776f0bc,0.301587,0.317460,0.142857,0.015873,0.222222,1.357143,1.250000,1.000000,1.000000,1.272727
sub-a7d28b7c,0.295082,0.344262,0.114754,0.180328,0.065574,2.000000,2.333333,1.400000,1.571429,1.142857
sub-a8082cd3,0.161905,0.200000,0.304762,0.238095,0.095238,1.416667,1.909091,2.000000,1.562500,1.250000
sub-a921246d,0.278689,0.319672,0.131148,0.155738,0.114754,2.000000,1.950000,1.454545,1.461538,1.272727
sub-a93794f2,0.284553,0.300813,0.105691,0.170732,0.138211,1.842105,2.312500,1.181818,1.750000,1.416667
sub-aa6ddfbb,0.238095,0.161905,0.228571,0.219048,0.152381,1.562500,1.416667,1.411765,1.533333,1.454545
sub-aa8a3cb1,0.185484,0.193548,0.241935,0.274194,0.104839,1.437500,1.846154,1.875000,1.700000,1.181818
sub-aab026ac,0.175258,0.103093,0.288660,0.247423,0.185567,1.214286,1.250000,1.647059,1.411765,1.500000
sub-ab6ee487,0.163636,0.072727,0.218182,0.181818,0.363636,1.125000,1.000000,1.333333,1.111111,1.428571
sub-ab99f3ae,0.200000,0.191667,0.200000,0.291667,0.116667,1.600000,1.642857,1.600000,2.333333,1.272727
sub-aba69b83,0.367347,0.306122,0.183673,0.081633,0.061224,1.500000,1.071429,1.000000,1.000000,1.000000
sub-ac05b320,0.181818,0.141414,0.171717,0.232323,0.272727,1.384615,1.400000,1.307692,1.352941,1.928571
sub-acf4a0a9,0.256410,0.294872,0.141026,0.115385,0.192308,1.538462,1.437500,1.222222,1.125000,1.666667
sub-ad9ff17c,0.265487,0.203540,0.212389,0.079646,0.238938,1.500000,1.642857,1.600000,1.285714,1.800000
sub-ae1c4ac0,0.113208,0.150943,0.301887,0.283019,0.150943,1.000000,1.142857,1.230769,1.153846,1.000000
sub-aec865ff,0.250000,0.275000,0.191667,0.216667,0.066667,2.000000,1.941176,1.769231,1.857143,1.142857
sub-aefe2b86,0.256000,0.304000,0.120000,0.184000,0.136000,2.000000,2.235294,1.500000,2.090909,1.700000
sub-af240e16,0.268293,0.268293,0.195122,0.073171,0.195122,1.736842,2.062500,1.714286,1.285714,1.714286
sub-af434b5d,0.179245,0.216981,0.169811,0.245283,0.188679,1.727273,1.642857,1.500000,1.625000,1.428571
sub-af7fa8b2,0.230088,0.221239,0.221239,0.230088,0.097345,2.600000,1.923077,2.083333,2.000000,1.375000
sub-afb13951,0.224138,0.275862,0.068966,0.224138,0.206897,1.300000,1.230769,1.000000,1.083333,1.333333
sub-aff59dff,0.169355,0.137097,0.338710,0.225806,0.129032,1.400000,1.214286,2.100000,1.750000,1.142857
sub-b012e893,0.196721,0.180328,0.311475,0.221311,0.090164,1.500000,1.294118,2.000000,1.800000,1.100000
sub-b08c1f61,0.333333,0.325000,0.091667,0.158333,0.091667,3.076923,2.785714,1.833333,2.111111,1.571429
sub-b0eed788,0.340426,0.329787,0.127660,0.042553,0.159574,1.777778,1.631579,1.333333,1.000000,1.363636
sub-b117f65e,0.276596,0.319149,0.117021,0.148936,0.138298,1.857143,1.764706,1.222222,1.272727,1.300000
sub-b2ac5f9e,0.370968,0.379032,0.080645,0.080645,0.088710,2.555556,2.611111,1.000000,2.000000,1.375000
sub-b317bcc8,0.176000,0.240000,0.280000,0.200000,0.104000,2.000000,1.875000,2.187500,1.562500,1.181818
sub-b363e5d9,0.283019,0.226415,0.179245,0.141509,0.169811,2.000000,1.600000,1.461538,1.666667,1.384615
sub-b3854719,0.264000,0.272000,0.176000,0.104000,0.184000,1.736842,2.266667,1.692308,1.300000,1.533333
sub-b3ae415f,0.248000,0.264000,0.176000,0.168000,0.144000,2.066667,1.941176,1.466667,1.500000,1.800000
sub-b3bde5cc,0.250000,0.229167,0.187500,0.145833,0.187500,1.500000,1.833333,1.384615,1.272727,1.636364
sub-b3df074c,0.086957,0.078261,0.260870,0.304348,0.269565,1.111111,1.125000,1.875000,1.842105,1.823529
sub-b4669213,0.277311,0.285714,0.193277,0.126050,0.117647,1.833333,1.700000,1.642857,1.500000,1.166667
sub-b4671281,0.153846,0.144231,0.307692,0.317308,0.076923,1.777778,1.153846,1.777778,2.062500,1.333333
sub-b481fb9d,0.295082,0.270492,0.155738,0.065574,0.213115,2.117647,1.833333,1.461538,1.142857,1.733333
sub-b5c1cb94,0.009091,0.018182,0.245455,0.327273,0.400000,1.000000,1.000000,2.076923,2.000000,2.095238
sub-b7328dba,0.198113,0.207547,0.273585,0.179245,0.141509,1.235294,1.571429,1.611111,1.357143,1.500000
sub-b76b7e8d,0.024390,0.000000,0.341463,0.439024,0.195122,1.000000,NaN,1.076923,1.285714,1.142857
sub-b76cf101,0.242991,0.233645,0.130841,0.168224,0.224299,1.733333,1.666667,1.555556,1.384615,1.500000
sub-b79be773,0.278689,0.336066,0.155738,0.204918,0.024590,1.789474,2.277778,1.461538,1.923077,1.000000
sub-b7ddd33f,0.266667,0.288889,0.111111,0.133333,0.200000,1.600000,1.625000,1.250000,1.200000,1.384615
sub-b82b95dd,0.266055,0.275229,0.155963,0.183486,0.119266,2.071429,1.666667,1.416667,1.666667,1.300000
sub-b84803bf,0.305785,0.338843,0.148760,0.148760,0.057851,2.466667,2.157895,1.636364,1.500000,1.400000
sub-b85c090a,0.225225,0.297297,0.207207,0.180180,0.090090,1.923077,1.736842,1.437500,1.428571,1.111111
sub-b8a61685,0.276316,0.355263,0.039474,0.118421,0.210526,1.500000,1.800000,1.000000,1.500000,1.600000
sub-b8e0a9a5,0.261905,0.250000,0.166667,0.107143,0.214286,1.692308,1.750000,1.272727,1.125000,1.800000
sub-b950b436,0.237288,0.271186,0.211864,0.194915,0.084746,2.000000,1.882353,1.923077,1.642857,1.250000
sub-b9667750,0.266667,0.141667,0.225000,0.100000,0.266667,1.882353,1.545455,1.800000,1.500000,1.882353
sub-b987e5c4,0.256410,0.282051,0.179487,0.205128,0.076923,1.333333,1.466667,1.166667,1.333333,1.200000
sub-b9f8cd4b,0.250000,0.325000,0.166667,0.158333,0.100000,1.875000,1.950000,1.428571,1.461538,1.714286
sub-ba3277f2,0.336066,0.319672,0.139344,0.131148,0.073770,2.277778,2.052632,1.416667,1.333333,1.285714
sub-ba56b6ca,0.178571,0.196429,0.160714,0.241071,0.223214,1.538462,1.375000,1.636364,1.800000,1.923077
sub-ba827232,0.315789,0.302632,0.157895,0.118421,0.105263,1.500000,1.533333,1.090909,1.125000,1.333333
sub-ba8b2709,0.250000,0.224138,0.224138,0.181034,0.120690,1.812500,1.529412,1.733333,1.500000,1.750000
sub-bacb2baa,0.186813,0.241758,0.241758,0.065934,0.263736,1.700000,1.571429,1.466667,1.500000,1.600000
sub-badec2c8,0.369748,0.302521,0.126050,0.084034,0.117647,2.444444,2.117647,1.363636,1.250000,1.166667
sub-bae3ff6c,0.104478,0.119403,0.313433,0.223881,0.238806,1.000000,1.142857,1.312500,1.153846,1.230769
sub-baf53535,0.198276,0.258621,0.241379,0.215517,0.086207,1.533333,1.578947,1.473684,1.923077,1.428571
sub-baf8d2e7,0.341667,0.266667,0.141667,0.133333,0.116667,2.157895,2.000000,1.307692,1.230769,1.400000
sub-bb0c5b34,0.051282,0.119658,0.358974,0.247863,0.222222,1.000000,1.166667,2.210526,1.812500,1.857143
sub-bbad4adc,0.100000,0.209091,0.281818,0.236364,0.172727,1.000000,1.769231,1.937500,1.733333,1.583333
sub-bbd1c58b,0.293333,0.293333,0.106667,0.200000,0.106667,1.375000,1.571429,1.000000,1.363636,1.142857
sub-bc95a335,0.171875,0.093750,0.296875,0.281250,0.156250,1.000000,1.000000,1.357143,1.500000,1.111111
sub-bcbc742a,0.215517,0.189655,0.206897,0.293103,0.094828,1.562500,1.833333,1.411765,1.789474,1.222222
sub-bd1fa320,0.346154,0.288462,0.192308,0.115385,0.057692,2.250000,2.142857,1.666667,1.714286,1.500000
sub-bdd5be7e,0.333333,0.421053,0.078947,0.096491,0.070175,2.111111,2.181818,1.285714,1.100000,1.142857
sub-bdf448af,0.266129,0.241935,0.153226,0.153226,0.185484,2.062500,2.142857,1.461538,1.583333,1.533333
sub-be11549d,0.227273,0.190909,0.236364,0.209091,0.136364,1.388889,1.750000,1.444444,1.533333,1.250000
sub-be3e3f39,0.158333,0.208333,0.266667,0.250000,0.116667,1.900000,1.785714,1.600000,2.500000,1.400000
sub-bf2215fd,0.301887,0.292453,0.169811,0.179245,0.056604,1.684211,1.722222,1.636364,1.266667,1.200000
sub-bf23e532,0.206897,0.284483,0.120690,0.198276,0.189655,1.714286,2.538462,1.400000,1.642857,1.571429
sub-bf675255,0.254545,0.263636,0.072727,0.145455,0.263636,1.866667,1.933333,1.142857,1.454545,1.812500
sub-bf8006d0,0.201613,0.201613,0.153226,0.201613,0.241935,1.785714,1.923077,1.461538,2.083333,1.875000
sub-bfd08f6e,0.384000,0.384000,0.096000,0.024000,0.112000,2.526316,2.400000,1.200000,1.000000,1.272727
sub-bfeb12b9,0.150000,0.100000,0.150000,0.175000,0.425000,1.000000,1.000000,1.000000,1.000000,1.133333
sub-c0b2c562,0.282609,0.304348,0.163043,0.141304,0.108696,1.625000,1.647059,1.500000,1.444444,1.250000
sub-c1df6983,0.279661,0.288136,0.237288,0.186441,0.008475,2.062500,1.700000,1.555556,1.571429,1.000000
sub-c20f83ee,0.211864,0.220339,0.169492,0.228814,0.169492,1.785714,1.529412,1.250000,2.076923,1.666667
sub-c210b68c,0.247619,0.257143,0.133333,0.228571,0.133333,1.857143,1.687500,1.400000,2.000000,1.400000
sub-c2521f04,0.282353,0.294118,0.176471,0.152941,0.094118,1.500000,1.562500,1.153846,1.181818,1.333333
sub-c25d1a8e,0.393939,0.363636,0.080808,0.020202,0.141414,2.437500,2.117647,1.000000,1.000000,1.272727
sub-c26e55bb,0.178218,0.198020,0.227723,0.227723,0.168317,1.200000,1.428571,1.437500,1.533333,1.307692
sub-c2c97c8f,0.311828,0.290323,0.129032,0.096774,0.172043,1.705882,1.687500,1.200000,1.000000,1.600000
sub-c2e5cbcb,0.344828,0.310345,0.068966,0.160920,0.114943,1.875000,1.687500,1.000000,1.272727,1.000000
sub-c2ff1ab8,0.126050,0.159664,0.310924,0.268908,0.134454,1.666667,1.583333,2.055556,2.000000,1.777778
sub-c34ed4ce,0.306122,0.244898,0.122449,0.102041,0.224490,1.071429,1.090909,1.000000,1.000000,1.000000
sub-c3c62849,0.319672,0.319672,0.147541,0.057377,0.155738,2.166667,1.857143,1.285714,1.166667,1.461538
sub-c3e64802,0.333333,0.284553,0.170732,0.073171,0.138211,2.411765,2.058824,1.235294,1.125000,1.700000
sub-c46b226c,0.250000,0.187500,0.229167,0.187500,0.145833,1.090909,1.000000,1.222222,1.000000,1.000000
sub-c4847e59,0.298077,0.269231,0.086538,0.201923,0.144231,2.066667,2.000000,1.285714,1.400000,1.363636
sub-c4852797,0.232000,0.256000,0.208000,0.208000,0.096000,2.071429,1.882353,1.625000,1.625000,1.500000
sub-c5361f39,0.156522,0.165217,0.243478,0.182609,0.252174,1.384615,1.187500,1.647059,1.500000,1.812500
sub-c5b15a9c,0.163043,0.206522,0.217391,0.282609,0.130435,1.363636,1.583333,1.538462,2.166667,1.333333
sub-c5be11b4,0.181818,0.250000,0.227273,0.272727,0.068182,1.454545,1.692308,1.666667,1.500000,1.000000
sub-c6067bf1,0.372881,0.330508,0.144068,0.067797,0.084746,2.315789,2.294118,1.307692,1.000000,1.111111
sub-c62bf411,0.400000,0.366667,0.050000,0.100000,0.083333,2.000000,1.466667,1.000000,1.000000,1.000000
sub-c70590fd,0.094828,0.163793,0.137931,0.379310,0.224138,1.375000,1.727273,1.142857,2.200000,1.857143
sub-c8209d6c,0.336283,0.345133,0.132743,0.079646,0.106195,2.235294,2.166667,1.250000,1.500000,1.333333
sub-c86d49c9,0.338983,0.372881,0.135593,0.067797,0.084746,1.538462,1.375000,1.000000,1.000000,1.000000
sub-c8afc8aa,0.156627,0.120482,0.349398,0.168675,0.204819,1.181818,1.111111,1.812500,1.166667,1.700000
sub-c8b05e81,0.288889,0.255556,0.166667,0.211111,0.077778,1.625000,1.769231,1.363636,1.461538,1.000000
sub-c8c5d7a3,0.273504,0.264957,0.111111,0.136752,0.213675,2.133333,1.937500,1.444444,1.333333,1.923077
sub-c8e4e16a,0.290000,0.280000,0.110000,0.090000,0.230000,1.526316,1.647059,1.100000,1.125000,1.916667
sub-c8f57d40,0.298246,0.263158,0.201754,0.114035,0.122807,2.125000,2.000000,1.916667,1.300000,1.400000
sub-c9c11d4f,0.252101,0.184874,0.134454,0.168067,0.260504,2.142857,1.692308,1.454545,2.000000,2.066667
sub-c9cf8bdb,0.309524,0.261905,0.142857,0.214286,0.071429,1.300000,1.100000,1.000000,1.000000,1.000000
sub-c9e2f056,0.156250,0.187500,0.312500,0.239583,0.104167,1.666667,1.500000,1.764706,1.916667,1.428571
sub-ca7beb92,0.392523,0.383178,0.056075,0.102804,0.065421,2.333333,2.411765,1.200000,1.222222,1.166667
sub-cab70ce6,0.326316,0.336842,0.178947,0.073684,0.084211,1.823529,1.684211,1.545455,1.166667,1.142857
sub-cb0dc161,0.303279,0.270492,0.180328,0.098361,0.147541,2.642857,2.062500,1.571429,1.714286,1.500000
sub-cb5b6306,0.245902,0.221311,0.237705,0.147541,0.147541,1.764706,1.928571,1.933333,1.636364,1.636364
sub-cb923e06,0.247934,0.223140,0.239669,0.272727,0.016529,1.764706,2.454545,1.933333,2.062500,1.000000
sub-cbbfd413,0.330579,0.305785,0.099174,0.173554,0.090909,2.105263,2.055556,1.333333,1.500000,1.375000
sub-ccbad9d3,0.257732,0.298969,0.175258,0.216495,0.051546,1.666667,1.812500,1.214286,1.235294,1.000000
sub-cdf017d8,0.161290,0.118280,0.215054,0.258065,0.247312,1.500000,1.375000,1.333333,1.500000,1.352941
sub-ce750484,0.276423,0.300813,0.097561,0.048780,0.276423,2.615385,2.642857,1.500000,1.200000,2.266667
sub-ce7557cd,0.311475,0.344262,0.032787,0.139344,0.172131,2.533333,2.210526,1.333333,1.416667,1.615385
sub-ce94d8e0,0.113821,0.170732,0.260163,0.252033,0.203252,1.400000,1.500000,1.600000,1.631579,1.470588
sub-ce9b62aa,0.246753,0.272727,0.116883,0.168831,0.194805,1.583333,1.500000,1.000000,1.300000,1.363636
sub-cf22611c,0.214286,0.214286,0.261905,0.261905,0.047619,1.000000,1.125000,1.000000,1.222222,1.000000
sub-cf96c936,0.210084,0.243697,0.277311,0.117647,0.151261,1.562500,2.071429,1.736842,1.272727,1.384615
sub-cfc821c0,0.378378,0.378378,0.108108,0.099099,0.036036,2.625000,3.000000,1.090909,1.375000,1.333333
sub-cfc90fc2,0.265487,0.318584,0.176991,0.141593,0.097345,2.000000,2.117647,1.538462,1.454545,1.222222
sub-cff4915b,0.363636,0.303030,0.121212,0.111111,0.101010,2.000000,1.764706,1.000000,1.100000,1.111111
sub-d0036534,0.289855,0.391304,0.101449,0.101449,0.115942,1.250000,1.687500,1.000000,1.166667,1.142857
sub-d04b3811,0.280000,0.320000,0.152000,0.096000,0.152000,2.500000,2.105263,1.583333,1.090909,1.266667
sub-d0af181f,0.436620,0.394366,0.014085,0.042254,0.112676,1.631579,1.555556,1.000000,1.500000,1.142857
sub-d0ccda46,0.250000,0.208333,0.166667,0.183333,0.191667,2.307692,1.923077,1.666667,1.833333,1.769231
sub-d10de4ad,0.278481,0.291139,0.189873,0.227848,0.012658,1.466667,1.642857,1.500000,1.500000,1.000000
sub-d1342c50,0.146667,0.200000,0.320000,0.133333,0.200000,1.222222,1.153846,1.600000,1.111111,1.363636
sub-d145ffa8,0.313043,0.234783,0.165217,0.156522,0.130435,1.714286,1.800000,1.461538,1.384615,1.875000
sub-d19a4e50,0.063830,0.159574,0.351064,0.244681,0.180851,1.200000,1.363636,1.833333,1.916667,1.416667
sub-d1d5df0d,0.306452,0.298387,0.080645,0.169355,0.145161,2.111111,2.466667,1.666667,1.615385,2.000000
sub-d2205a7c,0.345455,0.300000,0.100000,0.090909,0.163636,2.111111,1.941176,1.222222,1.250000,1.500000
sub-d22f8855,0.159574,0.244681,0.191489,0.212766,0.191489,1.363636,1.437500,1.636364,1.538462,1.500000
sub-d240713e,0.240741,0.314815,0.203704,0.111111,0.129630,1.000000,1.307692,1.222222,1.000000,1.166667
sub-d2718ecf,0.330508,0.279661,0.135593,0.135593,0.118644,2.166667,2.062500,1.454545,1.600000,2.000000
sub-d27ee639,0.183908,0.183908,0.091954,0.241379,0.298851,1.230769,1.333333,1.142857,1.400000,1.529412
sub-d28cae76,0.277108,0.289157,0.168675,0.108434,0.156627,1.352941,1.411765,1.400000,1.285714,1.625000
sub-d2ad3f86,0.235772,0.268293,0.170732,0.203252,0.121951,1.526316,1.941176,1.750000,1.785714,1.500000
sub-d2beb4ec,0.378641,0.359223,0.116505,0.077670,0.067961,2.294118,2.055556,1.200000,1.142857,1.000000
sub-d2c47f13,0.286885,0.229508,0.155738,0.213115,0.114754,1.842105,2.000000,1.583333,1.625000,1.555556
sub-d32938f9,0.088496,0.044248,0.185841,0.327434,0.353982,1.000000,1.000000,1.615385,2.055556,2.352941
sub-d35069ed,0.217742,0.201613,0.209677,0.217742,0.153226,1.687500,1.666667,1.529412,1.421053,1.727273
sub-d3547b05,0.314815,0.287037,0.064815,0.129630,0.203704,1.789474,1.937500,1.000000,1.166667,2.000000
sub-d3dbca3b,0.084034,0.126050,0.302521,0.310924,0.176471,1.111111,1.363636,2.250000,2.312500,1.400000
sub-d49d1590,0.244186,0.255814,0.162791,0.197674,0.139535,1.400000,1.222222,1.272727,1.416667,1.500000
sub-d4c76aa8,0.115385,0.134615,0.134615,0.346154,0.269231,1.000000,1.000000,1.166667,1.384615,1.272727
sub-d540a226,0.317647,0.294118,0.117647,0.211765,0.058824,1.800000,1.666667,1.428571,1.500000,1.000000
sub-d54a444e,0.300000,0.283333,0.100000,0.183333,0.133333,1.894737,2.000000,1.090909,1.571429,1.333333
sub-d6711207,0.201754,0.263158,0.201754,0.210526,0.122807,1.437500,1.875000,1.437500,2.000000,1.555556
sub-d6874ecf,0.218182,0.163636,0.227273,0.254545,0.136364,1.846154,1.384615,1.562500,1.647059,1.363636
sub-d788ab03,0.313559,0.305085,0.152542,0.093220,0.135593,2.312500,2.250000,1.285714,1.571429,1.600000
sub-d7e0b542,0.266667,0.283333,0.183333,0.116667,0.150000,2.000000,1.789474,1.692308,1.555556,2.250000
sub-d7ec9ae3,0.296610,0.330508,0.169492,0.084746,0.118644,2.333333,2.166667,1.666667,1.111111,1.400000
sub-d86c6aeb,0.295082,0.295082,0.147541,0.098361,0.163934,1.714286,2.117647,1.636364,1.090909,1.538462
sub-d8a64c8c,0.202128,0.234043,0.212766,0.223404,0.127660,1.727273,1.571429,1.333333,1.750000,1.333333
sub-d8ab4fef,0.158879,0.149533,0.308411,0.299065,0.084112,1.307692,1.454545,1.941176,2.285714,1.000000
sub-d8e8d03c,0.250000,0.258333,0.183333,0.175000,0.133333,1.764706,1.722222,1.466667,1.312500,1.600000
sub-d8fc0059,0.270270,0.315315,0.153153,0.198198,0.063063,2.142857,1.944444,1.888889,1.466667,1.400000
sub-d9505f7f,0.303279,0.237705,0.196721,0.188525,0.073770,2.176471,1.933333,1.714286,1.916667,1.285714
sub-d9574447,0.367521,0.410256,0.068376,0.059829,0.094017,3.071429,3.000000,1.333333,1.000000,1.222222
sub-d9630463,0.339450,0.247706,0.073394,0.064220,0.275229,2.176471,1.588235,1.000000,1.000000,1.666667
sub-d982eae7,0.149533,0.140187,0.317757,0.112150,0.280374,1.600000,1.250000,1.700000,1.200000,1.875000
sub-d9a7dde8,0.176471,0.210084,0.268908,0.201681,0.142857,1.400000,2.083333,1.777778,1.500000,1.545455
sub-d9b78521,0.341463,0.439024,0.024390,0.024390,0.170732,1.076923,1.285714,1.000000,1.000000,1.000000
sub-d9c89f13,0.256757,0.270270,0.148649,0.175676,0.148649,1.461538,1.538462,1.100000,1.300000,1.222222
sub-da07befd,0.311828,0.236559,0.193548,0.139785,0.118280,1.611111,1.466667,1.500000,1.300000,1.375000
sub-da14debe,0.260870,0.217391,0.217391,0.191304,0.113043,1.764706,1.562500,1.666667,1.833333,1.181818
sub-da85b0d2,0.228814,0.228814,0.203390,0.186441,0.152542,1.928571,1.928571,1.714286,2.000000,1.800000
sub-daabdc32,0.234694,0.234694,0.183673,0.193878,0.153061,1.769231,1.533333,1.384615,1.461538,1.363636
sub-db1f60e2,0.165289,0.239669,0.165289,0.173554,0.256198,1.333333,1.611111,1.428571,1.750000,1.722222
sub-db2e962f,0.283019,0.283019,0.150943,0.037736,0.245283,1.250000,1.153846,1.142857,1.000000,1.300000
sub-db320f85,0.215686,0.196078,0.225490,0.205882,0.156863,1.375000,1.428571,1.533333,1.400000,1.600000
sub-dbb68f25,0.138462,0.046154,0.246154,0.353846,0.215385,1.500000,1.000000,1.454545,1.533333,1.272727
sub-dbc308f2,0.239583,0.270833,0.208333,0.145833,0.135417,1.769231,1.529412,1.538462,1.272727,1.181818
sub-dc7bd768,0.307018,0.263158,0.140351,0.114035,0.175439,2.187500,1.666667,1.600000,1.857143,1.666667
sub-dc7df6e2,0.180180,0.108108,0.333333,0.261261,0.117117,1.250000,1.333333,2.176471,1.611111,1.444444
sub-dccd40f8,0.194690,0.106195,0.256637,0.300885,0.141593,1.375000,1.090909,1.933333,2.000000,1.230769
sub-dcdce7a1,0.344000,0.336000,0.096000,0.088000,0.136000,2.866667,2.100000,1.333333,1.375000,1.416667
sub-dcfb2aef,0.176471,0.235294,0.193277,0.218487,0.176471,1.750000,1.750000,2.090909,1.733333,1.500000
sub-dd72baf9,0.350427,0.350427,0.145299,0.051282,0.102564,2.277778,2.562500,1.416667,1.200000,1.714286
sub-dd7cd3aa,0.246914,0.197531,0.160494,0.172840,0.222222,2.000000,1.600000,1.444444,1.272727,1.636364
sub-ddd0e508,0.300000,0.336364,0.181818,0.081818,0.100000,2.062500,2.055556,1.428571,1.125000,1.222222
sub-de0c6ad8,0.280000,0.256000,0.216000,0.152000,0.096000,2.058824,2.000000,1.800000,1.727273,2.000000
sub-de6898bc,0.268293,0.260163,0.235772,0.211382,0.024390,3.000000,2.000000,2.230769,1.733333,1.000000
sub-dea6252e,0.201681,0.193277,0.252101,0.151261,0.201681,2.181818,1.769231,2.000000,1.636364,1.714286
sub-deb86e8a,0.295652,0.304348,0.130435,0.086957,0.182609,2.125000,2.187500,1.875000,1.250000,1.400000
sub-dee0f991,0.250000,0.277778,0.194444,0.120370,0.157407,1.687500,2.142857,1.500000,1.300000,1.307692
sub-df08b50d,0.219512,0.268293,0.231707,0.158537,0.121951,1.285714,1.157895,1.357143,1.083333,1.111111
sub-df2ff0b3,0.297521,0.247934,0.173554,0.115702,0.165289,2.571429,1.764706,1.500000,1.400000,1.666667
sub-df3aaa51,0.271845,0.281553,0.203883,0.213592,0.029126,1.333333,1.812500,1.312500,1.571429,1.000000
sub-e0410318,0.079646,0.132743,0.336283,0.318584,0.132743,1.125000,1.250000,2.111111,2.000000,1.363636
sub-e089c73e,0.208791,0.241758,0.164835,0.175824,0.208791,1.357143,1.571429,1.250000,1.230769,2.111111
sub-e0a4f096,0.283784,0.297297,0.162162,0.148649,0.108108,1.615385,1.692308,1.333333,1.222222,1.333333
sub-e0c64703,0.368852,0.426230,0.057377,0.114754,0.032787,2.647059,3.250000,1.166667,1.166667,1.333333
sub-e12930ab,0.185185,0.138889,0.287037,0.222222,0.166667,1.250000,1.875000,1.937500,1.846154,1.500000
sub-e1a4f26e,0.302521,0.310924,0.117647,0.075630,0.193277,1.800000,1.947368,1.272727,1.125000,1.769231
sub-e258c30d,0.192000,0.128000,0.240000,0.272000,0.168000,1.846154,1.777778,1.764706,2.000000,1.400000
sub-e26ba779,0.324324,0.283784,0.121622,0.148649,0.121622,1.263158,1.235294,1.000000,1.100000,1.125000
sub-e2817cd3,0.360000,0.340000,0.100000,0.020000,0.180000,1.500000,1.545455,1.000000,1.000000,1.500000
sub-e2e58bb4,0.289855,0.275362,0.188406,0.173913,0.072464,1.428571,1.266667,1.181818,1.090909,1.250000
sub-e2fb4a5a,0.206612,0.190083,0.206612,0.289256,0.107438,1.666667,2.090909,1.666667,2.333333,2.600000
sub-e34267d3,0.200000,0.120000,0.280000,0.180000,0.220000,1.000000,1.000000,1.000000,1.000000,1.222222
sub-e36a4396,0.123711,0.092784,0.319588,0.237113,0.226804,1.200000,1.285714,1.937500,1.533333,1.571429
sub-e4f15275,0.333333,0.355556,0.155556,0.066667,0.088889,1.250000,1.230769,1.166667,1.000000,1.000000
sub-e523c998,0.134831,0.112360,0.258427,0.269663,0.224719,1.090909,1.111111,1.437500,1.500000,1.333333
sub-e5284121,0.163462,0.192308,0.269231,0.163462,0.211538,1.214286,1.428571,2.000000,1.214286,1.466667
sub-e533cba3,0.266667,0.291667,0.166667,0.166667,0.108333,2.285714,1.944444,1.538462,1.538462,1.444444
sub-e54264e5,0.236842,0.276316,0.157895,0.157895,0.171053,1.285714,1.500000,1.200000,1.200000,1.181818
sub-e544a53d,0.339130,0.365217,0.121739,0.147826,0.026087,2.600000,2.470588,1.555556,1.416667,1.000000
sub-e5894ff5,0.207921,0.148515,0.227723,0.217822,0.198020,1.500000,1.250000,1.769231,1.466667,1.428571
sub-e5da608f,0.319328,0.252101,0.159664,0.142857,0.126050,2.111111,2.000000,1.727273,1.545455,1.250000
sub-e5f9f075,0.256198,0.247934,0.190083,0.206612,0.099174,1.722222,1.875000,1.769231,1.666667,1.200000
sub-e6585315,0.262295,0.278689,0.147541,0.180328,0.131148,1.230769,1.416667,1.285714,1.222222,1.000000
sub-e676a4f1,0.196078,0.147059,0.235294,0.166667,0.254902,1.538462,1.500000,1.846154,1.307692,1.857143
sub-e6aba9d4,0.275000,0.258333,0.200000,0.208333,0.058333,1.941176,2.066667,1.846154,1.562500,1.166667
sub-e6b671d7,0.409836,0.352459,0.090164,0.114754,0.032787,2.173913,2.150000,1.100000,1.272727,1.000000
sub-e71c001b,0.394231,0.336538,0.038462,0.105769,0.125000,2.411765,2.058824,1.000000,1.222222,1.181818
sub-e7a2dfc8,0.257143,0.219048,0.171429,0.238095,0.114286,1.588235,1.533333,1.285714,1.562500,1.714286
sub-e7b4fad4,0.169355,0.201613,0.250000,0.209677,0.169355,1.400000,1.315789,1.722222,1.625000,1.400000
sub-e7c2a9ea,0.285714,0.252747,0.175824,0.230769,0.054945,1.857143,1.642857,1.333333,2.100000,1.000000
sub-e83fc249,0.171875,0.218750,0.312500,0.281250,0.015625,1.100000,1.076923,1.538462,1.285714,1.000000
sub-e86ebf65,0.312500,0.214286,0.133929,0.142857,0.196429,2.692308,1.714286,1.500000,1.454545,2.000000
sub-e895d5bf,0.360000,0.352000,0.080000,0.120000,0.088000,2.500000,2.444444,1.111111,1.363636,1.571429
sub-e8af6dbf,0.330645,0.338710,0.129032,0.120968,0.080645,2.733333,3.000000,1.454545,1.500000,1.111111
sub-e8e75c18,0.364486,0.336449,0.037383,0.102804,0.158879,2.600000,1.894737,1.333333,1.375000,1.700000
sub-e95bef08,0.214876,0.165289,0.148760,0.264463,0.206612,1.733333,1.333333,1.500000,2.133333,1.666667
sub-e96ad0aa,0.203704,0.166667,0.222222,0.222222,0.185185,1.000000,1.000000,1.090909,1.333333,1.250000
sub-ea3e0167,0.336134,0.319328,0.142857,0.151261,0.050420,2.105263,1.900000,1.214286,1.285714,1.200000
sub-ec430170,0.264706,0.176471,0.245098,0.147059,0.166667,1.687500,1.636364,1.923077,1.666667,1.545455
sub-ec9db008,0.241667,0.266667,0.175000,0.258333,0.058333,1.705882,2.000000,1.909091,2.066667,1.000000
sub-ed0a38c1,0.336634,0.277228,0.168317,0.069307,0.148515,1.619048,2.333333,1.545455,1.400000,1.500000
sub-ed6c93d2,0.149123,0.175439,0.280702,0.298246,0.096491,1.888889,1.428571,2.000000,2.266667,1.375000
sub-edbb53c9,0.180328,0.245902,0.245902,0.245902,0.081967,1.571429,2.142857,2.000000,2.142857,1.250000
sub-ee0b8fc3,0.084746,0.084746,0.322034,0.322034,0.186441,1.000000,1.000000,1.266667,1.461538,1.100000
sub-ee208ec6,0.226415,0.169811,0.226415,0.132075,0.245283,1.200000,1.285714,1.200000,1.000000,1.181818
sub-ee2d0fae,0.243902,0.211382,0.252033,0.170732,0.121951,2.142857,1.733333,1.823529,1.615385,1.500000
sub-eeab06e2,0.255319,0.276596,0.138298,0.170213,0.159574,1.714286,1.733333,1.444444,1.142857,1.500000
sub-eeb93250,0.292683,0.333333,0.138211,0.170732,0.065041,2.250000,2.277778,1.307692,1.500000,1.142857
sub-eee2e8ba,0.163934,0.213115,0.286885,0.254098,0.081967,1.428571,1.529412,1.944444,2.066667,1.428571
sub-ef1096c0,0.254545,0.245455,0.181818,0.209091,0.109091,2.153846,2.250000,1.818182,1.769231,1.500000
sub-ef333648,0.184874,0.193277,0.252101,0.235294,0.134454,1.571429,1.916667,1.666667,2.000000,1.600000
sub-ef47e1cb,0.256000,0.288000,0.192000,0.192000,0.072000,2.000000,2.000000,1.600000,1.500000,1.285714
sub-ef9938fc,0.299065,0.252336,0.196262,0.168224,0.084112,1.882353,1.500000,1.500000,1.384615,1.125000
sub-efa513cb,0.291139,0.227848,0.240506,0.177215,0.063291,1.533333,1.384615,1.266667,1.400000,1.000000
sub-f0b4a87e,0.450450,0.378378,0.072072,0.036036,0.063063,2.941176,2.625000,1.000000,1.000000,1.400000
sub-f0c22557,0.264368,0.252874,0.229885,0.241379,0.011494,1.533333,1.375000,1.428571,1.909091,1.000000
sub-f143d0bb,0.412844,0.321101,0.100917,0.045872,0.119266,2.647059,2.187500,1.222222,1.250000,1.444444
sub-f19e7cb4,0.190476,0.253968,0.285714,0.222222,0.047619,1.333333,1.600000,1.500000,1.272727,1.500000
sub-f1fff45c,0.277778,0.203704,0.240741,0.092593,0.185185,1.153846,1.222222,1.181818,1.000000,1.000000
sub-f2f7e19f,0.367089,0.316456,0.126582,0.151899,0.037975,1.812500,1.470588,1.111111,1.333333,1.500000
sub-f3034678,0.146667,0.026667,0.293333,0.346667,0.186667,1.000000,1.000000,1.294118,1.625000,1.272727
sub-f35f8377,0.206522,0.195652,0.141304,0.260870,0.195652,1.461538,1.636364,1.444444,1.500000,1.384615
sub-f3bec2c7,0.213675,0.230769,0.188034,0.247863,0.119658,1.785714,2.454545,1.571429,2.636364,1.272727
sub-f41983d5,0.303571,0.321429,0.107143,0.107143,0.160714,2.000000,2.117647,1.090909,1.333333,1.500000
sub-f4267489,0.403226,0.387097,0.048387,0.072581,0.088710,2.777778,3.200000,1.000000,1.000000,1.375000
sub-f4642509,0.304348,0.208696,0.234783,0.173913,0.078261,2.058824,1.411765,1.588235,1.333333,1.800000
sub-f4a570be,0.321739,0.269565,0.191304,0.086957,0.130435,2.176471,1.937500,1.375000,1.250000,1.363636
sub-f5145b8e,0.262295,0.229508,0.147541,0.147541,0.213115,1.230769,1.076923,1.000000,1.125000,1.444444
sub-f534211d,0.256881,0.256881,0.137615,0.165138,0.183486,1.555556,1.750000,1.071429,1.285714,1.538462
sub-f54d1792,0.293103,0.310345,0.172414,0.172414,0.051724,1.416667,1.384615,1.111111,1.250000,1.000000
sub-f5592644,0.176471,0.196078,0.235294,0.274510,0.117647,1.000000,1.111111,1.090909,1.076923,1.000000
sub-f568b698,0.163636,0.200000,0.254545,0.209091,0.172727,1.636364,1.571429,1.750000,1.769231,1.583333
sub-f5aecd0c,0.211382,0.235772,0.162602,0.284553,0.105691,1.733333,2.071429,1.818182,1.842105,1.444444
sub-f5c20bf3,0.111111,0.138889,0.305556,0.277778,0.166667,1.000000,1.111111,1.571429,1.250000,1.090909
sub-f66bc32c,0.343434,0.303030,0.161616,0.070707,0.121212,2.125000,1.666667,1.454545,1.000000,1.333333
sub-f71f4e37,0.172727,0.218182,0.236364,0.290909,0.081818,1.461538,1.846154,1.733333,2.285714,1.285714
sub-f72eb6e6,0.347368,0.315789,0.105263,0.105263,0.126316,1.736842,2.000000,1.111111,1.428571,1.200000
sub-f7bf68ad,0.418803,0.393162,0.051282,0.059829,0.076923,2.722222,2.555556,1.500000,1.166667,1.125000
sub-f80dfc3d,0.225000,0.275000,0.250000,0.200000,0.050000,2.076923,1.941176,2.500000,1.846154,1.200000
sub-f85fd7b2,0.233333,0.216667,0.250000,0.283333,0.016667,1.000000,1.300000,1.071429,1.307692,1.000000
sub-f87e808d,0.120000,0.100000,0.280000,0.300000,0.200000,1.500000,1.111111,1.647059,1.578947,1.428571
sub-f88f48fa,0.305085,0.271186,0.101695,0.152542,0.169492,2.400000,2.000000,1.500000,1.500000,1.666667
sub-f900f8d1,0.274510,0.284314,0.186275,0.156863,0.098039,1.750000,1.812500,1.583333,1.454545,1.250000
sub-f988b984,0.304000,0.272000,0.200000,0.184000,0.040000,1.652174,2.266667,1.666667,1.769231,1.250000
sub-f989ab12,0.223214,0.205357,0.223214,0.241071,0.107143,1.923077,1.769231,1.785714,1.928571,1.714286
sub-f9929c46,0.220588,0.205882,0.220588,0.147059,0.205882,1.153846,1.076923,1.071429,1.111111,1.166667
sub-f99c3394,0.262295,0.295082,0.139344,0.057377,0.245902,2.461538,2.400000,1.888889,1.000000,1.666667
sub-f99df42a,0.208000,0.304000,0.160000,0.168000,0.160000,2.000000,2.533333,1.538462,2.100000,1.538462
sub-fa054068,0.262626,0.202020,0.212121,0.191919,0.131313,2.166667,1.538462,1.400000,1.727273,1.444444
sub-fa59943c,0.378049,0.341463,0.121951,0.036585,0.121951,2.066667,1.866667,1.428571,1.000000,1.000000
sub-fa6468b7,0.270833,0.291667,0.208333,0.166667,0.062500,1.300000,1.166667,1.000000,1.000000,1.000000
sub-fb0da3da,0.240741,0.259259,0.203704,0.185185,0.111111,1.625000,2.153846,1.692308,1.666667,1.200000
sub-fb171f74,0.207207,0.198198,0.243243,0.171171,0.180180,1.642857,1.692308,1.421053,1.357143,1.818182
sub-fbe5ad3c,0.184615,0.184615,0.292308,0.230769,0.107692,1.200000,1.200000,1.266667,1.071429,1.166667
sub-fc102a62,0.290323,0.403226,0.129032,0.080645,0.096774,1.500000,1.785714,1.000000,1.250000,1.000000
sub-fc143608,0.352000,0.312000,0.160000,0.128000,0.048000,2.095238,2.294118,1.333333,1.600000,2.000000
sub-fc39f12d,0.372727,0.272727,0.045455,0.100000,0.209091,2.050000,2.000000,1.000000,1.000000,1.642857
sub-fc462c95,0.196078,0.117647,0.156863,0.372549,0.156863,1.000000,1.000000,1.600000,1.461538,1.142857
sub-fc49ae05,0.295455,0.181818,0.090909,0.090909,0.340909,1.300000,1.333333,1.000000,1.000000,1.071429
sub-fc5c97ee,0.204082,0.153061,0.224490,0.265306,0.153061,1.538462,1.363636,1.571429,2.166667,1.666667
sub-fc9043fa,0.390625,0.421875,0.093750,0.000000,0.093750,1.785714,1.800000,1.000000,NaN,1.500000
sub-fc92ad12,0.119658,0.128205,0.239316,0.222222,0.290598,1.272727,1.666667,2.153846,2.166667,1.700000
sub-fcf62c5e,0.312000,0.392000,0.104000,0.088000,0.104000,2.437500,2.333333,1.300000,1.222222,1.625000
sub-fd55fbb1,0.362069,0.336207,0.181034,0.068966,0.051724,2.625000,3.000000,1.500000,1.333333,1.000000
sub-fd6b7648,0.250000,0.250000,0.172414,0.206897,0.120690,1.933333,1.705882,1.428571,1.500000,1.272727
sub-fe159024,0.384615,0.317308,0.125000,0.067308,0.105769,1.818182,2.062500,1.083333,1.000000,1.375000
sub-fe35def7,0.189873,0.215190,0.151899,0.240506,0.202532,1.153846,1.133333,1.500000,1.461538,1.333333
sub-fe9b843e,0.337662,0.389610,0.090909,0.090909,0.090909,1.368421,1.875000,1.000000,1.000000,1.000000
sub-fec1d802,0.186441,0.186441,0.305085,0.279661,0.042373,1.571429,1.692308,2.571429,2.062500,1.000000
sub-fec6b3b3,0.175000,0.233333,0.166667,0.225000,0.200000,1.750000,1.750000,1.818182,1.588235,1.600000
sub-fee9195f,0.233645,0.224299,0.196262,0.233645,0.112150,1.562500,1.846154,1.400000,1.923077,1.500000
sub-ff10861b,0.330097,0.368932,0.126214,0.155340,0.019417,2.000000,2.235294,1.444444,1.230769,1.000000
sub-ff1e1209,0.362069,0.293103,0.129310,0.112069,0.103448,2.800000,2.833333,1.500000,1.300000,1.333333
sub-ff2be107,0.146341,0.138211,0.219512,0.211382,0.284553,1.384615,1.545455,1.928571,2.000000,2.333333
sub-ff7855eb,0.173913,0.217391,0.260870,0.130435,0.217391,1.090909,1.500000,1.384615,1.285714,1.250000
sub-ff86147c,0.214286,0.205357,0.178571,0.187500,0.214286,1.714286,1.769231,1.666667,1.500000,1.714286
sub-ffc734a9,0.200000,0.215385,0.138462,0.246154,0.200000,1.444444,1.400000,1.125000,1.333333,1.300000
