ID,fracocc_1,fracocc_2,fracocc_3,fracocc_4,fracocc_5,dwell_1,dwell_2,dwell_3,dwell_4,dwell_5
sub-0065c4e7,0.291667,0.291667,0.114583,0.125000,0.177083,4.666667,4.666667,2.200000,3.000000,3.400000
sub-0223ca30,0.021277,0.000000,0.234043,0.234043,0.510638,1.000000,NaN,2.200000,2.750000,4.000000
sub-028396a2,0.125000,0.000000,0.291667,0.375000,0.208333,2.000000,NaN,3.500000,3.000000,5.000000
sub-030862f3,0.238636,0.261364,0.113636,0.170455,0.215909,3.500000,2.875000,2.000000,3.000000,3.166667
sub-0424f0cc,0.183333,0.083333,0.366667,0.100000,0.266667,2.750000,2.500000,3.666667,3.000000,8.000000
sub-05804543,0.357143,0.295918,0.153061,0.091837,0.102041,5.833333,7.250000,3.000000,4.500000,3.333333
sub-05b68380,0.039216,0.215686,0.019608,0.411765,0.313725,2.000000,2.750000,1.000000,5.250000,8.000000
sub-0619f332,0.207207,0.126126,0.279279,0.252252,0.135135,4.600000,2.000000,3.875000,4.666667,3.750000
sub-0677b0ae,0.210526,0.315789,0.178947,0.147368,0.147368,3.333333,4.285714,2.833333,2.000000,2.333333
sub-075ba38c,0.181818,0.145455,0.345455,0.327273,0.000000,2.500000,2.000000,4.750000,3.600000,NaN
sub-078d0115,0.311927,0.321101,0.119266,0.155963,0.091743,4.857143,3.888889,2.166667,3.400000,2.000000
sub-079ad0b1,0.211864,0.161017,0.228814,0.254237,0.144068,3.571429,3.800000,4.500000,5.000000,3.400000
sub-08bdadc8,0.200000,0.214286,0.171429,0.214286,0.200000,3.500000,3.750000,3.000000,2.500000,2.800000
sub-08fc6819,0.217742,0.274194,0.185484,0.080645,0.241935,5.400000,4.857143,3.285714,2.500000,6.000000
sub-09ff79ff,0.181818,0.236364,0.309091,0.127273,0.145455,2.500000,4.333333,3.400000,1.750000,2.000000
sub-0aa36d72,0.312500,0.218750,0.156250,0.140625,0.171875,3.333333,3.500000,2.500000,3.000000,3.666667
sub-0ab8eedd,0.152778,0.138889,0.263889,0.388889,0.055556,2.750000,1.666667,2.714286,4.000000,2.000000
sub-0bb849b5,0.011364,0.045455,0.431818,0.090909,0.420455,1.000000,2.000000,4.222222,2.666667,4.625000
sub-0d109f78,0.247191,0.247191,0.235955,0.224719,0.044944,3.666667,3.142857,4.200000,2.222222,2.000000
sub-0d4055a4,0.150000,0.066667,0.333333,0.150000,0.300000,3.000000,2.000000,4.000000,1.800000,3.600000
sub-0ea01690,0.361702,0.191489,0.255319,0.170213,0.021277,3.400000,3.000000,3.000000,2.000000,1.000000
sub-0f6654ce,0.352273,0.193182,0.113636,0.125000,0.215909,3.444444,2.833333,2.500000,2.750000,2.111111
sub-0ffb32d2,0.294118,0.333333,0.127451,0.186275,0.058824,3.750000,4.250000,2.600000,3.166667,2.000000
sub-1000f047,0.240506,0.151899,0.278481,0.303797,0.025316,2.375000,3.000000,3.142857,4.000000,1.000000
sub-11094134,0.038462,0.000000,0.384615,0.288462,0.288462,2.000000,NaN,4.000000,3.750000,3.750000
sub-143c05b0,0.301724,0.353448,0.103448,0.086207,0.155172,5.833333,5.857143,4.000000,3.333333,3.600000
sub-14921d16,0.086957,0.069565,0.347826,0.426087,0.069565,3.333333,2.000000,5.714286,6.125000,1.600000
sub-156dd92b,0.215686,0.254902,0.186275,0.098039,0.245098,4.400000,4.333333,3.166667,3.333333,8.333333
sub-15a45610,0.209302,0.162791,0.255814,0.209302,0.162791,3.000000,2.333333,2.750000,4.500000,2.800000
sub-15bf4c30,0.082353,0.152941,0.188235,0.364706,0.211765,1.400000,3.250000,3.200000,4.428571,2.571429
sub-16f7c767,0.250000,0.050000,0.425000,0.275000,0.000000,2.500000,1.000000,3.400000,5.500000,NaN
sub-185510a2,0.138298,0.159574,0.191489,0.265957,0.244681,3.250000,3.000000,2.571429,2.777778,3.285714
sub-18843b7b,0.162791,0.162791,0.325581,0.279070,0.069767,1.750000,2.333333,3.500000,3.000000,3.000000
sub-18dcd71e,0.205607,0.168224,0.056075,0.233645,0.336449,2.750000,2.250000,2.000000,3.125000,3.600000
sub-1a7ffbab,0.278261,0.200000,0.286957,0.182609,0.052174,4.571429,3.833333,5.500000,3.000000,3.000000
sub-1bd6ef0e,0.090909,0.113636,0.272727,0.386364,0.136364,1.333333,1.666667,3.000000,4.250000,3.000000
sub-1c9dca29,0.357798,0.357798,0.091743,0.091743,0.100917,5.571429,6.500000,3.333333,1.666667,3.666667
sub-1e805bd2,0.173077,0.173077,0.211538,0.211538,0.230769,2.250000,3.000000,2.750000,2.200000,2.400000
sub-1f989207,0.337209,0.325581,0.162791,0.151163,0.023256,4.833333,3.500000,3.500000,1.857143,2.000000
sub-1fead018,0.233333,0.150000,0.366667,0.250000,0.000000,3.500000,2.250000,4.400000,3.000000,NaN
sub-20a17075,0.196721,0.180328,0.172131,0.213115,0.237705,8.000000,4.400000,3.500000,3.714286,5.800000
sub-20a2b1b4,0.323077,0.261538,0.138462,0.184615,0.092308,5.250000,3.400000,3.000000,3.000000,1.500000
sub-20b7485e,0.323944,0.154930,0.253521,0.225352,0.042254,3.833333,2.750000,3.600000,4.000000,1.500000
sub-20d43624,0.040816,0.163265,0.346939,0.265306,0.183673,2.000000,2.000000,3.400000,3.250000,1.800000
sub-22c762ef,0.320000,0.240000,0.186667,0.213333,0.040000,4.000000,4.500000,3.500000,2.666667,3.000000
sub-23826a62,0.182609,0.139130,0.278261,0.217391,0.182609,3.000000,2.285714,4.571429,4.166667,7.000000
sub-23ae845f,0.326733,0.386139,0.099010,0.158416,0.029703,5.500000,4.875000,2.000000,2.000000,3.000000
sub-24995e17,0.220000,0.260000,0.040000,0.240000,0.240000,3.666667,4.333333,2.000000,3.000000,3.000000
sub-24c13105,0.221053,0.157895,0.242105,0.294737,0.084211,2.625000,3.750000,3.285714,3.111111,2.000000
sub-24ed9807,0.046154,0.046154,0.323077,0.261538,0.323077,1.000000,1.500000,5.250000,4.250000,4.200000
sub-257bbec9,0.166667,0.366667,0.283333,0.166667,0.016667,3.333333,3.666667,4.250000,3.333333,1.000000
sub-28a0fdd3,0.222222,0.129630,0.259259,0.074074,0.314815,3.000000,2.333333,3.500000,2.000000,3.400000
sub-28c7360d,0.102041,0.183673,0.265306,0.357143,0.091837,2.000000,3.600000,5.200000,5.833333,4.500000
sub-29855626,0.135135,0.148649,0.229730,0.162162,0.324324,2.500000,2.750000,2.833333,4.000000,4.800000
sub-2b4ee1eb,0.345133,0.380531,0.115044,0.115044,0.044248,5.571429,7.166667,2.600000,2.600000,2.500000
sub-2ca8e629,0.238636,0.227273,0.159091,0.136364,0.238636,3.500000,3.333333,3.500000,4.000000,3.500000
sub-2e02a615,0.311111,0.288889,0.011111,0.200000,0.188889,4.000000,5.200000,1.000000,2.571429,8.500000
sub-2e2c9089,0.279412,0.308824,0.073529,0.029412,0.308824,3.800000,3.500000,1.666667,2.000000,4.200000
sub-30ab196e,0.108696,0.000000,0.304348,0.326087,0.260870,2.500000,NaN,3.500000,2.500000,2.000000
sub-31c71fe5,0.108434,0.156627,0.373494,0.301205,0.060241,2.250000,2.166667,4.428571,5.000000,2.500000
sub-32ad6734,0.237624,0.198020,0.198020,0.257426,0.108911,3.000000,2.857143,2.222222,3.250000,2.750000
sub-33aa81b1,0.355263,0.328947,0.157895,0.105263,0.052632,4.500000,5.000000,3.000000,2.000000,4.000000
sub-3405c96d,0.350000,0.133333,0.133333,0.316667,0.066667,4.200000,2.666667,2.000000,4.750000,2.000000
sub-34458bb9,0.208791,0.197802,0.208791,0.274725,0.109890,3.800000,2.571429,3.800000,3.125000,2.500000
sub-34539ef6,0.205128,0.307692,0.115385,0.230769,0.141026,3.200000,4.000000,1.800000,2.571429,2.750000
sub-363fef83,0.084112,0.074766,0.317757,0.485981,0.037383,1.800000,1.600000,5.666667,6.500000,1.333333
sub-3948081f,0.337500,0.175000,0.200000,0.187500,0.100000,5.400000,3.500000,3.200000,3.750000,2.000000
sub-395cc66e,0.278689,0.163934,0.196721,0.229508,0.131148,2.833333,2.500000,2.000000,2.800000,4.000000
sub-39ec2b3a,0.279070,0.267442,0.197674,0.162791,0.093023,4.000000,4.600000,2.833333,4.666667,2.000000
sub-3a64891e,0.117647,0.137255,0.352941,0.294118,0.098039,2.000000,2.800000,5.142857,5.000000,2.500000
sub-3afc22be,0.400000,0.210526,0.105263,0.126316,0.157895,6.333333,2.857143,2.000000,2.400000,3.750000
sub-3c412bbf,0.272727,0.145455,0.218182,0.090909,0.272727,3.333333,2.666667,3.428571,2.500000,4.285714
sub-3c46c07f,0.085106,0.063830,0.404255,0.319149,0.127660,2.666667,1.500000,4.750000,4.285714,3.000000
sub-3e8e8f70,0.211268,0.169014,0.239437,0.295775,0.084507,3.750000,3.000000,2.833333,3.500000,2.000000
sub-3fa321e5,0.080645,0.096774,0.322581,0.112903,0.387097,1.666667,3.000000,3.333333,2.333333,4.800000
sub-3fdf00ec,0.194175,0.252427,0.174757,0.223301,0.155340,3.333333,3.714286,3.000000,2.875000,4.000000
sub-40a8af30,0.274194,0.322581,0.161290,0.225806,0.016129,2.833333,3.333333,2.000000,2.800000,1.000000
sub-40cd38aa,0.254902,0.205882,0.284314,0.215686,0.039216,3.250000,4.200000,2.900000,3.142857,1.000000
sub-4116e37f,0.372549,0.254902,0.196078,0.176471,0.000000,4.750000,3.250000,2.500000,2.250000,NaN
sub-41837856,0.070175,0.333333,0.333333,0.245614,0.017544,2.000000,3.800000,4.750000,2.800000,1.000000
sub-41c65311,0.259740,0.272727,0.233766,0.168831,0.064935,6.666667,3.000000,3.600000,2.166667,1.666667
sub-42be1b79,0.410714,0.339286,0.062500,0.098214,0.089286,7.666667,5.428571,3.500000,2.750000,2.500000
sub-42ff619b,0.142857,0.265306,0.183673,0.122449,0.285714,2.333333,2.600000,1.800000,1.500000,3.500000
sub-43687c63,0.103448,0.198276,0.318966,0.275862,0.103448,3.000000,4.600000,6.166667,6.400000,3.000000
sub-43e6771c,0.291667,0.333333,0.062500,0.156250,0.156250,4.000000,4.571429,2.000000,2.500000,3.000000
sub-4507f914,0.355932,0.381356,0.110169,0.059322,0.093220,4.666667,5.000000,2.166667,1.750000,1.375000
sub-459d2f41,0.036364,0.054545,0.327273,0.254545,0.327273,1.000000,1.500000,4.500000,2.800000,3.000000
sub-45bcc689,0.044776,0.149254,0.223881,0.268657,0.313433,1.000000,2.500000,2.500000,3.600000,4.200000
sub-45c1d1f7,0.296296,0.222222,0.129630,0.148148,0.203704,3.200000,3.000000,2.333333,2.000000,2.200000
sub-45d3f841,0.253165,0.151899,0.240506,0.316456,0.037975,2.857143,1.500000,2.375000,2.500000,1.500000
sub-477fa3ad,0.328947,0.289474,0.144737,0.065789,0.171053,5.000000,5.500000,3.666667,5.000000,3.250000
sub-481c79cc,0.108696,0.152174,0.217391,0.173913,0.347826,2.500000,3.500000,2.500000,4.000000,4.000000
sub-48aef4b5,0.268519,0.314815,0.166667,0.166667,0.083333,4.142857,4.857143,3.600000,2.571429,1.800000
sub-48b8b0e4,0.228571,0.271429,0.157143,0.228571,0.114286,4.000000,3.800000,3.666667,2.666667,2.666667
sub-4ac4cb0a,0.083333,0.154762,0.273810,0.309524,0.178571,1.750000,2.166667,3.285714,3.250000,3.000000
sub-4ac8cb38,0.159091,0.238636,0.193182,0.261364,0.147727,3.500000,3.000000,2.833333,3.833333,2.600000
sub-4b1369b2,0.252427,0.233010,0.174757,0.135922,0.203883,3.250000,3.428571,2.571429,4.666667,2.333333
sub-4cff45db,0.210526,0.289474,0.236842,0.184211,0.078947,3.200000,3.666667,3.600000,3.500000,2.000000
sub-4d7b20c6,0.363636,0.397727,0.034091,0.113636,0.090909,4.000000,5.000000,3.000000,1.428571,2.666667
sub-4ddbfa65,0.130435,0.152174,0.347826,0.326087,0.043478,2.000000,3.500000,3.200000,3.000000,1.000000
sub-4e349387,0.175000,0.275000,0.150000,0.200000,0.200000,7.000000,4.714286,3.000000,4.800000,3.428571
sub-4e6e7db0,0.103093,0.061856,0.360825,0.350515,0.123711,2.500000,2.000000,4.375000,5.666667,2.000000
sub-4fc822e3,0.125000,0.083333,0.354167,0.125000,0.312500,2.000000,4.000000,3.400000,2.000000,3.000000
sub-501a5ca8,0.230769,0.230769,0.096154,0.153846,0.288462,3.000000,4.000000,1.666667,2.000000,3.750000
sub-503252d4,0.148148,0.240741,0.314815,0.203704,0.092593,2.666667,4.333333,3.400000,3.666667,2.500000
sub-50537bb4,0.245283,0.245283,0.094340,0.188679,0.226415,2.600000,2.166667,1.250000,3.333333,3.000000
sub-50dcaf86,0.170732,0.146341,0.341463,0.341463,0.000000,2.333333,2.000000,4.666667,2.333333,NaN
sub-512e75ea,0.093333,0.066667,0.266667,0.426667,0.146667,1.750000,2.500000,4.000000,10.666667,2.750000
sub-52aa46c0,0.322034,0.220339,0.254237,0.135593,0.067797,3.800000,3.250000,2.142857,2.666667,1.333333
sub-53072377,0.060000,0.000000,0.480000,0.300000,0.160000,1.500000,NaN,4.800000,3.750000,2.000000
sub-554535d0,0.307692,0.188034,0.128205,0.188034,0.188034,4.500000,3.142857,2.142857,2.750000,5.500000
sub-565f562c,0.268293,0.268293,0.170732,0.170732,0.121951,2.750000,2.444444,2.800000,2.000000,1.666667
sub-56e0ac2b,0.388889,0.425926,0.018519,0.101852,0.064815,6.000000,6.571429,1.000000,2.750000,1.750000
sub-57c8968f,0.287671,0.246575,0.178082,0.150685,0.136986,5.250000,3.600000,3.250000,2.750000,1.666667
sub-583b83af,0.125000,0.075000,0.150000,0.325000,0.325000,1.666667,1.500000,2.000000,3.250000,2.600000
sub-585b8040,0.136364,0.238636,0.147727,0.125000,0.352273,3.000000,3.000000,2.600000,3.666667,5.166667
sub-5a17c30b,0.025000,0.075000,0.400000,0.400000,0.100000,1.000000,1.500000,4.000000,4.000000,4.000000
sub-5ac87eeb,0.250000,0.375000,0.091667,0.133333,0.150000,3.333333,9.000000,1.833333,2.666667,4.500000
sub-5bf7016d,0.226804,0.226804,0.226804,0.257732,0.061856,3.142857,3.666667,3.666667,5.000000,1.500000
sub-5c99d342,0.146789,0.192661,0.247706,0.247706,0.165138,3.200000,2.333333,3.375000,3.857143,4.500000
sub-5ca5829f,0.099099,0.162162,0.333333,0.342342,0.063063,2.200000,3.000000,4.625000,5.428571,3.500000
sub-5dd303b2,0.170213,0.021277,0.425532,0.085106,0.297872,1.600000,1.000000,4.000000,2.000000,2.800000
sub-5e1d9c42,0.243697,0.218487,0.134454,0.184874,0.218487,5.800000,4.333333,8.000000,3.666667,3.714286
sub-5e1f7ed3,0.398058,0.300971,0.097087,0.145631,0.058252,6.833333,7.750000,1.666667,7.500000,3.000000
sub-5e3c3afb,0.376000,0.424000,0.040000,0.088000,0.072000,11.750000,10.600000,1.666667,3.666667,2.250000
sub-5e9dcb61,0.304762,0.276190,0.219048,0.133333,0.066667,4.571429,4.142857,3.833333,2.333333,2.333333
sub-5f0402f7,0.256881,0.192661,0.302752,0.229358,0.018349,3.500000,2.625000,3.000000,3.125000,1.000000
sub-5f1d259b,0.222222,0.206349,0.349206,0.206349,0.015873,2.333333,2.600000,3.142857,2.166667,1.000000
sub-60e4dbc3,0.354839,0.282258,0.169355,0.129032,0.064516,7.333333,3.888889,3.000000,2.285714,4.000000
sub-6104407d,0.205479,0.150685,0.136986,0.328767,0.178082,3.750000,2.750000,2.500000,3.428571,2.166667
sub-61d78bb2,0.131148,0.016393,0.229508,0.262295,0.360656,4.000000,1.000000,4.666667,4.000000,5.500000
sub-61eac6f3,0.262626,0.232323,0.111111,0.292929,0.101010,4.333333,3.833333,2.750000,4.142857,2.000000
sub-691a4577,0.381818,0.345455,0.036364,0.072727,0.163636,5.250000,3.800000,1.000000,1.333333,3.000000
sub-6af6e0f1,0.181818,0.109091,0.272727,0.254545,0.181818,3.333333,3.000000,3.000000,4.666667,2.500000
sub-6b6e11f5,0.146341,0.097561,0.292683,0.317073,0.146341,3.000000,2.000000,4.000000,4.333333,3.000000
sub-6b998730,0.240741,0.111111,0.222222,0.277778,0.148148,3.250000,1.500000,2.400000,3.750000,1.600000
sub-6bc464da,0.114943,0.149425,0.229885,0.229885,0.275862,2.500000,2.600000,4.000000,4.000000,4.800000
sub-6bd58939,0.277778,0.236111,0.208333,0.138889,0.138889,2.857143,4.250000,2.500000,2.500000,1.666667
sub-6bdfd645,0.104167,0.229167,0.291667,0.312500,0.062500,2.500000,2.200000,2.800000,3.000000,1.500000
sub-6ce2c563,0.280000,0.300000,0.070000,0.090000,0.260000,4.666667,6.000000,2.333333,3.000000,3.714286
sub-6d1c00b7,0.320000,0.293333,0.106667,0.226667,0.053333,3.000000,4.400000,2.000000,2.428571,1.333333
sub-6d602a07,0.257576,0.227273,0.242424,0.121212,0.151515,5.666667,2.500000,4.000000,2.000000,2.500000
sub-6d6b950c,0.000000,0.037736,0.396226,0.396226,0.169811,NaN,2.000000,3.500000,4.200000,2.250000
sub-6db06aa3,0.112903,0.032258,0.290323,0.322581,0.241935,1.750000,1.000000,3.600000,4.000000,2.500000
sub-6fb0f8d7,0.103448,0.120690,0.310345,0.172414,0.293103,2.000000,2.333333,3.600000,2.000000,2.833333
sub-6fb39ec0,0.291667,0.283333,0.141667,0.233333,0.050000,5.833333,4.857143,2.833333,4.000000,2.000000
sub-7313c72c,0.367816,0.298851,0.080460,0.137931,0.114943,4.571429,3.714286,1.400000,2.400000,2.500000
sub-756d664c,0.309524,0.333333,0.142857,0.214286,0.000000,3.250000,2.800000,2.000000,2.250000,NaN
sub-75bb5553,0.272727,0.264463,0.231405,0.190083,0.041322,5.500000,4.571429,4.000000,4.600000,1.666667
sub-78ebedd2,0.292135,0.292135,0.168539,0.157303,0.089888,3.250000,3.714286,2.500000,2.800000,2.666667
sub-793cb691,0.060000,0.140000,0.420000,0.280000,0.100000,1.500000,1.750000,3.500000,2.800000,1.666667
sub-7aee16bc,0.336449,0.429907,0.065421,0.084112,0.084112,4.500000,4.600000,1.400000,1.500000,1.800000
sub-7b21550b,0.015625,0.015625,0.406250,0.328125,0.234375,1.000000,1.000000,5.200000,3.500000,5.000000
sub-7bb3c4d7,0.333333,0.308943,0.081301,0.081301,0.195122,5.857143,7.600000,2.500000,2.000000,4.000000
sub-7eea71d8,0.365385,0.298077,0.115385,0.057692,0.163462,4.750000,3.875000,2.400000,2.000000,3.400000
sub-8085a954,0.084507,0.140845,0.239437,0.140845,0.394366,2.000000,2.500000,3.400000,2.500000,5.600000
sub-818c4a36,0.202247,0.168539,0.146067,0.112360,0.370787,3.000000,2.500000,3.250000,2.500000,6.600000
sub-82746982,0.408696,0.382609,0.069565,0.026087,0.113043,5.222222,5.500000,1.600000,1.000000,2.166667
sub-82825229,0.263736,0.362637,0.186813,0.186813,0.000000,4.000000,6.600000,2.428571,5.666667,NaN
sub-83586c4d,0.047619,0.071429,0.357143,0.166667,0.357143,2.000000,1.000000,3.750000,2.333333,3.750000
sub-83db705c,0.268519,0.296296,0.148148,0.185185,0.101852,4.142857,5.333333,2.666667,4.000000,2.750000
sub-8566bafc,0.286885,0.311475,0.196721,0.204918,0.000000,5.000000,4.750000,2.666667,5.000000,NaN
sub-85e64ddb,0.166667,0.196078,0.264706,0.254902,0.117647,2.833333,5.000000,3.857143,2.600000,2.400000
sub-8654789d,0.202020,0.262626,0.202020,0.151515,0.181818,4.000000,3.250000,3.333333,2.500000,3.600000
sub-86be733a,0.298387,0.330645,0.145161,0.201613,0.024194,6.166667,6.833333,4.500000,4.166667,3.000000
sub-88925b80,0.340426,0.372340,0.127660,0.106383,0.053191,6.400000,5.833333,3.000000,2.000000,1.666667
sub-88dc1dcf,0.127273,0.254545,0.236364,0.145455,0.236364,2.333333,3.500000,2.166667,2.666667,3.250000
sub-8a8e58c7,0.300000,0.280000,0.020000,0.060000,0.340000,3.750000,3.500000,1.000000,1.500000,3.400000
sub-8b339985,0.128205,0.089744,0.243590,0.217949,0.320513,2.500000,1.750000,3.166667,4.250000,4.166667
sub-8c4e9db4,0.076271,0.076271,0.372881,0.338983,0.135593,1.500000,1.125000,6.285714,5.000000,2.285714
sub-8c9f12d7,0.200000,0.145455,0.127273,0.218182,0.309091,3.666667,4.000000,2.333333,2.400000,2.833333
sub-8dd8aae9,0.269231,0.278846,0.192308,0.163462,0.096154,3.500000,4.833333,4.000000,2.125000,2.000000
sub-8ed3da91,0.223214,0.214286,0.312500,0.053571,0.196429,4.166667,4.800000,5.833333,1.200000,3.666667
sub-8ef356b5,0.111111,0.200000,0.266667,0.266667,0.155556,1.250000,3.000000,3.000000,2.400000,2.333333
sub-8f4474ef,0.358491,0.339623,0.018868,0.075472,0.207547,6.333333,6.000000,1.000000,1.333333,3.666667
sub-91f6cb54,0.274194,0.129032,0.258065,0.258065,0.080645,3.400000,2.666667,2.666667,2.666667,2.500000
sub-93f05d08,0.316667,0.366667,0.166667,0.066667,0.083333,3.800000,3.666667,2.500000,2.000000,1.666667
sub-941fc5cd,0.096154,0.115385,0.269231,0.307692,0.211538,1.666667,2.000000,2.800000,2.666667,2.750000
sub-94785f0d,0.406780,0.355932,0.101695,0.050847,0.084746,4.800000,4.200000,1.500000,1.500000,1.666667
sub-9504cb5a,0.265306,0.173469,0.163265,0.224490,0.173469,3.250000,2.428571,2.000000,2.750000,3.400000
sub-96af5d3c,0.244898,0.408163,0.153061,0.102041,0.091837,3.000000,5.714286,7.500000,1.666667,2.250000
sub-97594e87,0.166667,0.027778,0.319444,0.180556,0.305556,2.400000,2.000000,4.600000,2.600000,3.666667
sub-976c58d9,0.210526,0.197368,0.223684,0.131579,0.236842,2.666667,3.000000,3.400000,2.500000,3.000000
sub-97910eaf,0.390244,0.325203,0.146341,0.121951,0.016260,6.857143,6.666667,2.571429,2.500000,2.000000
sub-97cf1a68,0.200000,0.217391,0.121739,0.191304,0.269565,3.285714,3.571429,2.000000,4.400000,4.428571
sub-985ef253,0.148649,0.067568,0.216216,0.405405,0.162162,2.750000,1.666667,2.666667,5.000000,3.000000
sub-98d3f087,0.283333,0.383333,0.041667,0.066667,0.225000,4.857143,7.666667,1.666667,1.600000,4.500000
sub-99b5018c,0.271429,0.228571,0.185714,0.314286,0.000000,3.800000,4.000000,3.250000,4.400000,NaN
sub-9aa5814f,0.047619,0.047619,0.309524,0.404762,0.190476,1.000000,1.000000,3.250000,4.250000,2.666667
sub-9acb1fd7,0.281250,0.166667,0.229167,0.187500,0.135417,4.500000,3.200000,3.142857,3.600000,2.166667
sub-9b2c8458,0.142857,0.224490,0.224490,0.224490,0.183673,1.750000,2.750000,3.666667,5.500000,2.250000
sub-9b74c8eb,0.314286,0.271429,0.171429,0.128571,0.114286,5.500000,4.750000,4.000000,2.250000,2.000000
sub-9b8257bc,0.168317,0.089109,0.356436,0.386139,0.000000,2.125000,2.250000,5.142857,4.875000,NaN
sub-9bcea9fc,0.259740,0.337662,0.155844,0.129870,0.116883,4.000000,3.250000,1.714286,2.000000,3.000000
sub-9c80ad67,0.236111,0.152778,0.222222,0.250000,0.138889,3.400000,2.750000,4.000000,3.000000,2.000000
sub-9d4ff737,0.265306,0.295918,0.193878,0.173469,0.071429,6.500000,4.142857,3.166667,2.125000,2.333333
sub-9db0a7f0,0.140496,0.190083,0.272727,0.057851,0.338843,4.250000,3.833333,4.125000,3.500000,4.100000
sub-9e24a8ff,0.343284,0.298507,0.044776,0.119403,0.194030,3.833333,2.857143,1.500000,2.000000,2.600000
sub-9e2b9c23,0.155340,0.097087,0.310680,0.281553,0.155340,2.285714,2.500000,5.333333,3.625000,5.333333
sub-9e34055d,0.195652,0.206522,0.119565,0.271739,0.206522,4.500000,2.714286,2.200000,3.571429,3.800000
sub-9e6499e6,0.322034,0.220339,0.169492,0.152542,0.135593,2.714286,3.250000,2.000000,1.800000,2.666667
sub-a1093cbb,0.068182,0.113636,0.386364,0.318182,0.113636,1.500000,2.500000,4.250000,3.500000,2.500000
sub-a129f7e8,0.178218,0.376238,0.178218,0.118812,0.148515,3.600000,3.800000,2.571429,2.000000,2.500000
sub-a1b767d5,0.078125,0.046875,0.281250,0.265625,0.328125,2.500000,1.500000,3.600000,4.250000,5.250000
sub-a21927f3,0.212121,0.136364,0.303030,0.333333,0.015152,2.333333,2.250000,4.000000,4.400000,1.000000
sub-a2944031,0.225000,0.158333,0.283333,0.200000,0.133333,4.500000,3.166667,5.666667,3.000000,2.285714
sub-a358a3a4,0.146667,0.226667,0.280000,0.306667,0.040000,2.200000,5.666667,4.200000,4.600000,1.500000
sub-a37de315,0.182796,0.075269,0.161290,0.279570,0.301075,3.400000,2.333333,2.500000,3.714286,4.666667
sub-a4dfe556,0.000000,0.102041,0.510204,0.285714,0.102041,NaN,1.666667,5.000000,2.800000,1.666667
sub-a68050b1,0.174603,0.269841,0.253968,0.269841,0.031746,3.666667,3.400000,4.000000,5.666667,1.000000
sub-a6845558,0.081633,0.244898,0.204082,0.183673,0.285714,2.000000,2.400000,2.500000,3.000000,3.500000
sub-a703404d,0.180851,0.180851,0.276596,0.138298,0.223404,3.400000,2.833333,4.333333,3.250000,3.000000
sub-a71c7da1,0.232000,0.264000,0.144000,0.248000,0.112000,3.222222,4.714286,2.571429,3.444444,2.000000
sub-a728fc66,0.224138,0.241379,0.137931,0.224138,0.172414,4.333333,2.333333,2.000000,2.600000,3.333333
sub-a7d28b7c,0.259259,0.209877,0.222222,0.271605,0.037037,3.000000,4.250000,2.571429,4.400000,1.500000
sub-a8082cd3,0.192982,0.140351,0.280702,0.263158,0.122807,2.750000,2.666667,4.000000,3.000000,1.400000
sub-aa8a3cb1,0.147541,0.262295,0.213115,0.196721,0.180328,4.500000,2.666667,2.600000,4.000000,2.750000
sub-aec865ff,0.280899,0.235955,0.202247,0.235955,0.044944,4.166667,4.200000,3.600000,4.200000,1.333333
sub-af240e16,0.240506,0.151899,0.113924,0.253165,0.240506,3.166667,4.000000,1.800000,4.000000,6.333333
sub-af7fa8b2,0.246377,0.318841,0.173913,0.130435,0.130435,2.833333,2.444444,2.000000,2.250000,1.500000
sub-aff59dff,0.288136,0.279661,0.067797,0.177966,0.186441,4.857143,4.714286,2.000000,2.625000,3.142857
sub-b012e893,0.217949,0.307692,0.179487,0.153846,0.141026,3.400000,4.000000,2.800000,4.000000,2.200000
sub-b2ac5f9e,0.084507,0.154930,0.380282,0.366197,0.014085,2.000000,3.666667,5.400000,3.714286,1.000000
sub-b317bcc8,0.300000,0.290000,0.050000,0.180000,0.180000,6.000000,4.833333,2.500000,3.000000,2.571429
sub-b3854719,0.250000,0.276786,0.142857,0.133929,0.196429,5.600000,5.166667,2.666667,3.750000,3.666667
sub-b3ae415f,0.356436,0.257426,0.079208,0.178218,0.128713,5.142857,4.333333,2.666667,2.250000,2.600000
sub-b481fb9d,0.174603,0.079365,0.285714,0.412698,0.047619,2.750000,2.500000,4.500000,4.333333,1.500000
sub-b76cf101,0.172414,0.172414,0.413793,0.241379,0.000000,2.500000,5.000000,4.000000,3.500000,NaN
sub-b79be773,0.126984,0.111111,0.238095,0.317460,0.206349,2.000000,2.333333,3.000000,2.857143,3.250000
sub-b84803bf,0.218750,0.234375,0.203125,0.234375,0.109375,3.500000,2.142857,2.600000,3.750000,2.333333
sub-b950b436,0.066667,0.022222,0.266667,0.266667,0.377778,1.000000,1.000000,4.000000,2.400000,4.250000
sub-b9667750,0.267442,0.267442,0.104651,0.220930,0.139535,3.833333,3.833333,3.000000,2.714286,2.400000
sub-b9f8cd4b,0.021277,0.000000,0.255319,0.361702,0.361702,1.000000,NaN,4.000000,3.400000,5.666667
sub-ba3277f2,0.398305,0.313559,0.101695,0.152542,0.033898,5.875000,5.285714,1.714286,3.600000,4.000000
sub-ba56b6ca,0.075000,0.250000,0.000000,0.325000,0.350000,1.500000,5.000000,NaN,4.333333,4.666667
sub-baf53535,0.219512,0.487805,0.000000,0.097561,0.195122,3.000000,6.666667,NaN,2.000000,2.000000
sub-bdf448af,0.235294,0.223529,0.211765,0.223529,0.105882,3.333333,2.714286,2.250000,3.166667,2.250000
sub-bf2215fd,0.295082,0.245902,0.262295,0.163934,0.032787,3.000000,3.000000,4.000000,2.500000,2.000000
sub-bf23e532,0.298701,0.233766,0.142857,0.272727,0.051948,2.875000,4.500000,2.750000,3.000000,2.000000
sub-bf8006d0,0.192308,0.173077,0.230769,0.192308,0.211538,5.000000,2.250000,3.000000,3.333333,5.500000
sub-bfd08f6e,0.371901,0.322314,0.099174,0.132231,0.074380,5.625000,5.571429,2.000000,2.666667,2.250000
sub-c1df6983,0.295455,0.477273,0.090909,0.022727,0.113636,2.600000,3.500000,1.333333,1.000000,1.666667
sub-c4852797,0.240741,0.231481,0.185185,0.287037,0.055556,5.200000,3.125000,5.000000,3.444444,2.000000
sub-c5361f39,0.218750,0.229167,0.281250,0.166667,0.104167,4.200000,3.142857,5.400000,2.285714,2.000000
sub-c6067bf1,0.212121,0.181818,0.272727,0.227273,0.106061,2.333333,2.400000,3.000000,3.000000,1.750000
sub-c8f57d40,0.000000,0.060000,0.420000,0.380000,0.140000,NaN,1.000000,4.200000,3.800000,2.333333
sub-cb0dc161,0.166667,0.157407,0.231481,0.120370,0.324074,3.600000,4.250000,6.250000,2.600000,4.375000
sub-cb5b6306,0.415730,0.348315,0.123596,0.067416,0.044944,5.285714,5.166667,2.750000,3.000000,1.000000
sub-cb923e06,0.153061,0.224490,0.275510,0.173469,0.173469,5.000000,3.142857,3.857143,4.250000,4.250000
sub-ce750484,0.284091,0.295455,0.215909,0.204545,0.000000,4.166667,3.250000,3.166667,2.571429,NaN
sub-ce7557cd,0.048780,0.000000,0.414634,0.243902,0.292683,2.000000,NaN,3.400000,3.333333,3.000000
sub-ce94d8e0,0.118421,0.197368,0.250000,0.276316,0.157895,3.000000,3.000000,3.800000,3.500000,2.400000
sub-cf96c936,0.148148,0.203704,0.268519,0.166667,0.212963,2.285714,3.142857,7.250000,3.000000,4.600000
sub-d04b3811,0.212389,0.132743,0.194690,0.292035,0.168142,4.000000,3.000000,3.142857,4.714286,2.375000
sub-d0ccda46,0.257143,0.304762,0.200000,0.104762,0.133333,3.375000,4.571429,3.500000,1.833333,2.333333
sub-d1d5df0d,0.294118,0.382353,0.176471,0.127451,0.019608,3.333333,4.875000,2.571429,2.600000,1.000000
sub-d2205a7c,0.346154,0.294872,0.166667,0.064103,0.128205,6.750000,4.600000,2.166667,1.666667,5.000000
sub-d2ad3f86,0.250000,0.308824,0.294118,0.147059,0.000000,3.400000,3.500000,5.000000,2.500000,NaN
sub-d2c47f13,0.256881,0.201835,0.146789,0.082569,0.311927,4.666667,5.500000,4.000000,2.250000,4.250000
sub-d35069ed,0.247706,0.321101,0.165138,0.100917,0.165138,3.857143,5.000000,2.000000,2.750000,2.000000
sub-d3dbca3b,0.094118,0.164706,0.270588,0.247059,0.223529,2.666667,3.500000,4.600000,3.500000,4.750000
sub-d54a444e,0.142857,0.178571,0.357143,0.267857,0.053571,1.333333,2.500000,2.857143,2.500000,1.500000
sub-d7e0b542,0.112903,0.161290,0.338710,0.338710,0.048387,3.500000,3.333333,4.200000,4.200000,1.500000
sub-d7ec9ae3,0.322581,0.241935,0.209677,0.096774,0.129032,5.000000,3.750000,4.333333,3.000000,4.000000
sub-d86c6aeb,0.148649,0.189189,0.297297,0.243243,0.121622,3.666667,4.666667,4.400000,3.000000,2.250000
sub-d8ab4fef,0.166667,0.047619,0.380952,0.404762,0.000000,3.500000,1.000000,5.333333,4.250000,NaN
sub-d8e8d03c,0.321839,0.321839,0.160920,0.195402,0.000000,4.666667,7.000000,4.666667,3.400000,NaN
sub-d9505f7f,0.215517,0.172414,0.198276,0.181034,0.232759,4.166667,5.000000,3.833333,2.625000,3.857143
sub-d9574447,0.086957,0.130435,0.275362,0.130435,0.376812,2.000000,1.800000,3.166667,1.800000,4.333333
sub-d9630463,0.156250,0.281250,0.218750,0.312500,0.031250,3.000000,5.400000,3.500000,3.750000,1.500000
sub-d9a7dde8,0.096774,0.112903,0.419355,0.306452,0.064516,3.000000,1.750000,5.200000,3.800000,2.000000
sub-da14debe,0.095238,0.178571,0.273810,0.261905,0.190476,2.666667,3.000000,4.600000,3.666667,3.200000
sub-db1f60e2,0.361111,0.222222,0.152778,0.069444,0.194444,5.200000,4.000000,2.200000,1.250000,2.800000
sub-dc7bd768,0.176471,0.156863,0.205882,0.245098,0.215686,3.600000,2.285714,3.500000,3.125000,3.142857
sub-dc7df6e2,0.117647,0.078431,0.372549,0.254902,0.176471,1.500000,1.333333,3.800000,2.600000,2.250000
sub-dcdce7a1,0.336634,0.306931,0.118812,0.079208,0.158416,4.857143,3.875000,2.400000,2.000000,3.200000
sub-dcfb2aef,0.104167,0.208333,0.291667,0.208333,0.187500,2.500000,5.000000,3.500000,3.333333,3.000000
sub-dd72baf9,0.414634,0.256098,0.073171,0.024390,0.231707,6.800000,4.200000,2.000000,1.000000,3.800000
sub-de0c6ad8,0.256881,0.266055,0.238532,0.201835,0.036697,4.000000,3.625000,2.888889,3.666667,2.000000
sub-de6898bc,0.272727,0.309091,0.190909,0.181818,0.045455,3.750000,5.666667,3.500000,4.000000,2.500000
sub-dea6252e,0.235294,0.235294,0.294118,0.196078,0.039216,4.000000,3.000000,3.750000,2.500000,2.000000
sub-df2ff0b3,0.264151,0.339623,0.264151,0.132075,0.000000,3.500000,3.000000,2.800000,2.333333,NaN
sub-e0c64703,0.135802,0.234568,0.160494,0.185185,0.283951,2.750000,3.800000,4.333333,3.750000,3.285714
sub-e12930ab,0.272727,0.218182,0.236364,0.200000,0.072727,3.750000,2.400000,3.250000,2.200000,2.000000
sub-e1a4f26e,0.333333,0.269231,0.115385,0.141026,0.141026,5.200000,4.200000,2.250000,5.500000,1.833333
sub-e258c30d,0.170940,0.136752,0.222222,0.051282,0.418803,3.333333,2.666667,3.250000,2.000000,6.125000
sub-e2fb4a5a,0.333333,0.362319,0.028986,0.000000,0.275362,3.833333,6.250000,2.000000,NaN,3.166667
sub-e36a4396,0.346939,0.306122,0.040816,0.102041,0.204082,3.400000,3.000000,1.000000,2.500000,3.333333
sub-e544a53d,0.324324,0.337838,0.135135,0.162162,0.040541,4.800000,6.250000,3.333333,2.400000,1.500000
sub-e5da608f,0.121622,0.202703,0.135135,0.216216,0.324324,1.800000,3.000000,2.000000,4.000000,2.400000
sub-e5f9f075,0.047619,0.000000,0.380952,0.380952,0.190476,2.000000,NaN,4.000000,4.000000,2.666667
sub-e6aba9d4,0.359223,0.368932,0.135922,0.106796,0.029126,5.285714,5.428571,4.666667,2.200000,3.000000
sub-e7b4fad4,0.233333,0.233333,0.233333,0.250000,0.050000,3.500000,2.333333,2.800000,3.000000,1.500000
sub-e895d5bf,0.327869,0.311475,0.098361,0.040984,0.221311,4.444444,5.428571,2.000000,1.250000,5.400000
sub-e8af6dbf,0.179104,0.253731,0.059701,0.179104,0.328358,2.000000,3.400000,1.333333,2.400000,3.666667
sub-e95bef08,0.000000,0.095238,0.301587,0.174603,0.428571,NaN,2.000000,3.166667,3.666667,5.400000
sub-ea3e0167,0.446154,0.307692,0.184615,0.061538,0.000000,5.800000,6.666667,3.000000,4.000000,NaN
sub-ed6c93d2,0.400000,0.350000,0.150000,0.100000,0.000000,5.333333,7.000000,3.000000,1.333333,NaN
sub-edbb53c9,0.210526,0.192982,0.245614,0.263158,0.087719,3.000000,2.750000,3.500000,2.500000,2.500000
sub-ee2d0fae,0.311828,0.365591,0.139785,0.086022,0.096774,7.250000,4.250000,2.600000,1.600000,1.800000
sub-eeb93250,0.333333,0.279570,0.139785,0.172043,0.075269,6.200000,5.200000,4.333333,4.000000,2.333333
sub-ef333648,0.191011,0.202247,0.235955,0.146067,0.224719,3.400000,3.000000,5.250000,2.600000,6.666667
sub-ef47e1cb,0.247934,0.231405,0.132231,0.132231,0.256198,4.285714,4.666667,3.200000,4.000000,4.428571
sub-f3bec2c7,0.025000,0.100000,0.350000,0.450000,0.075000,1.000000,1.333333,3.500000,4.500000,1.500000
sub-f4267489,0.142857,0.204082,0.346939,0.204082,0.102041,2.333333,3.333333,3.400000,3.333333,2.500000
sub-f4642509,0.406593,0.307692,0.076923,0.076923,0.131868,4.111111,4.666667,2.333333,1.400000,3.000000
sub-f4a570be,0.170732,0.243902,0.317073,0.170732,0.097561,1.750000,2.000000,2.600000,2.333333,2.000000
sub-f534211d,0.116279,0.116279,0.395349,0.069767,0.302326,5.000000,1.666667,4.250000,3.000000,4.333333
sub-f5aecd0c,0.096386,0.060241,0.325301,0.361446,0.156627,2.666667,1.250000,4.500000,6.000000,2.166667
sub-f7bf68ad,0.278351,0.226804,0.103093,0.164948,0.226804,4.500000,3.666667,3.333333,2.666667,3.142857
sub-f88f48fa,0.106383,0.127660,0.170213,0.191489,0.404255,1.250000,3.000000,2.000000,3.000000,3.166667
sub-f988b984,0.314815,0.351852,0.111111,0.055556,0.166667,6.800000,6.333333,3.000000,1.500000,3.000000
sub-f989ab12,0.239130,0.282609,0.326087,0.152174,0.000000,3.666667,2.600000,5.000000,3.500000,NaN
sub-f99c3394,0.160920,0.091954,0.206897,0.195402,0.344828,2.000000,2.666667,3.600000,2.833333,6.000000
sub-f99df42a,0.270492,0.245902,0.163934,0.090164,0.229508,6.600000,5.000000,4.000000,2.200000,7.000000
sub-fc143608,0.285714,0.342857,0.171429,0.171429,0.028571,4.285714,5.142857,2.571429,3.600000,1.000000
sub-fcf62c5e,0.371429,0.390476,0.085714,0.114286,0.038095,5.571429,5.857143,2.250000,2.000000,1.333333
sub-fec1d802,0.337079,0.292135,0.179775,0.157303,0.033708,5.000000,5.200000,5.333333,2.800000,3.000000
sub-fec6b3b3,0.062500,0.020833,0.458333,0.125000,0.333333,1.500000,1.000000,4.400000,2.000000,4.000000
sub-ff1e1209,0.078431,0.019608,0.294118,0.176471,0.431373,1.000000,1.000000,3.750000,2.250000,4.400000
sub-ff2be107,0.268908,0.243697,0.184874,0.151261,0.151261,6.400000,3.625000,3.142857,3.600000,4.500000
