ID,fracocc_1,fracocc_2,fracocc_3,fracocc_4,fracocc_5,dwell_1,dwell_2,dwell_3,dwell_4,dwell_5
sub-002144a4,0.348837,0.418605,0.093023,0.023256,0.116279,5.000000,4.500000,1.333333,1.000000,2.500000
sub-01f9b016,0.195122,0.243902,0.195122,0.243902,0.121951,3.200000,2.500000,2.666667,2.500000,3.333333
sub-027054b4,0.311688,0.272727,0.207792,0.051948,0.155844,3.000000,2.333333,2.285714,2.000000,1.714286
sub-043cc212,0.116667,0.233333,0.266667,0.150000,0.233333,1.400000,2.000000,2.285714,1.500000,2.000000
sub-04d04ea4,0.250000,0.229167,0.187500,0.208333,0.125000,2.000000,2.200000,2.250000,2.500000,2.000000
sub-04ea294f,0.274194,0.274194,0.096774,0.209677,0.145161,2.428571,2.125000,1.200000,2.600000,1.500000
sub-05a3dcd8,0.239130,0.195652,0.184783,0.217391,0.163043,3.142857,2.571429,2.428571,3.333333,2.142857
sub-05e2a0c1,0.295082,0.311475,0.163934,0.131148,0.098361,3.600000,3.166667,2.000000,1.333333,1.200000
sub-06049101,0.293103,0.293103,0.129310,0.086207,0.198276,2.833333,3.090909,1.875000,1.666667,1.916667
sub-06247dd4,0.170732,0.414634,0.121951,0.048780,0.243902,2.333333,2.833333,1.666667,2.000000,1.666667
sub-067ed1e5,0.234043,0.212766,0.212766,0.148936,0.191489,2.200000,2.000000,1.666667,2.333333,1.800000
sub-0690e761,0.140187,0.121495,0.252336,0.289720,0.196262,2.500000,1.625000,2.454545,2.583333,2.333333
sub-0702da0a,0.234234,0.216216,0.189189,0.207207,0.153153,2.363636,2.181818,1.909091,1.769231,1.416667
sub-07639182,0.365854,0.292683,0.048780,0.048780,0.243902,2.500000,2.400000,1.000000,1.000000,2.000000
sub-07bb0c3d,0.256410,0.256410,0.179487,0.179487,0.128205,2.222222,2.857143,1.750000,1.555556,1.666667
sub-07f81fd1,0.398148,0.296296,0.083333,0.101852,0.120370,4.777778,3.200000,1.500000,2.200000,1.857143
sub-082bf2e9,0.177215,0.215190,0.278481,0.164557,0.164557,2.333333,2.428571,2.750000,2.600000,1.857143
sub-0843ac34,0.159420,0.202899,0.231884,0.144928,0.260870,2.200000,2.000000,1.777778,1.428571,2.000000
sub-0861ebb9,0.264957,0.230769,0.205128,0.085470,0.213675,4.428571,3.375000,3.428571,1.666667,3.571429
sub-0905f56e,0.230088,0.247788,0.168142,0.185841,0.168142,2.363636,3.500000,2.111111,3.500000,2.375000
sub-09ab4ffe,0.328767,0.342466,0.150685,0.082192,0.095890,3.428571,3.125000,2.200000,1.200000,1.400000
sub-09b2bd27,0.263889,0.305556,0.194444,0.166667,0.069444,2.375000,2.444444,1.272727,1.714286,2.500000
sub-0a01b9d9,0.247706,0.183486,0.238532,0.119266,0.211009,2.700000,2.222222,3.250000,1.857143,1.916667
sub-0a588feb,0.210526,0.280702,0.175439,0.210526,0.122807,2.400000,5.333333,2.500000,2.000000,1.400000
sub-0a6b75dd,0.116279,0.116279,0.069767,0.325581,0.372093,5.000000,1.666667,1.500000,2.800000,3.200000
sub-0a6d3b93,0.174757,0.262136,0.252427,0.145631,0.165049,2.571429,2.700000,2.363636,1.666667,1.416667
sub-0c8924f1,0.173913,0.239130,0.195652,0.195652,0.195652,2.000000,2.200000,3.000000,2.250000,1.500000
sub-0cb28382,0.241667,0.208333,0.158333,0.175000,0.216667,2.900000,2.272727,1.900000,1.909091,2.000000
sub-0d76c045,0.207317,0.170732,0.243902,0.146341,0.231707,2.125000,1.750000,2.222222,2.000000,2.714286
sub-0d8c474d,0.229167,0.166667,0.218750,0.197917,0.187500,2.200000,1.777778,2.333333,2.375000,2.000000
sub-0e38a13d,0.187500,0.229167,0.260417,0.145833,0.177083,2.250000,2.444444,3.125000,1.750000,2.428571
sub-0ece6939,0.200000,0.305263,0.210526,0.063158,0.221053,1.900000,2.636364,1.818182,1.500000,2.100000
sub-0eeacdcc,0.279070,0.255814,0.162791,0.093023,0.209302,2.000000,2.200000,2.333333,1.333333,2.250000
sub-0fd33fbd,0.245283,0.235849,0.216981,0.141509,0.160377,2.363636,1.923077,1.916667,3.000000,1.700000
sub-100ae6a8,0.346774,0.298387,0.169355,0.096774,0.088710,3.071429,3.083333,2.100000,1.333333,1.833333
sub-102dbf16,0.255814,0.232558,0.232558,0.209302,0.069767,2.200000,1.666667,1.666667,1.285714,1.500000
sub-10cc8e1a,0.256881,0.229358,0.220183,0.155963,0.137615,2.333333,2.272727,1.714286,1.888889,1.666667
sub-10ef2d14,0.326733,0.247525,0.207921,0.118812,0.099010,3.666667,2.777778,2.625000,2.000000,1.666667
sub-111c7d70,0.264463,0.256198,0.165289,0.140496,0.173554,2.666667,3.875000,2.000000,2.833333,2.333333
sub-11ac5d6f,0.326923,0.269231,0.115385,0.076923,0.211538,2.428571,2.333333,1.200000,1.000000,2.750000
sub-11c2856c,0.205607,0.186916,0.224299,0.121495,0.261682,2.444444,2.500000,2.400000,1.857143,2.333333
sub-11d0f29c,0.350877,0.192982,0.087719,0.263158,0.105263,3.333333,1.833333,1.250000,2.500000,1.500000
sub-1312d0ff,0.270492,0.295082,0.163934,0.122951,0.147541,3.000000,4.000000,2.222222,1.875000,2.571429
sub-1320dd84,0.194444,0.194444,0.166667,0.263889,0.180556,1.750000,2.000000,1.333333,2.375000,1.857143
sub-1332af4c,0.166667,0.166667,0.266667,0.116667,0.283333,2.000000,2.000000,2.000000,1.750000,1.888889
sub-15a4b244,0.233766,0.168831,0.194805,0.233766,0.168831,2.571429,2.166667,2.142857,2.000000,2.166667
sub-163d7ed3,0.135593,0.186441,0.152542,0.254237,0.271186,1.600000,1.571429,1.800000,2.142857,2.000000
sub-16433f95,0.268817,0.172043,0.182796,0.204301,0.172043,2.272727,1.454545,2.428571,1.900000,2.285714
sub-16aa832a,0.145833,0.145833,0.208333,0.208333,0.291667,2.333333,2.333333,1.666667,2.000000,2.333333
sub-17a0e410,0.343137,0.254902,0.156863,0.186275,0.058824,3.181818,2.363636,2.000000,2.375000,1.500000
sub-17a748b7,0.238095,0.297619,0.250000,0.059524,0.154762,2.857143,2.500000,3.000000,1.666667,2.166667
sub-17d6eab1,0.217391,0.304348,0.260870,0.086957,0.130435,2.500000,2.800000,2.400000,1.333333,1.500000
sub-189c4ed9,0.298701,0.324675,0.116883,0.090909,0.168831,2.875000,2.272727,1.125000,1.400000,1.857143
sub-18ebfa2a,0.268657,0.253731,0.149254,0.134328,0.194030,2.571429,2.428571,1.428571,1.800000,2.600000
sub-199064eb,0.047619,0.079365,0.285714,0.380952,0.206349,3.000000,1.250000,2.250000,3.428571,2.166667
sub-1a220630,0.254902,0.294118,0.215686,0.068627,0.166667,3.250000,3.333333,2.444444,1.750000,2.428571
sub-1a220b08,0.283333,0.316667,0.116667,0.133333,0.150000,3.400000,2.533333,1.555556,2.000000,1.800000
sub-1a554710,0.260870,0.239130,0.260870,0.065217,0.173913,2.400000,2.750000,3.000000,1.500000,2.000000
sub-1ab48098,0.209302,0.186047,0.232558,0.139535,0.232558,1.800000,1.600000,1.428571,3.000000,2.500000
sub-1abb75bb,0.158879,0.205607,0.271028,0.205607,0.158879,1.888889,2.444444,2.230769,2.200000,2.125000
sub-1ad3126c,0.247619,0.304762,0.104762,0.219048,0.123810,3.714286,3.555556,1.833333,2.875000,1.857143
sub-1b04c4e8,0.276786,0.276786,0.178571,0.133929,0.133929,3.444444,4.428571,2.857143,2.142857,1.666667
sub-1b158b53,0.300000,0.350000,0.100000,0.060000,0.190000,3.750000,3.500000,2.000000,1.500000,2.111111
sub-1b26a3a7,0.344828,0.172414,0.172414,0.172414,0.137931,2.857143,1.666667,1.666667,2.000000,1.600000
sub-1b3249e3,0.314286,0.228571,0.190476,0.209524,0.057143,3.000000,2.000000,2.500000,2.000000,1.200000
sub-1b4d987d,0.294872,0.307692,0.153846,0.141026,0.102564,2.555556,2.666667,2.400000,1.222222,1.333333
sub-1ba70ca4,0.181818,0.163636,0.254545,0.290909,0.109091,2.000000,2.250000,2.800000,2.666667,1.200000
sub-1df8b621,0.246914,0.172840,0.172840,0.185185,0.222222,2.000000,1.750000,1.750000,2.500000,3.000000
sub-1f1c771a,0.338235,0.279412,0.176471,0.147059,0.058824,2.090909,2.714286,2.000000,1.666667,1.333333
sub-1f3aff89,0.388889,0.296296,0.185185,0.111111,0.018519,3.500000,2.666667,2.000000,1.200000,1.000000
sub-200e44cf,0.272727,0.311688,0.142857,0.142857,0.129870,2.100000,3.428571,1.833333,1.375000,1.666667
sub-2063f677,0.172840,0.234568,0.283951,0.197531,0.111111,2.000000,1.727273,2.300000,2.285714,1.800000
sub-209adc63,0.157895,0.210526,0.273684,0.273684,0.084211,2.500000,2.222222,2.600000,3.250000,1.600000
sub-20f2c2dc,0.157143,0.242857,0.200000,0.228571,0.171429,1.833333,2.125000,2.800000,2.000000,1.500000
sub-22521d13,0.243902,0.073171,0.097561,0.414634,0.170732,2.500000,1.500000,2.000000,3.400000,2.333333
sub-242e6201,0.268041,0.226804,0.216495,0.185567,0.103093,2.363636,2.444444,2.333333,1.800000,1.428571
sub-28b7fb5c,0.164835,0.208791,0.142857,0.296703,0.186813,2.500000,2.714286,1.625000,2.250000,1.700000
sub-28cb3ca5,0.071429,0.261905,0.285714,0.023810,0.357143,1.000000,1.571429,1.714286,1.000000,2.500000
sub-29113867,0.220339,0.237288,0.203390,0.144068,0.194915,2.600000,2.000000,1.846154,1.700000,2.300000
sub-2ad31d26,0.345455,0.263636,0.172727,0.127273,0.090909,2.533333,2.636364,2.714286,1.555556,1.428571
sub-2b0871d6,0.330579,0.305785,0.132231,0.132231,0.099174,5.000000,3.363636,2.285714,1.777778,2.000000
sub-2b2a6376,0.225000,0.150000,0.225000,0.150000,0.250000,2.250000,2.000000,2.250000,3.000000,1.666667
sub-2bc4d8d2,0.132075,0.056604,0.132075,0.264151,0.415094,3.500000,1.000000,1.166667,2.800000,2.750000
sub-2ca07b08,0.222222,0.231481,0.175926,0.203704,0.166667,2.181818,2.777778,1.583333,2.444444,2.250000
sub-2d4a2c97,0.178218,0.158416,0.267327,0.257426,0.138614,1.636364,1.600000,2.700000,2.600000,1.750000
sub-2dee6861,0.256198,0.231405,0.181818,0.157025,0.173554,2.818182,2.800000,1.833333,1.727273,1.750000
sub-2e76170f,0.102564,0.153846,0.324786,0.170940,0.247863,1.333333,1.500000,2.923077,1.818182,2.636364
sub-2e86e2e1,0.310345,0.284483,0.198276,0.103448,0.103448,2.769231,2.200000,2.090909,1.500000,1.714286
sub-300b9a4e,0.270270,0.283784,0.175676,0.175676,0.094595,2.500000,2.625000,2.166667,2.166667,2.333333
sub-322b1968,0.196078,0.156863,0.254902,0.078431,0.313725,1.666667,2.666667,2.600000,1.333333,2.285714
sub-32ba90c6,0.160000,0.230000,0.210000,0.250000,0.150000,1.777778,2.090909,2.333333,2.083333,1.153846
sub-336c6a14,0.300000,0.300000,0.150000,0.100000,0.150000,2.400000,2.000000,1.500000,2.000000,1.200000
sub-3460267b,0.255319,0.255319,0.212766,0.180851,0.095745,2.400000,2.181818,1.818182,2.125000,1.285714
sub-3550eb0f,0.318182,0.345455,0.109091,0.109091,0.118182,2.692308,3.166667,1.714286,1.714286,1.300000
sub-35bbf385,0.254386,0.210526,0.175439,0.131579,0.228070,2.416667,4.000000,2.857143,2.142857,3.250000
sub-3640fe52,0.285714,0.224490,0.234694,0.153061,0.102041,2.545455,1.833333,2.300000,1.666667,1.666667
sub-36519dd0,0.260870,0.304348,0.147826,0.173913,0.113043,2.727273,4.375000,2.428571,2.857143,1.857143
sub-37165862,0.214286,0.357143,0.214286,0.166667,0.047619,2.250000,2.500000,2.250000,1.400000,1.000000
sub-3848b58d,0.244444,0.200000,0.200000,0.111111,0.244444,1.833333,1.500000,2.250000,1.250000,1.833333
sub-38c5639c,0.225806,0.177419,0.274194,0.129032,0.193548,1.750000,1.571429,2.125000,1.600000,2.000000
sub-38f314cd,0.214286,0.190476,0.226190,0.190476,0.178571,2.000000,1.777778,2.375000,1.600000,1.666667
sub-39673a69,0.269565,0.286957,0.156522,0.069565,0.217391,2.583333,3.000000,2.000000,1.333333,2.272727
sub-3994de59,0.360656,0.262295,0.147541,0.049180,0.180328,2.444444,1.777778,1.800000,1.500000,1.375000
sub-3a0daaaf,0.394737,0.245614,0.122807,0.087719,0.149123,4.090909,2.800000,1.750000,1.428571,1.545455
sub-3a2dfb74,0.366071,0.401786,0.062500,0.089286,0.080357,3.416667,4.500000,1.750000,1.428571,1.800000
sub-3a78a22f,0.283019,0.226415,0.188679,0.207547,0.094340,2.500000,2.000000,2.000000,2.200000,1.666667
sub-3b3bd955,0.363636,0.272727,0.204545,0.090909,0.068182,2.666667,2.400000,2.250000,2.000000,1.500000
sub-3cfbfc02,0.232558,0.209302,0.162791,0.069767,0.325581,1.666667,2.250000,1.750000,1.500000,2.333333
sub-3d028654,0.285714,0.342857,0.100000,0.142857,0.128571,2.500000,3.428571,1.166667,1.428571,1.500000
sub-3d210a9b,0.305556,0.268519,0.203704,0.148148,0.074074,3.000000,2.900000,2.444444,1.600000,2.000000
sub-3eb8d3bf,0.146341,0.097561,0.219512,0.243902,0.292683,2.000000,1.333333,1.800000,1.666667,3.000000
sub-40293e84,0.450980,0.333333,0.058824,0.000000,0.156863,3.833333,2.428571,1.500000,NaN,1.600000
sub-4032cf6b,0.303030,0.257576,0.121212,0.136364,0.181818,2.500000,2.428571,1.600000,2.250000,1.333333
sub-40f47868,0.342857,0.276190,0.142857,0.114286,0.123810,4.500000,2.416667,2.500000,2.400000,2.166667
sub-41220b0b,0.188406,0.246377,0.217391,0.217391,0.130435,2.166667,2.833333,2.142857,2.142857,1.800000
sub-41370528,0.345455,0.290909,0.081818,0.118182,0.163636,3.454545,2.666667,1.500000,1.625000,2.571429
sub-417434b4,0.253968,0.206349,0.190476,0.142857,0.206349,2.285714,2.166667,1.714286,1.800000,2.166667
sub-41856e5d,0.200000,0.178947,0.178947,0.221053,0.221053,2.111111,2.125000,2.125000,1.750000,2.625000
sub-41c3d142,0.340909,0.295455,0.125000,0.136364,0.102273,3.333333,3.250000,1.833333,2.400000,1.800000
sub-41fbc0f3,0.354430,0.405063,0.113924,0.050633,0.075949,3.111111,3.200000,1.800000,1.000000,1.200000
sub-4334c34a,0.272727,0.227273,0.281818,0.154545,0.063636,3.750000,3.125000,3.100000,1.888889,1.166667
sub-437761bd,0.462963,0.388889,0.037037,0.055556,0.055556,3.571429,3.500000,2.000000,1.000000,1.000000
sub-43ebfbbb,0.346535,0.267327,0.198020,0.029703,0.158416,2.916667,2.700000,2.222222,1.000000,2.000000
sub-445369ee,0.279070,0.290698,0.209302,0.081395,0.139535,2.400000,3.125000,2.250000,1.400000,1.500000
sub-4515049b,0.103448,0.051724,0.379310,0.310345,0.155172,3.000000,1.500000,4.400000,3.000000,2.250000
sub-451edb82,0.395833,0.375000,0.104167,0.000000,0.125000,3.800000,2.571429,1.250000,NaN,1.500000
sub-45963cd9,0.344538,0.352941,0.126050,0.100840,0.075630,3.727273,3.500000,1.875000,2.000000,1.285714
sub-46c94944,0.289855,0.202899,0.231884,0.173913,0.101449,2.500000,1.750000,2.285714,2.000000,1.166667
sub-4705928b,0.108696,0.152174,0.217391,0.239130,0.282609,1.666667,1.400000,2.500000,1.833333,2.166667
sub-47b5cd5d,0.325000,0.300000,0.025000,0.175000,0.175000,3.250000,3.000000,1.000000,1.400000,2.333333
sub-47ff0b5d,0.127273,0.145455,0.254545,0.200000,0.272727,1.750000,1.333333,2.333333,1.833333,1.875000
sub-48301435,0.274194,0.338710,0.161290,0.088710,0.137097,3.777778,3.230769,2.000000,1.833333,2.125000
sub-4892df67,0.236559,0.311828,0.139785,0.182796,0.129032,2.444444,2.636364,2.166667,2.428571,1.714286
sub-48f34a50,0.255814,0.220930,0.151163,0.174419,0.197674,2.200000,2.111111,1.857143,2.142857,1.888889
sub-490a5440,0.078431,0.117647,0.176471,0.215686,0.411765,1.333333,2.000000,1.800000,2.750000,3.000000
sub-4a3363b4,0.262626,0.343434,0.151515,0.121212,0.121212,3.250000,2.833333,1.666667,2.400000,1.714286
sub-4baf4e00,0.425000,0.425000,0.000000,0.075000,0.075000,3.400000,3.400000,NaN,1.500000,1.000000
sub-4bfc7483,0.180000,0.210000,0.270000,0.180000,0.160000,2.250000,2.100000,3.000000,2.571429,1.600000
sub-4c9e5f08,0.223214,0.232143,0.223214,0.196429,0.125000,2.272727,2.888889,2.083333,3.142857,2.000000
sub-4ce20477,0.285714,0.224490,0.244898,0.122449,0.122449,2.333333,2.200000,2.400000,1.500000,2.000000
sub-4d3ebb1f,0.192982,0.245614,0.192982,0.175439,0.192982,1.833333,2.333333,1.833333,2.500000,2.200000
sub-4d7de89b,0.021739,0.043478,0.347826,0.217391,0.369565,1.000000,1.000000,3.200000,1.666667,2.833333
sub-4d82789f,0.208696,0.234783,0.208696,0.208696,0.139130,2.666667,2.700000,2.000000,2.400000,1.454545
sub-4e66fd00,0.172043,0.290323,0.215054,0.236559,0.086022,2.000000,2.700000,2.222222,3.142857,1.142857
sub-4eb39e66,0.138614,0.128713,0.316832,0.237624,0.178218,2.800000,1.857143,4.000000,3.000000,2.000000
sub-4ee3bec8,0.196429,0.071429,0.160714,0.250000,0.321429,2.750000,1.333333,2.250000,2.333333,2.571429
sub-4fe3efa8,0.208333,0.208333,0.180556,0.138889,0.263889,1.875000,1.875000,1.444444,1.666667,1.900000
sub-503a9485,0.208333,0.291667,0.187500,0.145833,0.166667,2.500000,2.800000,2.250000,1.400000,2.000000
sub-51d4527b,0.320000,0.270000,0.180000,0.120000,0.110000,5.333333,2.454545,2.250000,2.000000,1.222222
sub-536444bd,0.125000,0.071429,0.285714,0.160714,0.357143,1.750000,1.333333,2.666667,1.800000,2.500000
sub-539c0a2c,0.142857,0.178571,0.303571,0.125000,0.250000,1.600000,1.666667,2.428571,1.750000,2.000000
sub-53ca96bd,0.095238,0.047619,0.285714,0.166667,0.404762,2.000000,2.000000,2.400000,1.750000,2.833333
sub-53ebe38a,0.225000,0.425000,0.150000,0.025000,0.175000,1.800000,2.428571,1.500000,1.000000,2.333333
sub-546b5793,0.300000,0.300000,0.128571,0.085714,0.185714,2.625000,3.500000,1.500000,1.500000,2.166667
sub-5487a0a4,0.000000,0.000000,0.173077,0.326923,0.500000,NaN,NaN,1.800000,2.428571,3.250000
sub-557edca4,0.179487,0.217949,0.217949,0.282051,0.102564,2.800000,2.125000,2.125000,2.750000,2.000000
sub-572ae124,0.188525,0.172131,0.254098,0.204918,0.180328,2.555556,2.333333,3.875000,2.777778,2.200000
sub-57799fa6,0.230769,0.184615,0.138462,0.230769,0.215385,1.875000,1.500000,2.250000,2.142857,2.333333
sub-57a99ec4,0.182927,0.207317,0.134146,0.268293,0.207317,1.875000,2.833333,2.750000,2.000000,2.833333
sub-58599b98,0.187500,0.250000,0.140625,0.265625,0.156250,2.400000,1.777778,1.500000,2.833333,1.428571
sub-58d30253,0.214286,0.095238,0.333333,0.261905,0.095238,1.500000,1.000000,2.000000,1.833333,1.333333
sub-59e8e368,0.305085,0.152542,0.169492,0.203390,0.169492,2.250000,1.500000,1.666667,1.714286,1.666667
sub-5aa627a7,0.326087,0.260870,0.152174,0.195652,0.065217,3.000000,2.000000,1.400000,1.500000,1.500000
sub-5ae55577,0.252252,0.189189,0.135135,0.189189,0.234234,2.800000,2.100000,1.500000,2.625000,2.600000
sub-5b0641bc,0.255319,0.244681,0.255319,0.191489,0.053191,2.400000,2.555556,2.400000,2.571429,1.250000
sub-5bb6dd44,0.130952,0.130952,0.309524,0.273810,0.154762,1.571429,1.833333,2.888889,2.555556,2.166667
sub-5c94d7fd,0.307692,0.250000,0.144231,0.173077,0.125000,2.461538,2.166667,1.875000,2.000000,1.444444
sub-5d19125e,0.050000,0.150000,0.275000,0.275000,0.250000,1.000000,1.714286,2.200000,2.200000,2.000000
sub-5d1f5dbc,0.215909,0.193182,0.136364,0.193182,0.261364,2.375000,2.428571,1.714286,2.125000,2.300000
sub-5d57b43d,0.196262,0.196262,0.261682,0.233645,0.112150,1.750000,2.100000,2.545455,2.777778,1.714286
sub-5d5af7d0,0.250000,0.214286,0.178571,0.160714,0.196429,2.800000,2.400000,2.500000,1.500000,1.833333
sub-5e4930e8,0.241379,0.284483,0.206897,0.146552,0.120690,2.153846,3.666667,2.181818,2.125000,2.000000
sub-5ebaa9b8,0.192308,0.192308,0.173077,0.192308,0.250000,2.500000,3.333333,1.800000,1.666667,2.166667
sub-5f4bcb1e,0.312000,0.288000,0.168000,0.096000,0.136000,3.545455,3.000000,2.625000,2.000000,1.888889
sub-5fc3275a,0.093023,0.127907,0.267442,0.174419,0.337209,1.142857,2.750000,2.875000,2.500000,2.636364
sub-60022f18,0.289157,0.373494,0.096386,0.096386,0.144578,2.666667,2.818182,1.333333,1.333333,2.000000
sub-60416b0f,0.244186,0.162791,0.267442,0.104651,0.220930,2.100000,2.000000,2.555556,1.500000,2.111111
sub-60f9a441,0.256637,0.309735,0.168142,0.176991,0.088496,2.636364,2.916667,2.111111,2.222222,1.666667
sub-61050925,0.211538,0.153846,0.250000,0.269231,0.115385,1.571429,2.666667,2.166667,2.333333,1.500000
sub-617dcfd9,0.238532,0.321101,0.128440,0.220183,0.091743,3.250000,3.500000,1.750000,3.000000,2.500000
sub-62cd11bb,0.153846,0.208791,0.164835,0.252747,0.219780,1.750000,2.111111,1.666667,2.875000,2.222222
sub-6366e0d1,0.254545,0.254545,0.181818,0.181818,0.127273,2.800000,2.545455,2.222222,2.222222,2.000000
sub-642987eb,0.195652,0.043478,0.217391,0.130435,0.413043,1.800000,1.000000,1.666667,1.500000,3.166667
sub-648f436c,0.333333,0.500000,0.047619,0.047619,0.071429,2.800000,4.200000,1.000000,1.000000,1.500000
sub-66f8a2ac,0.074074,0.092593,0.351852,0.259259,0.222222,1.000000,1.250000,3.166667,2.333333,2.400000
sub-673bb95f,0.312500,0.291667,0.145833,0.041667,0.208333,2.142857,2.333333,1.750000,1.000000,2.500000
sub-681777ef,0.366337,0.306931,0.118812,0.128713,0.079208,6.166667,3.875000,1.714286,2.166667,1.333333
sub-68fb75a6,0.180328,0.147541,0.213115,0.245902,0.213115,1.571429,2.250000,1.857143,2.142857,1.857143
sub-6aea7f4e,0.288462,0.250000,0.221154,0.134615,0.105769,3.750000,3.250000,2.090909,1.750000,1.571429
sub-6af20abb,0.196078,0.235294,0.176471,0.235294,0.156863,1.428571,1.714286,1.500000,2.000000,2.000000
sub-6b5e9346,0.197368,0.236842,0.276316,0.263158,0.026316,2.142857,2.000000,2.333333,2.222222,1.000000
sub-6bece886,0.181818,0.159091,0.295455,0.022727,0.340909,1.600000,1.400000,1.857143,1.000000,2.500000
sub-6d8bf370,0.166667,0.222222,0.203704,0.314815,0.092593,3.000000,2.400000,2.750000,1.888889,1.000000
sub-6ddb35f0,0.272727,0.223140,0.165289,0.157025,0.181818,3.000000,2.454545,2.500000,1.900000,2.200000
sub-6e2c5f17,0.274725,0.186813,0.175824,0.153846,0.208791,2.777778,2.833333,2.000000,2.333333,2.375000
sub-6e536f3e,0.271605,0.246914,0.185185,0.197531,0.098765,2.444444,1.818182,3.000000,1.600000,1.333333
sub-6e8ee48f,0.153846,0.153846,0.115385,0.326923,0.250000,1.777778,1.600000,2.400000,3.400000,2.600000
sub-6eac2893,0.214286,0.190476,0.142857,0.285714,0.166667,3.000000,2.666667,3.000000,3.000000,2.333333
sub-6f0d63a9,0.159091,0.250000,0.181818,0.090909,0.318182,1.166667,2.750000,2.000000,1.333333,2.800000
sub-6f4a64d6,0.291262,0.262136,0.213592,0.126214,0.106796,2.500000,2.076923,2.200000,1.857143,2.200000
sub-6fe4c23f,0.384615,0.346154,0.057692,0.115385,0.096154,2.857143,3.000000,3.000000,1.500000,1.250000
sub-7129811d,0.160920,0.183908,0.264368,0.172414,0.218391,2.000000,2.000000,2.555556,1.875000,2.375000
sub-71d507ab,0.269231,0.250000,0.288462,0.134615,0.057692,2.800000,2.166667,3.000000,1.750000,1.000000
sub-72419430,0.219298,0.236842,0.192982,0.201754,0.149123,2.272727,3.000000,2.750000,2.090909,1.700000
sub-72dec9fe,0.301887,0.207547,0.132075,0.150943,0.207547,2.666667,2.750000,1.750000,1.600000,2.200000
sub-72fff8ec,0.288889,0.288889,0.177778,0.088889,0.155556,2.166667,2.166667,1.600000,1.333333,1.400000
sub-733e1964,0.146341,0.097561,0.292683,0.292683,0.170732,3.000000,2.000000,2.400000,2.400000,2.333333
sub-744e48f4,0.323944,0.239437,0.169014,0.126761,0.140845,2.875000,2.125000,1.714286,2.250000,1.428571
sub-74b9e95a,0.346667,0.253333,0.133333,0.160000,0.106667,3.250000,2.375000,2.000000,1.714286,2.000000
sub-74d3a45b,0.234783,0.208696,0.182609,0.208696,0.165217,3.857143,2.400000,1.909091,2.400000,2.714286
sub-74fc8a4c,0.224719,0.235955,0.224719,0.168539,0.146067,2.000000,2.100000,2.000000,1.875000,1.625000
sub-75590b12,0.240000,0.240000,0.226667,0.160000,0.133333,2.000000,2.250000,2.125000,1.714286,2.000000
sub-757a7368,0.255319,0.361702,0.212766,0.106383,0.063830,2.000000,2.428571,2.000000,1.666667,1.500000
sub-757bfead,0.185567,0.123711,0.154639,0.195876,0.340206,1.636364,1.333333,2.142857,1.583333,2.538462
sub-75b56173,0.350000,0.300000,0.225000,0.025000,0.100000,2.333333,2.400000,1.800000,1.000000,1.333333
sub-7797c6e0,0.220000,0.240000,0.140000,0.260000,0.140000,2.750000,2.400000,1.750000,2.600000,2.333333
sub-78abd477,0.168831,0.116883,0.350649,0.259740,0.103896,2.166667,1.500000,3.000000,2.222222,1.333333
sub-78b98932,0.233010,0.213592,0.194175,0.252427,0.106796,1.846154,2.000000,1.818182,2.000000,1.571429
sub-7a6852fe,0.228916,0.277108,0.156627,0.289157,0.048193,2.714286,2.555556,1.857143,2.666667,1.333333
sub-7a6c9f84,0.246914,0.209877,0.185185,0.246914,0.111111,2.500000,2.125000,3.000000,2.500000,1.500000
sub-7b490831,0.277778,0.203704,0.092593,0.259259,0.166667,3.750000,2.200000,1.250000,2.000000,1.800000
sub-7b4fb0a4,0.253012,0.337349,0.216867,0.180723,0.012048,3.000000,2.800000,2.571429,2.142857,1.000000
sub-7c14f81f,0.301205,0.289157,0.168675,0.156627,0.084337,2.500000,2.666667,2.000000,2.166667,1.400000
sub-7c902397,0.191781,0.178082,0.150685,0.246575,0.232877,2.333333,1.857143,1.571429,2.571429,1.888889
sub-7cb89269,0.257143,0.271429,0.171429,0.157143,0.142857,2.000000,2.375000,1.500000,2.200000,1.666667
sub-7ce9f494,0.314607,0.258427,0.213483,0.146067,0.067416,3.500000,3.833333,2.111111,2.166667,3.000000
sub-7d2bc2fd,0.170732,0.121951,0.329268,0.207317,0.170732,2.333333,1.666667,2.700000,1.888889,1.750000
sub-7f71fc8c,0.137255,0.176471,0.137255,0.196078,0.352941,1.400000,1.800000,1.166667,2.000000,2.571429
sub-7fb70f97,0.209677,0.290323,0.096774,0.193548,0.209677,3.250000,2.000000,2.000000,2.400000,2.166667
sub-805eaf65,0.307692,0.318681,0.131868,0.087912,0.153846,2.545455,2.071429,1.333333,1.600000,1.750000
sub-80fd1fc5,0.318841,0.202899,0.217391,0.144928,0.115942,2.200000,2.000000,1.875000,1.428571,1.333333
sub-8141a2a4,0.195652,0.173913,0.173913,0.239130,0.217391,2.250000,1.600000,1.600000,1.571429,2.500000
sub-818d22db,0.178082,0.191781,0.205479,0.082192,0.342466,3.250000,2.000000,2.500000,1.500000,3.571429
sub-8196d6cb,0.155556,0.244444,0.266667,0.155556,0.177778,1.750000,1.571429,2.000000,1.750000,2.666667
sub-81a5ea6b,0.211111,0.211111,0.122222,0.200000,0.255556,2.714286,2.375000,1.833333,2.250000,2.555556
sub-8239533c,0.397260,0.301370,0.109589,0.054795,0.136986,2.636364,2.750000,1.600000,1.000000,1.666667
sub-82a5c122,0.318182,0.272727,0.147727,0.056818,0.204545,2.333333,2.666667,1.444444,1.250000,2.571429
sub-83566918,0.291262,0.310680,0.165049,0.184466,0.048544,3.000000,2.666667,2.125000,1.900000,1.250000
sub-83ca9ddb,0.125000,0.222222,0.194444,0.208333,0.250000,1.800000,2.000000,2.333333,2.500000,2.000000
sub-83da2896,0.309735,0.345133,0.106195,0.176991,0.061947,2.916667,3.000000,1.500000,2.222222,1.166667
sub-86014e8c,0.204082,0.234694,0.255102,0.163265,0.142857,2.000000,2.555556,2.272727,1.777778,1.555556
sub-8614d836,0.259615,0.153846,0.201923,0.259615,0.125000,4.500000,1.777778,2.100000,3.000000,2.166667
sub-864ef605,0.305785,0.280992,0.206612,0.082645,0.123967,3.083333,3.400000,2.500000,1.250000,1.875000
sub-8678f9dc,0.177419,0.177419,0.145161,0.241935,0.258065,1.833333,1.833333,1.800000,1.875000,2.000000
sub-8682f3a4,0.078125,0.156250,0.250000,0.156250,0.359375,1.250000,1.666667,2.666667,2.500000,2.875000
sub-87bfd3f2,0.309091,0.290909,0.145455,0.145455,0.109091,2.428571,2.666667,1.600000,1.333333,1.500000
sub-87dcbb1f,0.305882,0.411765,0.105882,0.105882,0.070588,2.888889,3.181818,1.125000,2.250000,1.500000
sub-88869384,0.188679,0.188679,0.254717,0.179245,0.188679,1.818182,2.000000,2.250000,2.375000,2.000000
sub-8992c8ca,0.261905,0.357143,0.166667,0.071429,0.142857,1.833333,1.875000,1.750000,1.000000,2.000000
sub-89b4271c,0.150000,0.150000,0.250000,0.230000,0.220000,1.875000,1.666667,2.272727,2.555556,3.142857
sub-8a4b4481,0.327586,0.293103,0.172414,0.120690,0.086207,3.800000,2.833333,2.000000,1.400000,1.250000
sub-8aab319e,0.222222,0.206349,0.222222,0.158730,0.190476,2.333333,1.857143,2.333333,1.666667,1.714286
sub-8ab7dfa3,0.302326,0.267442,0.220930,0.139535,0.069767,3.250000,2.555556,2.375000,3.000000,1.200000
sub-8ba3922c,0.285714,0.166667,0.178571,0.178571,0.190476,2.400000,1.750000,3.000000,2.500000,2.000000
sub-8bcb6f08,0.280702,0.263158,0.149123,0.105263,0.201754,2.461538,2.500000,1.888889,1.500000,1.769231
sub-8cd782e3,0.300000,0.228571,0.185714,0.142857,0.142857,2.625000,2.285714,2.166667,1.666667,1.666667
sub-8d4c6dc4,0.265487,0.283186,0.123894,0.176991,0.150442,3.333333,2.666667,1.750000,2.222222,1.545455
sub-8d557571,0.232143,0.214286,0.071429,0.196429,0.285714,1.857143,2.000000,1.333333,1.833333,2.666667
sub-8dd4a00a,0.285714,0.257143,0.133333,0.123810,0.200000,3.000000,2.250000,2.333333,1.857143,2.333333
sub-8eec5555,0.312500,0.166667,0.229167,0.041667,0.250000,2.142857,2.000000,1.833333,1.000000,2.000000
sub-8f3c6a08,0.319149,0.265957,0.202128,0.127660,0.085106,3.000000,2.500000,1.900000,2.400000,1.142857
sub-8f4252fd,0.247934,0.247934,0.223140,0.157025,0.123967,2.500000,2.500000,2.700000,1.900000,3.000000
sub-8fe06d8c,0.230769,0.215385,0.215385,0.184615,0.153846,1.875000,2.000000,2.000000,1.714286,1.666667
sub-9038a3a0,0.338710,0.322581,0.177419,0.064516,0.096774,3.500000,2.500000,1.833333,1.333333,1.200000
sub-9088b617,0.306122,0.346939,0.112245,0.183673,0.051020,3.750000,3.090909,1.833333,2.571429,1.250000
sub-90a0827e,0.317460,0.222222,0.126984,0.174603,0.158730,5.000000,2.800000,2.000000,1.833333,2.500000
sub-90f92579,0.169014,0.225352,0.267606,0.253521,0.084507,2.000000,2.666667,2.375000,3.000000,1.200000
sub-92da5dcd,0.396396,0.297297,0.081081,0.135135,0.090090,3.142857,3.300000,1.285714,1.875000,1.428571
sub-92e46917,0.200000,0.226667,0.120000,0.226667,0.226667,2.142857,2.428571,1.500000,2.125000,3.400000
sub-94389e60,0.261261,0.216216,0.198198,0.189189,0.135135,2.416667,2.666667,2.444444,2.100000,1.875000
sub-94a7bebf,0.177419,0.112903,0.241935,0.306452,0.161290,2.200000,1.166667,2.142857,2.111111,2.000000
sub-94b11e8a,0.315789,0.140351,0.105263,0.140351,0.298246,3.000000,2.000000,1.500000,2.000000,2.428571
sub-9556911c,0.131579,0.061404,0.184211,0.307018,0.315789,2.142857,1.750000,1.750000,3.181818,2.769231
sub-9626e986,0.304762,0.266667,0.142857,0.133333,0.152381,2.461538,2.545455,2.142857,2.333333,1.454545
sub-963e06ab,0.147368,0.231579,0.231579,0.242105,0.147368,2.333333,2.444444,2.000000,2.555556,2.000000
sub-964fc7b2,0.242105,0.147368,0.263158,0.242105,0.105263,1.769231,1.750000,2.777778,1.916667,1.666667
sub-96511618,0.250000,0.150000,0.300000,0.200000,0.100000,2.500000,1.285714,2.250000,2.400000,1.500000
sub-9657bb4d,0.272727,0.272727,0.163636,0.200000,0.090909,2.500000,2.142857,1.800000,1.375000,1.666667
sub-96a10c83,0.333333,0.346154,0.102564,0.051282,0.166667,2.600000,2.700000,1.142857,1.333333,1.857143
sub-96cf594a,0.140625,0.203125,0.250000,0.250000,0.156250,2.250000,2.166667,2.000000,2.666667,1.666667
sub-977fad27,0.191011,0.157303,0.292135,0.123596,0.235955,2.125000,1.750000,2.888889,1.571429,2.100000
sub-98265ac6,0.075472,0.037736,0.226415,0.377358,0.283019,1.333333,1.000000,3.000000,3.333333,2.500000
sub-98496c1a,0.136364,0.166667,0.045455,0.333333,0.318182,1.500000,1.833333,1.500000,2.200000,3.000000
sub-9897890f,0.311688,0.207792,0.103896,0.246753,0.129870,2.181818,2.000000,1.600000,1.900000,2.000000
sub-98a8f381,0.315217,0.293478,0.097826,0.152174,0.141304,3.222222,2.700000,1.500000,1.400000,1.857143
sub-9981e966,0.300000,0.300000,0.166667,0.133333,0.100000,3.600000,3.600000,1.666667,1.600000,1.500000
sub-9a4da035,0.211538,0.230769,0.153846,0.057692,0.346154,2.200000,2.000000,1.333333,1.500000,2.571429
sub-9bd0bbee,0.270270,0.297297,0.189189,0.148649,0.094595,2.222222,2.200000,2.000000,2.200000,1.750000
sub-9c0707cd,0.204545,0.159091,0.340909,0.090909,0.204545,2.250000,2.333333,3.750000,1.333333,2.250000
sub-9d06c8e3,0.192982,0.245614,0.149123,0.263158,0.149123,2.000000,2.545455,2.428571,2.500000,1.700000
sub-9d372e34,0.210000,0.250000,0.190000,0.220000,0.130000,2.333333,2.083333,2.111111,3.142857,1.857143
sub-9de71122,0.277778,0.291667,0.166667,0.138889,0.125000,3.333333,2.625000,1.714286,1.666667,2.250000
sub-9ee19387,0.250000,0.265625,0.250000,0.156250,0.078125,2.000000,2.428571,2.285714,2.000000,1.000000
sub-9ee70b72,0.317757,0.271028,0.074766,0.112150,0.224299,3.090909,2.230769,1.000000,1.333333,2.666667
sub-9f041651,0.198020,0.188119,0.168317,0.326733,0.118812,2.222222,2.111111,1.888889,3.300000,1.714286
sub-a0d6621a,0.271028,0.233645,0.177570,0.205607,0.112150,2.900000,2.500000,2.375000,2.750000,1.714286
sub-a0e4b7d4,0.255102,0.306122,0.132653,0.142857,0.163265,2.777778,2.500000,1.625000,1.555556,2.000000
sub-a0e73bdd,0.285714,0.285714,0.079365,0.206349,0.142857,2.571429,3.000000,1.666667,1.857143,1.800000
sub-a0f6bdb9,0.390244,0.365854,0.024390,0.073171,0.146341,3.200000,3.000000,1.000000,1.500000,1.500000
sub-a140220d,0.163636,0.181818,0.290909,0.181818,0.181818,1.500000,1.666667,2.285714,2.000000,1.666667
sub-a1e6bde2,0.319149,0.212766,0.148936,0.202128,0.117021,3.333333,1.818182,1.750000,2.714286,2.200000
sub-a1ea13f5,0.265957,0.223404,0.170213,0.148936,0.191489,3.125000,2.100000,1.777778,1.750000,2.000000
sub-a309ec12,0.306667,0.333333,0.186667,0.120000,0.053333,2.875000,3.125000,2.333333,1.500000,2.000000
sub-a3186766,0.220588,0.176471,0.220588,0.220588,0.161765,2.500000,1.500000,2.500000,1.875000,1.833333
sub-a32d1b4e,0.223529,0.188235,0.211765,0.223529,0.152941,1.900000,1.777778,2.000000,1.900000,2.166667
sub-a66ca01c,0.258929,0.250000,0.169643,0.214286,0.107143,2.636364,2.153846,1.900000,2.181818,1.500000
sub-a682716a,0.309091,0.345455,0.200000,0.054545,0.090909,2.428571,2.375000,2.200000,1.500000,1.666667
sub-a725ea5d,0.319149,0.404255,0.191489,0.063830,0.021277,2.500000,2.714286,1.500000,1.500000,1.000000
sub-a801f2fa,0.320988,0.320988,0.111111,0.135802,0.111111,2.600000,2.363636,2.250000,1.100000,1.500000
sub-a82a00af,0.289474,0.315789,0.223684,0.039474,0.131579,2.444444,3.428571,2.125000,1.000000,1.666667
sub-a8565b28,0.250000,0.240000,0.190000,0.200000,0.120000,3.125000,2.400000,3.166667,2.857143,1.500000
sub-a86170a4,0.158730,0.126984,0.222222,0.238095,0.253968,1.666667,1.333333,1.555556,2.142857,2.285714
sub-a8f42977,0.411765,0.352941,0.117647,0.058824,0.058824,2.333333,2.000000,1.200000,1.500000,1.500000
sub-a9213ec5,0.325000,0.150000,0.075000,0.200000,0.250000,2.600000,1.500000,1.000000,2.000000,3.333333
sub-a937a86d,0.225352,0.253521,0.197183,0.112676,0.211268,2.285714,2.000000,2.333333,2.000000,2.500000
sub-a991d3bd,0.274725,0.296703,0.164835,0.109890,0.153846,3.571429,3.000000,1.875000,1.666667,2.800000
sub-a9b4246b,0.243697,0.260504,0.210084,0.184874,0.100840,3.222222,2.818182,3.125000,2.750000,2.000000
sub-aa20b09a,0.050000,0.083333,0.350000,0.316667,0.200000,1.500000,1.000000,3.000000,3.800000,2.400000
sub-aa3fb7aa,0.274510,0.196078,0.196078,0.215686,0.117647,2.333333,2.000000,2.000000,2.200000,1.500000
sub-ab742b1c,0.291262,0.300971,0.135922,0.145631,0.126214,3.000000,2.214286,1.750000,2.142857,1.857143
sub-ab8bd3c9,0.330357,0.410714,0.089286,0.089286,0.080357,4.111111,3.538462,1.666667,1.250000,2.250000
sub-abfb766b,0.250000,0.203704,0.185185,0.222222,0.138889,2.700000,1.833333,1.818182,2.181818,2.142857
sub-ade8fd31,0.127660,0.148936,0.255319,0.106383,0.361702,1.500000,2.333333,1.714286,1.666667,2.428571
sub-af3cda87,0.258427,0.191011,0.179775,0.247191,0.123596,2.555556,2.125000,2.000000,2.750000,2.200000
sub-af59045b,0.276190,0.276190,0.085714,0.152381,0.209524,3.222222,2.636364,1.800000,3.200000,2.000000
sub-af645a4e,0.220339,0.211864,0.220339,0.271186,0.076271,2.888889,2.777778,3.714286,2.666667,1.800000
sub-b0a8f7df,0.113402,0.144330,0.298969,0.278351,0.164948,2.200000,2.000000,2.416667,3.000000,1.777778
sub-b0c38196,0.346774,0.290323,0.120968,0.145161,0.096774,3.071429,3.600000,1.666667,2.250000,2.400000
sub-b1fd8109,0.146341,0.243902,0.195122,0.365854,0.048780,2.000000,2.000000,2.000000,2.500000,1.000000
sub-b21a2cb3,0.369565,0.347826,0.108696,0.141304,0.032609,3.090909,3.200000,1.428571,1.625000,1.500000
sub-b29c748a,0.162162,0.162162,0.162162,0.189189,0.324324,1.500000,2.000000,2.000000,2.000000,3.000000
sub-b3157ca6,0.440000,0.400000,0.060000,0.020000,0.080000,3.666667,4.000000,1.500000,1.000000,1.333333
sub-b3cda6f7,0.253333,0.320000,0.173333,0.120000,0.133333,2.375000,2.666667,2.166667,1.500000,1.428571
sub-b5272ec2,0.211538,0.173077,0.153846,0.134615,0.326923,2.200000,1.800000,2.000000,2.333333,2.428571
sub-b54e81a8,0.260274,0.328767,0.123288,0.095890,0.191781,2.111111,2.400000,1.800000,1.166667,2.333333
sub-b596a31b,0.204819,0.156627,0.289157,0.156627,0.192771,2.125000,2.166667,2.400000,1.625000,1.600000
sub-b670c5fc,0.166667,0.155556,0.266667,0.211111,0.200000,1.666667,1.555556,2.181818,1.900000,1.636364
sub-b672fcd0,0.333333,0.229167,0.208333,0.166667,0.062500,4.000000,2.750000,2.500000,2.000000,1.000000
sub-b7e2e197,0.250000,0.204545,0.204545,0.090909,0.250000,1.833333,1.500000,2.250000,1.333333,2.200000
sub-b942eeca,0.245283,0.216981,0.188679,0.179245,0.169811,2.600000,2.555556,2.222222,2.714286,2.571429
sub-b95e8a03,0.229885,0.229885,0.287356,0.103448,0.149425,2.000000,2.222222,2.272727,1.285714,1.857143
sub-ba7713f4,0.236111,0.166667,0.138889,0.152778,0.305556,1.888889,2.400000,1.666667,1.833333,2.444444
sub-baf11154,0.280000,0.216000,0.200000,0.144000,0.160000,2.692308,3.000000,2.500000,2.000000,1.666667
sub-baf211c0,0.237624,0.237624,0.178218,0.188119,0.158416,2.666667,2.400000,2.250000,2.111111,2.000000
sub-bb333d59,0.187500,0.171875,0.140625,0.171875,0.328125,1.500000,2.200000,1.800000,1.571429,2.333333
sub-bb6a82dc,0.350000,0.325000,0.200000,0.125000,0.000000,2.000000,2.166667,2.000000,1.666667,NaN
sub-bc23e3c1,0.191489,0.191489,0.255319,0.170213,0.191489,1.800000,3.000000,2.000000,1.600000,1.800000
sub-bc2c800c,0.269663,0.370787,0.134831,0.101124,0.123596,3.000000,4.125000,1.714286,1.285714,1.833333
sub-bc821461,0.240964,0.192771,0.240964,0.253012,0.072289,2.222222,2.000000,2.000000,2.333333,1.500000
sub-bd647db1,0.247312,0.301075,0.215054,0.096774,0.139785,3.285714,2.545455,2.500000,1.285714,1.857143
sub-bda589a3,0.261905,0.273810,0.142857,0.202381,0.119048,2.200000,2.090909,1.714286,1.700000,2.000000
sub-bddbe9b1,0.206897,0.224138,0.155172,0.172414,0.241379,2.000000,1.625000,1.800000,1.428571,2.333333
sub-be472f92,0.189189,0.180180,0.180180,0.261261,0.189189,2.333333,1.818182,1.818182,2.416667,2.625000
sub-be5e2e88,0.279070,0.255814,0.186047,0.139535,0.139535,3.000000,2.750000,1.600000,3.000000,1.500000
sub-bec29b78,0.000000,0.075000,0.075000,0.375000,0.475000,NaN,1.500000,3.000000,3.750000,3.800000
sub-bf2f1abf,0.270270,0.256757,0.148649,0.108108,0.216216,2.222222,1.900000,1.571429,1.333333,1.600000
sub-bf7dc05b,0.228814,0.228814,0.237288,0.135593,0.169492,2.454545,2.700000,2.545455,1.777778,3.333333
sub-bfc56382,0.295652,0.339130,0.121739,0.034783,0.208696,3.090909,3.545455,1.555556,1.333333,2.400000
sub-bfd1c975,0.230000,0.170000,0.110000,0.250000,0.240000,2.555556,2.428571,2.200000,3.125000,2.666667
sub-bff3f42a,0.441860,0.395349,0.023256,0.046512,0.093023,3.166667,2.833333,1.000000,1.000000,1.333333
sub-c0107d53,0.155844,0.077922,0.220779,0.272727,0.272727,2.000000,2.000000,1.888889,2.625000,2.625000
sub-c0c465ec,0.311111,0.377778,0.200000,0.066667,0.044444,2.800000,2.428571,1.800000,1.000000,2.000000
sub-c11229d3,0.315789,0.280702,0.087719,0.122807,0.192982,2.571429,3.200000,1.000000,1.750000,2.200000
sub-c13afce4,0.298246,0.271930,0.184211,0.114035,0.131579,3.400000,2.818182,2.100000,1.625000,1.875000
sub-c26e5113,0.157895,0.223684,0.289474,0.236842,0.092105,1.333333,1.888889,3.142857,2.000000,1.750000
sub-c346bdba,0.370370,0.259259,0.111111,0.135802,0.123457,3.000000,2.333333,1.285714,1.571429,1.666667
sub-c3f70a80,0.277778,0.296296,0.138889,0.129630,0.157407,2.727273,2.666667,1.875000,1.555556,2.125000
sub-c414d437,0.252174,0.278261,0.121739,0.217391,0.130435,2.416667,2.461538,2.333333,2.272727,1.666667
sub-c463dc03,0.196970,0.121212,0.075758,0.287879,0.318182,1.857143,1.600000,1.666667,1.900000,3.000000
sub-c4b8687a,0.263158,0.210526,0.228070,0.228070,0.070175,2.500000,2.000000,2.166667,1.857143,2.000000
sub-c5b2fb19,0.270833,0.229167,0.166667,0.145833,0.187500,3.250000,2.200000,2.666667,1.750000,1.800000
sub-c60ccabc,0.354167,0.312500,0.125000,0.166667,0.041667,2.833333,2.142857,2.000000,2.666667,1.000000
sub-c7846210,0.047619,0.142857,0.309524,0.333333,0.166667,1.000000,1.500000,2.600000,2.800000,1.750000
sub-c7a5384e,0.243902,0.243902,0.211382,0.227642,0.073171,5.000000,3.000000,3.250000,4.000000,2.250000
sub-c9b3cad7,0.255556,0.266667,0.188889,0.188889,0.100000,2.300000,2.400000,2.428571,2.125000,1.800000
sub-c9f3e918,0.179487,0.162393,0.282051,0.213675,0.162393,1.615385,1.900000,2.538462,2.500000,1.900000
sub-ca61232f,0.191919,0.212121,0.232323,0.282828,0.080808,2.375000,2.625000,2.300000,2.800000,1.600000
sub-ca80cb45,0.208333,0.225000,0.216667,0.258333,0.091667,2.272727,3.000000,2.000000,3.100000,1.571429
sub-cb8c1f9c,0.215686,0.215686,0.205882,0.245098,0.117647,2.750000,2.750000,2.333333,2.777778,1.714286
sub-cbb18a08,0.285714,0.392857,0.232143,0.071429,0.017857,2.666667,2.444444,1.444444,1.333333,1.000000
sub-cd862a67,0.288136,0.305085,0.135593,0.118644,0.152542,2.428571,2.571429,1.600000,1.750000,1.800000
sub-cdbd5c56,0.303030,0.303030,0.090909,0.166667,0.136364,2.500000,2.500000,1.500000,2.200000,1.125000
sub-cf784004,0.300000,0.290909,0.127273,0.145455,0.136364,3.300000,2.666667,2.000000,1.777778,1.500000
sub-cfc1cf12,0.312500,0.267857,0.187500,0.098214,0.133929,3.181818,2.727273,2.333333,1.833333,1.875000
sub-d39e106e,0.271739,0.239130,0.152174,0.152174,0.184783,2.500000,2.200000,1.400000,2.000000,1.700000
sub-d3f05b80,0.271429,0.285714,0.171429,0.114286,0.157143,2.111111,2.500000,1.500000,1.333333,1.222222
sub-d40b85b8,0.328125,0.343750,0.156250,0.062500,0.109375,3.000000,2.750000,2.500000,2.000000,1.400000
sub-d54bd4f9,0.288889,0.300000,0.211111,0.055556,0.144444,2.888889,3.375000,2.111111,1.666667,1.625000
sub-d5d91775,0.133333,0.133333,0.266667,0.333333,0.133333,2.000000,2.000000,2.400000,3.000000,2.000000
sub-d67c3379,0.243902,0.195122,0.170732,0.207317,0.182927,2.500000,2.666667,1.750000,1.888889,2.142857
sub-d70cd6ec,0.133333,0.250000,0.233333,0.250000,0.133333,2.000000,1.875000,1.555556,2.500000,1.600000
sub-d7763339,0.168224,0.149533,0.289720,0.252336,0.140187,2.250000,1.777778,2.818182,3.000000,1.363636
sub-d84a5484,0.131148,0.147541,0.229508,0.262295,0.229508,1.333333,1.800000,2.000000,2.666667,2.000000
sub-d93beca8,0.200000,0.231579,0.200000,0.157895,0.210526,1.900000,1.466667,1.900000,1.500000,1.818182
sub-da36a231,0.178082,0.246575,0.219178,0.219178,0.136986,2.166667,1.800000,2.285714,2.285714,2.000000
sub-db19bd9d,0.159574,0.191489,0.276596,0.095745,0.276596,1.500000,2.000000,2.600000,1.800000,3.250000
sub-db1c726a,0.226190,0.226190,0.250000,0.142857,0.154762,2.375000,2.714286,2.625000,1.500000,1.857143
sub-dd291f43,0.173333,0.146667,0.213333,0.293333,0.173333,1.625000,1.571429,2.000000,2.750000,2.166667
sub-df5fab05,0.350000,0.275000,0.025000,0.225000,0.125000,2.000000,2.200000,1.000000,1.285714,1.666667
sub-e02145f4,0.260870,0.289855,0.217391,0.072464,0.159420,3.000000,2.000000,2.500000,1.250000,1.833333
sub-e12ed92d,0.316667,0.333333,0.166667,0.050000,0.133333,2.375000,3.333333,2.000000,1.000000,1.333333
sub-e1583be7,0.095238,0.071429,0.333333,0.214286,0.285714,1.333333,1.500000,2.000000,1.800000,2.000000
sub-e28d88b7,0.282051,0.264957,0.111111,0.188034,0.153846,3.000000,3.100000,1.444444,2.750000,1.636364
sub-e306dd64,0.293578,0.266055,0.192661,0.146789,0.100917,2.909091,2.900000,2.333333,2.285714,1.571429
sub-e4d1481a,0.262712,0.288136,0.177966,0.194915,0.076271,2.583333,3.777778,3.000000,2.555556,1.800000
sub-e4d491a6,0.311111,0.355556,0.100000,0.066667,0.166667,2.545455,2.909091,1.285714,2.000000,2.142857
sub-e5e374fd,0.220588,0.250000,0.220588,0.161765,0.147059,1.666667,3.400000,1.875000,1.833333,2.000000
sub-e60d4b07,0.204082,0.183673,0.224490,0.183673,0.204082,1.666667,2.250000,2.750000,1.800000,1.666667
sub-e6194980,0.301205,0.277108,0.156627,0.156627,0.108434,2.500000,2.300000,1.444444,2.600000,1.800000
sub-e74e4c5a,0.225000,0.350000,0.150000,0.125000,0.150000,1.500000,2.333333,1.500000,1.666667,2.000000
sub-e7f50875,0.232558,0.209302,0.325581,0.023256,0.209302,2.000000,1.800000,2.333333,1.000000,1.800000
sub-e84ecd2f,0.306122,0.224490,0.173469,0.132653,0.163265,3.333333,2.750000,1.700000,1.625000,2.000000
sub-e8e47f6c,0.237500,0.225000,0.237500,0.200000,0.100000,3.166667,2.571429,2.375000,2.000000,1.600000
sub-e8fd1865,0.300971,0.262136,0.194175,0.145631,0.097087,2.384615,2.454545,2.222222,1.666667,3.333333
sub-e91691a5,0.142857,0.168831,0.311688,0.311688,0.064935,2.200000,2.166667,4.000000,3.000000,1.250000
sub-ea1ba303,0.160000,0.200000,0.080000,0.216000,0.344000,2.222222,2.272727,1.666667,2.454545,2.866667
sub-ea23f97f,0.173913,0.043478,0.326087,0.195652,0.260870,1.600000,1.000000,1.875000,2.250000,2.000000
sub-ea35c087,0.271186,0.203390,0.220339,0.135593,0.169492,2.285714,2.400000,2.166667,2.666667,2.000000
sub-ea7266a6,0.225000,0.175000,0.250000,0.025000,0.325000,2.250000,2.333333,3.333333,1.000000,2.600000
sub-eaa9a1ea,0.313725,0.274510,0.196078,0.039216,0.176471,2.666667,2.800000,1.666667,1.000000,1.800000
sub-eb0ac895,0.153846,0.057692,0.250000,0.250000,0.288462,1.333333,1.000000,2.166667,1.857143,3.000000
sub-eb2c84ca,0.236111,0.208333,0.111111,0.152778,0.291667,2.833333,1.875000,1.333333,2.750000,3.000000
sub-ec129ac4,0.183673,0.224490,0.183673,0.183673,0.224490,1.800000,1.833333,1.500000,2.250000,1.833333
sub-ec78225b,0.291667,0.266667,0.183333,0.108333,0.150000,3.181818,2.909091,2.750000,1.857143,2.250000
sub-ec96d125,0.306667,0.240000,0.240000,0.146667,0.066667,2.300000,2.571429,2.250000,1.833333,1.250000
sub-ecc7b2ca,0.164179,0.223881,0.253731,0.134328,0.223881,1.833333,2.500000,2.833333,2.250000,3.750000
sub-ecf838ec,0.281250,0.234375,0.140625,0.125000,0.218750,2.250000,1.875000,1.500000,1.600000,1.555556
sub-ed3c7758,0.208333,0.222222,0.263889,0.166667,0.138889,2.142857,3.200000,2.375000,1.714286,1.666667
sub-ed49286a,0.308824,0.338235,0.176471,0.029412,0.147059,2.333333,2.875000,1.714286,1.000000,2.000000
sub-edbcd4df,0.173333,0.293333,0.200000,0.226667,0.106667,2.600000,2.200000,1.875000,2.428571,1.333333
sub-edbf0d4d,0.320000,0.310000,0.150000,0.080000,0.140000,3.200000,2.384615,1.666667,1.333333,1.555556
sub-eeeee0ce,0.356436,0.386139,0.079208,0.108911,0.069307,3.600000,3.545455,2.000000,1.571429,1.166667
sub-ef4645ca,0.342857,0.285714,0.128571,0.157143,0.085714,3.000000,2.500000,1.800000,1.833333,1.500000
sub-efabdd7e,0.273973,0.260274,0.150685,0.178082,0.136986,2.500000,2.714286,1.833333,3.250000,1.428571
sub-efbc90a5,0.295455,0.272727,0.159091,0.068182,0.204545,3.250000,3.000000,1.750000,3.000000,2.250000
sub-f0b6aedf,0.267857,0.285714,0.142857,0.107143,0.196429,2.500000,2.285714,1.333333,1.500000,2.200000
sub-f1876917,0.269841,0.301587,0.222222,0.031746,0.174603,2.428571,2.111111,2.800000,1.000000,1.571429
sub-f1ffb87e,0.295082,0.295082,0.196721,0.163934,0.049180,2.571429,3.000000,2.400000,1.428571,1.500000
sub-f2746a7f,0.394495,0.385321,0.137615,0.018349,0.064220,3.583333,3.230769,2.142857,1.000000,1.400000
sub-f3232eae,0.240000,0.300000,0.200000,0.220000,0.040000,2.000000,1.666667,1.666667,1.833333,1.000000
sub-f3265f63,0.277228,0.316832,0.168317,0.108911,0.128713,2.545455,2.909091,2.125000,1.571429,1.444444
sub-f32b8017,0.123711,0.134021,0.175258,0.288660,0.278351,1.500000,2.166667,1.888889,3.111111,2.250000
sub-f3b907d8,0.194690,0.168142,0.265487,0.247788,0.123894,2.200000,1.900000,2.727273,2.333333,1.750000
sub-f3fa0c24,0.225352,0.197183,0.225352,0.169014,0.183099,2.000000,2.333333,3.200000,1.714286,2.166667
sub-f4a0ea73,0.107692,0.123077,0.246154,0.230769,0.292308,1.400000,1.600000,2.285714,1.666667,2.714286
sub-f5787346,0.217391,0.152174,0.326087,0.043478,0.260870,2.000000,2.333333,2.500000,1.000000,2.000000
sub-f5b31d52,0.394366,0.338028,0.126761,0.112676,0.028169,3.111111,2.400000,1.500000,1.600000,1.000000
sub-f656cba9,0.318584,0.283186,0.106195,0.123894,0.168142,3.600000,3.200000,1.500000,1.555556,2.111111
sub-f66e7c91,0.171171,0.144144,0.234234,0.306306,0.144144,2.375000,2.666667,2.600000,3.777778,2.666667
sub-f6bb94d0,0.169014,0.140845,0.197183,0.154930,0.338028,1.714286,2.000000,2.333333,1.833333,2.666667
sub-f6c1fab2,0.196078,0.254902,0.137255,0.137255,0.274510,1.666667,2.166667,1.400000,1.400000,2.000000
sub-f7418043,0.228916,0.337349,0.180723,0.180723,0.072289,2.111111,2.800000,1.875000,2.500000,1.200000
sub-f75ea85d,0.184211,0.228070,0.280702,0.192982,0.114035,2.625000,2.166667,2.909091,2.750000,2.166667
sub-f82afde4,0.314286,0.271429,0.114286,0.185714,0.114286,2.444444,3.166667,1.600000,2.166667,1.600000
sub-f8d25943,0.301724,0.362069,0.137931,0.103448,0.094828,3.181818,3.500000,2.000000,2.400000,1.375000
sub-f953273b,0.042553,0.042553,0.531915,0.276596,0.106383,1.000000,1.000000,4.166667,3.250000,1.666667
sub-f957c1c8,0.219512,0.243902,0.146341,0.121951,0.268293,2.571429,2.222222,1.714286,1.428571,2.750000
sub-f981e3f5,0.264706,0.303922,0.176471,0.107843,0.147059,3.375000,2.583333,2.571429,1.375000,1.666667
sub-f9f6c4ed,0.272727,0.272727,0.200000,0.163636,0.090909,2.500000,3.000000,1.833333,3.000000,1.666667
sub-fa21e57e,0.146667,0.106667,0.160000,0.226667,0.360000,2.750000,1.600000,3.000000,2.428571,3.375000
sub-fa823b79,0.345679,0.283951,0.037037,0.209877,0.123457,2.800000,2.875000,1.000000,2.428571,1.250000
sub-fab13b8f,0.238806,0.194030,0.313433,0.208955,0.044776,2.285714,2.166667,3.000000,2.333333,1.000000
sub-fbcd9110,0.066667,0.133333,0.266667,0.233333,0.300000,1.333333,1.600000,3.200000,2.000000,2.571429
sub-fc05ba17,0.292135,0.280899,0.213483,0.089888,0.123596,2.888889,2.500000,1.900000,1.333333,2.200000
sub-fc16c19f,0.350000,0.375000,0.025000,0.150000,0.100000,4.666667,3.750000,1.000000,1.500000,2.000000
sub-fcb347e1,0.265306,0.326531,0.122449,0.224490,0.061224,3.250000,2.285714,1.500000,2.750000,1.500000
sub-fd1e3702,0.171053,0.184211,0.276316,0.118421,0.250000,1.857143,1.400000,2.100000,1.800000,1.900000
sub-fdc8479f,0.291667,0.218750,0.166667,0.177083,0.145833,2.800000,1.909091,2.285714,2.428571,1.750000
sub-fdd7a1be,0.225225,0.216216,0.198198,0.171171,0.189189,2.777778,2.666667,2.200000,1.900000,1.615385
sub-fe1c4177,0.271186,0.279661,0.144068,0.144068,0.161017,2.909091,3.666667,1.545455,2.125000,1.727273
