ID,fracocc_1,fracocc_2,fracocc_3,fracocc_4,fracocc_5,dwell_1,dwell_2,dwell_3,dwell_4,dwell_5
sub-002144a4,0.418605,0.395349,0.069767,0.069767,0.046512,3.000000,2.833333,1.000000,1.000000,2.000000
sub-01f9b016,0.317073,0.353659,0.134146,0.146341,0.048780,2.000000,2.900000,1.571429,1.714286,1.000000
sub-027054b4,0.285714,0.246753,0.207792,0.207792,0.051948,2.200000,2.111111,2.285714,2.285714,1.000000
sub-043cc212,0.200000,0.200000,0.233333,0.250000,0.116667,2.400000,1.714286,2.000000,2.500000,1.750000
sub-04d04ea4,0.083333,0.166667,0.312500,0.291667,0.145833,2.000000,1.333333,2.142857,2.000000,1.750000
sub-04ea294f,0.241935,0.193548,0.209677,0.306452,0.048387,1.500000,1.714286,1.625000,2.111111,1.500000
sub-05a3dcd8,0.228261,0.282609,0.239130,0.206522,0.043478,1.750000,2.000000,2.750000,1.900000,1.000000
sub-05e2a0c1,0.196721,0.196721,0.229508,0.278689,0.098361,2.000000,1.714286,2.333333,2.428571,2.000000
sub-06049101,0.232759,0.215517,0.267241,0.267241,0.017241,2.076923,2.272727,2.583333,2.818182,1.000000
sub-06247dd4,0.219512,0.219512,0.219512,0.243902,0.097561,1.800000,1.800000,1.800000,1.666667,2.000000
sub-067ed1e5,0.446809,0.276596,0.106383,0.106383,0.063830,3.500000,2.166667,1.666667,1.250000,1.500000
sub-0690e761,0.242991,0.233645,0.205607,0.177570,0.140187,2.166667,2.083333,1.692308,1.900000,1.875000
sub-0702da0a,0.162162,0.270270,0.171171,0.234234,0.162162,2.250000,2.307692,1.900000,2.363636,1.800000
sub-07639182,0.463415,0.463415,0.024390,0.000000,0.048780,2.714286,2.714286,1.000000,NaN,1.000000
sub-07bb0c3d,0.320513,0.358974,0.089744,0.141026,0.089744,2.083333,3.111111,1.400000,1.571429,1.000000
sub-07f81fd1,0.222222,0.268519,0.185185,0.185185,0.138889,1.846154,2.416667,2.222222,1.818182,1.666667
sub-082bf2e9,0.227848,0.215190,0.278481,0.189873,0.088608,1.800000,2.125000,1.833333,1.666667,1.166667
sub-0843ac34,0.144928,0.231884,0.217391,0.130435,0.275362,1.428571,1.777778,1.666667,1.500000,1.900000
sub-0861ebb9,0.213675,0.205128,0.239316,0.196581,0.145299,1.785714,1.846154,2.000000,2.300000,2.428571
sub-0905f56e,0.300885,0.256637,0.168142,0.141593,0.132743,2.125000,2.416667,1.727273,1.600000,1.875000
sub-09ab4ffe,0.301370,0.273973,0.164384,0.136986,0.123288,2.444444,2.500000,2.000000,1.428571,1.800000
sub-09b2bd27,0.166667,0.208333,0.263889,0.291667,0.069444,1.500000,1.500000,2.111111,2.100000,1.000000
sub-0a01b9d9,0.357798,0.311927,0.064220,0.045872,0.220183,3.900000,2.615385,1.400000,1.000000,2.400000
sub-0a588feb,0.298246,0.298246,0.140351,0.228070,0.035088,2.125000,2.833333,1.600000,1.857143,1.000000
sub-0a6b75dd,0.093023,0.069767,0.325581,0.302326,0.209302,2.000000,1.000000,3.500000,1.857143,1.500000
sub-0a6d3b93,0.184466,0.203883,0.252427,0.252427,0.106796,1.900000,1.909091,2.000000,2.363636,1.222222
sub-0c8924f1,0.282609,0.347826,0.173913,0.152174,0.043478,3.250000,2.666667,2.666667,2.333333,1.000000
sub-0cb28382,0.116667,0.150000,0.300000,0.233333,0.200000,1.272727,1.636364,2.400000,1.866667,1.600000
sub-0d76c045,0.365854,0.365854,0.158537,0.097561,0.012195,2.500000,2.727273,1.444444,1.333333,1.000000
sub-0d8c474d,0.156250,0.177083,0.333333,0.302083,0.031250,1.500000,1.888889,2.285714,2.900000,1.000000
sub-0e38a13d,0.395833,0.375000,0.062500,0.104167,0.062500,2.533333,2.571429,1.200000,1.666667,1.000000
sub-0ece6939,0.168421,0.136842,0.294737,0.273684,0.126316,2.000000,1.857143,2.545455,2.363636,1.714286
sub-0eeacdcc,0.139535,0.139535,0.348837,0.372093,0.000000,2.000000,1.500000,2.500000,3.200000,NaN
sub-0fd33fbd,0.132075,0.150943,0.330189,0.292453,0.094340,1.400000,1.777778,2.500000,2.384615,1.428571
sub-100ae6a8,0.241935,0.258065,0.241935,0.137097,0.120968,3.000000,3.200000,3.750000,2.428571,1.500000
sub-102dbf16,0.302326,0.325581,0.116279,0.093023,0.162791,2.166667,2.800000,1.666667,2.000000,2.333333
sub-10cc8e1a,0.229358,0.238532,0.174312,0.183486,0.174312,2.500000,2.000000,1.727273,2.500000,2.375000
sub-10ef2d14,0.148515,0.118812,0.336634,0.336634,0.059406,1.875000,1.714286,2.615385,2.615385,1.500000
sub-111c7d70,0.264463,0.256198,0.165289,0.173554,0.140496,2.461538,2.066667,1.538462,1.312500,1.888889
sub-11ac5d6f,0.153846,0.173077,0.288462,0.250000,0.134615,1.600000,1.500000,3.000000,3.250000,1.400000
sub-11c2856c,0.074766,0.177570,0.345794,0.336449,0.065421,1.142857,1.583333,2.312500,3.000000,1.000000
sub-11d0f29c,0.228070,0.157895,0.210526,0.315789,0.087719,1.625000,1.285714,1.714286,2.000000,1.250000
sub-1312d0ff,0.147541,0.147541,0.311475,0.278689,0.114754,1.800000,2.000000,2.714286,3.090909,1.750000
sub-1320dd84,0.319444,0.291667,0.166667,0.097222,0.125000,2.875000,2.333333,1.333333,1.400000,1.285714
sub-1332af4c,0.266667,0.200000,0.233333,0.150000,0.150000,2.000000,1.500000,1.750000,2.250000,1.285714
sub-15a4b244,0.129870,0.142857,0.389610,0.285714,0.051948,1.428571,1.222222,2.307692,2.200000,1.000000
sub-163d7ed3,0.305085,0.220339,0.220339,0.169492,0.084746,2.000000,2.166667,1.857143,1.666667,1.250000
sub-16433f95,0.279570,0.290323,0.182796,0.204301,0.043011,2.600000,2.076923,1.545455,1.900000,1.333333
sub-16aa832a,0.291667,0.229167,0.208333,0.270833,0.000000,2.333333,1.833333,2.000000,1.857143,NaN
sub-17a0e410,0.186275,0.186275,0.294118,0.264706,0.068627,1.900000,1.900000,2.307692,1.928571,1.750000
sub-17a748b7,0.214286,0.190476,0.285714,0.250000,0.059524,2.000000,2.000000,2.181818,2.100000,1.250000
sub-17d6eab1,0.260870,0.260870,0.239130,0.239130,0.000000,2.000000,1.714286,1.833333,1.375000,NaN
sub-189c4ed9,0.337662,0.298701,0.168831,0.129870,0.064935,2.166667,2.555556,1.857143,1.428571,1.250000
sub-18ebfa2a,0.164179,0.119403,0.298507,0.328358,0.089552,1.833333,1.600000,1.818182,2.200000,1.500000
sub-199064eb,0.126984,0.126984,0.349206,0.285714,0.111111,2.000000,2.000000,2.200000,2.000000,1.400000
sub-1a220630,0.343137,0.303922,0.137255,0.186275,0.029412,2.692308,2.818182,2.333333,1.583333,1.500000
sub-1a220b08,0.208333,0.183333,0.191667,0.266667,0.150000,2.083333,1.833333,2.555556,2.133333,1.800000
sub-1a554710,0.391304,0.413043,0.108696,0.065217,0.021739,3.600000,2.714286,1.000000,1.000000,1.000000
sub-1ab48098,0.325581,0.325581,0.069767,0.162791,0.116279,2.333333,2.333333,1.000000,1.400000,1.250000
sub-1abb75bb,0.214953,0.271028,0.205607,0.252336,0.056075,2.090909,2.230769,2.000000,2.454545,1.500000
sub-1ad3126c,0.285714,0.304762,0.171429,0.171429,0.066667,2.000000,2.133333,1.800000,1.500000,1.400000
sub-1b04c4e8,0.178571,0.196429,0.160714,0.214286,0.250000,2.222222,1.833333,1.500000,2.400000,2.545455
sub-1b158b53,0.260000,0.190000,0.230000,0.250000,0.070000,2.363636,2.111111,1.769231,2.500000,1.400000
sub-1b26a3a7,0.189655,0.206897,0.137931,0.189655,0.275862,2.200000,1.714286,1.600000,1.571429,2.000000
sub-1b3249e3,0.171429,0.152381,0.333333,0.238095,0.104762,1.636364,1.454545,2.187500,1.785714,1.375000
sub-1b4d987d,0.179487,0.243590,0.294872,0.243590,0.038462,1.555556,1.900000,2.300000,2.714286,1.000000
sub-1ba70ca4,0.218182,0.236364,0.200000,0.109091,0.236364,3.000000,3.250000,1.571429,1.200000,2.166667
sub-1df8b621,0.209877,0.135802,0.246914,0.296296,0.111111,1.700000,1.375000,2.000000,2.400000,1.500000
sub-1f1c771a,0.308824,0.264706,0.220588,0.132353,0.073529,2.333333,1.800000,1.875000,1.800000,1.000000
sub-1f3aff89,0.166667,0.240741,0.222222,0.277778,0.092593,1.285714,1.857143,2.000000,2.500000,1.000000
sub-200e44cf,0.363636,0.246753,0.168831,0.116883,0.103896,2.333333,2.111111,1.625000,1.285714,1.600000
sub-2063f677,0.123457,0.061728,0.320988,0.395062,0.098765,1.428571,1.250000,2.888889,2.909091,1.333333
sub-209adc63,0.221053,0.294737,0.200000,0.200000,0.084211,1.750000,2.333333,1.900000,1.900000,1.600000
sub-20f2c2dc,0.257143,0.242857,0.171429,0.185714,0.142857,2.000000,2.125000,1.500000,2.166667,2.000000
sub-22521d13,0.341463,0.439024,0.048780,0.121951,0.048780,2.333333,3.600000,1.000000,1.666667,2.000000
sub-242e6201,0.144330,0.123711,0.340206,0.257732,0.134021,2.333333,1.333333,2.750000,2.272727,1.857143
sub-28b7fb5c,0.230769,0.274725,0.131868,0.153846,0.208791,2.100000,1.923077,1.200000,2.333333,1.583333
sub-28cb3ca5,0.238095,0.238095,0.238095,0.285714,0.000000,2.000000,1.428571,1.250000,3.000000,NaN
sub-29113867,0.330508,0.330508,0.110169,0.093220,0.135593,2.294118,2.600000,1.857143,1.571429,1.600000
sub-2ad31d26,0.227273,0.200000,0.136364,0.209091,0.227273,2.083333,1.692308,1.666667,2.300000,2.083333
sub-2b0871d6,0.338843,0.264463,0.123967,0.115702,0.157025,2.928571,2.461538,1.666667,1.166667,1.583333
sub-2b2a6376,0.100000,0.100000,0.450000,0.350000,0.000000,1.000000,1.333333,2.571429,2.800000,NaN
sub-2bc4d8d2,0.207547,0.226415,0.207547,0.169811,0.188679,2.200000,2.000000,1.833333,3.000000,2.000000
sub-2ca07b08,0.129630,0.148148,0.194444,0.250000,0.277778,1.400000,2.000000,1.750000,2.454545,2.142857
sub-2d4a2c97,0.287129,0.217822,0.158416,0.247525,0.089109,2.416667,2.000000,1.600000,2.777778,1.285714
sub-2dee6861,0.264463,0.305785,0.214876,0.198347,0.016529,1.777778,2.846154,1.857143,1.714286,1.000000
sub-2e76170f,0.017094,0.017094,0.393162,0.435897,0.136752,1.000000,1.000000,2.875000,3.000000,1.454545
sub-2e86e2e1,0.275862,0.318966,0.103448,0.120690,0.181034,2.461538,2.846154,1.333333,1.555556,2.100000
sub-300b9a4e,0.270270,0.229730,0.229730,0.229730,0.040541,1.666667,1.888889,1.700000,1.545455,1.500000
sub-322b1968,0.274510,0.294118,0.196078,0.117647,0.117647,3.500000,2.500000,2.500000,1.500000,2.000000
sub-32ba90c6,0.190000,0.210000,0.240000,0.310000,0.050000,1.727273,2.333333,2.181818,2.214286,1.250000
sub-336c6a14,0.275000,0.300000,0.150000,0.175000,0.100000,3.666667,2.400000,1.500000,2.333333,1.333333
sub-3460267b,0.127660,0.212766,0.308511,0.308511,0.042553,1.333333,2.222222,3.222222,2.636364,2.000000
sub-3550eb0f,0.190909,0.227273,0.127273,0.263636,0.190909,1.615385,2.500000,2.000000,1.933333,2.333333
sub-35bbf385,0.228070,0.289474,0.192982,0.157895,0.131579,2.600000,3.000000,2.200000,1.800000,1.875000
sub-3640fe52,0.336735,0.326531,0.081633,0.132653,0.122449,2.538462,2.909091,1.333333,1.625000,1.200000
sub-36519dd0,0.139130,0.173913,0.304348,0.278261,0.104348,2.285714,2.000000,2.692308,2.666667,1.714286
sub-37165862,0.404762,0.404762,0.023810,0.071429,0.095238,2.833333,2.833333,1.000000,1.000000,1.000000
sub-3848b58d,0.066667,0.200000,0.311111,0.177778,0.244444,1.000000,1.500000,2.000000,1.600000,2.750000
sub-38c5639c,0.177419,0.193548,0.225806,0.290323,0.112903,1.571429,1.714286,2.333333,2.000000,1.400000
sub-38f314cd,0.369048,0.285714,0.190476,0.130952,0.023810,2.583333,2.181818,1.600000,1.222222,1.000000
sub-39673a69,0.347826,0.234783,0.165217,0.173913,0.078261,3.076923,1.928571,1.583333,2.222222,1.285714
sub-3994de59,0.344262,0.327869,0.098361,0.065574,0.163934,3.500000,2.500000,2.000000,1.333333,2.000000
sub-3a0daaaf,0.254386,0.315789,0.149123,0.157895,0.122807,2.416667,2.571429,1.545455,2.000000,2.000000
sub-3a2dfb74,0.196429,0.258929,0.133929,0.223214,0.187500,2.200000,2.416667,1.666667,1.785714,3.000000
sub-3a78a22f,0.037736,0.075472,0.377358,0.358491,0.150943,1.000000,1.333333,3.333333,2.375000,2.000000
sub-3b3bd955,0.181818,0.159091,0.272727,0.295455,0.090909,1.600000,1.400000,1.714286,2.166667,4.000000
sub-3cfbfc02,0.325581,0.232558,0.232558,0.186047,0.023256,2.800000,2.500000,2.500000,4.000000,1.000000
sub-3d028654,0.157143,0.142857,0.285714,0.328571,0.085714,1.571429,2.000000,2.000000,1.769231,1.200000
sub-3d210a9b,0.370370,0.342593,0.101852,0.157407,0.027778,2.857143,2.312500,1.375000,1.545455,1.000000
sub-3eb8d3bf,0.414634,0.390244,0.097561,0.073171,0.024390,2.428571,2.285714,1.000000,1.000000,1.000000
sub-40293e84,0.039216,0.058824,0.450980,0.431373,0.019608,1.000000,1.000000,2.300000,2.750000,1.000000
sub-4032cf6b,0.303030,0.287879,0.151515,0.136364,0.121212,2.000000,1.900000,1.666667,1.285714,1.333333
sub-40f47868,0.095238,0.142857,0.247619,0.266667,0.247619,1.250000,1.875000,2.166667,1.866667,2.000000
sub-41220b0b,0.246377,0.275362,0.173913,0.159420,0.144928,2.428571,2.111111,2.000000,2.750000,1.666667
sub-41370528,0.263636,0.327273,0.136364,0.181818,0.090909,2.071429,2.571429,1.500000,2.000000,1.250000
sub-417434b4,0.301587,0.301587,0.174603,0.095238,0.126984,2.111111,1.900000,2.200000,1.200000,2.000000
sub-41856e5d,0.315789,0.294737,0.200000,0.126316,0.063158,2.307692,2.333333,1.900000,2.400000,1.000000
sub-41c3d142,0.238636,0.238636,0.215909,0.238636,0.068182,1.750000,1.750000,2.111111,2.100000,1.200000
sub-41fbc0f3,0.202532,0.278481,0.240506,0.088608,0.189873,1.777778,1.833333,2.111111,1.750000,1.875000
sub-4334c34a,0.200000,0.263636,0.209091,0.209091,0.118182,2.000000,2.071429,2.300000,1.769231,1.444444
sub-437761bd,0.148148,0.185185,0.111111,0.203704,0.351852,1.333333,2.000000,1.200000,1.571429,2.714286
sub-43ebfbbb,0.108911,0.079208,0.356436,0.257426,0.198020,1.375000,1.333333,3.272727,4.333333,2.500000
sub-445369ee,0.139535,0.174419,0.255814,0.348837,0.081395,2.000000,1.500000,2.750000,2.142857,1.750000
sub-4515049b,0.241379,0.206897,0.241379,0.293103,0.017241,1.750000,2.400000,2.333333,2.833333,1.000000
sub-451edb82,0.125000,0.270833,0.166667,0.083333,0.354167,2.000000,2.166667,2.000000,1.333333,2.125000
sub-45963cd9,0.184874,0.142857,0.252101,0.268908,0.151261,1.294118,1.700000,2.307692,1.882353,1.500000
sub-46c94944,0.318841,0.260870,0.130435,0.202899,0.086957,2.000000,1.800000,1.500000,1.400000,1.000000
sub-4705928b,0.304348,0.195652,0.108696,0.173913,0.217391,1.750000,1.800000,1.250000,1.600000,2.500000
sub-47b5cd5d,0.325000,0.400000,0.000000,0.050000,0.225000,2.600000,4.000000,NaN,2.000000,2.250000
sub-47ff0b5d,0.200000,0.254545,0.272727,0.272727,0.000000,1.833333,2.800000,2.142857,1.875000,NaN
sub-48301435,0.088710,0.161290,0.282258,0.225806,0.241935,1.222222,1.538462,2.500000,2.333333,3.000000
sub-4892df67,0.236559,0.247312,0.182796,0.204301,0.129032,3.666667,2.555556,1.888889,1.900000,2.000000
sub-48f34a50,0.279070,0.302326,0.209302,0.116279,0.093023,2.666667,2.600000,2.250000,1.428571,1.142857
sub-490a5440,0.392157,0.294118,0.098039,0.196078,0.019608,2.857143,3.000000,1.666667,2.000000,1.000000
sub-4a3363b4,0.222222,0.222222,0.151515,0.212121,0.191919,2.000000,1.833333,1.500000,2.100000,1.727273
sub-4baf4e00,0.200000,0.275000,0.250000,0.225000,0.050000,1.600000,2.750000,1.666667,2.250000,2.000000
sub-4bfc7483,0.110000,0.110000,0.320000,0.270000,0.190000,1.833333,1.100000,1.882353,2.076923,1.461538
sub-4c9e5f08,0.160714,0.151786,0.258929,0.250000,0.178571,1.800000,1.416667,1.812500,1.866667,1.818182
sub-4ce20477,0.326531,0.448980,0.102041,0.061224,0.061224,3.200000,2.444444,1.000000,1.500000,1.500000
sub-4d3ebb1f,0.140351,0.087719,0.298246,0.438596,0.035088,1.333333,1.250000,2.428571,3.125000,2.000000
sub-4d7de89b,0.304348,0.391304,0.152174,0.130435,0.021739,1.750000,2.571429,1.400000,1.200000,1.000000
sub-4d82789f,0.208696,0.208696,0.147826,0.200000,0.234783,1.846154,2.181818,1.700000,2.090909,1.928571
sub-4e66fd00,0.215054,0.301075,0.247312,0.215054,0.021505,2.000000,2.545455,2.875000,2.000000,2.000000
sub-4eb39e66,0.336634,0.287129,0.198020,0.079208,0.099010,2.615385,2.636364,1.538462,1.333333,1.428571
sub-4ee3bec8,0.178571,0.303571,0.267857,0.214286,0.035714,2.000000,2.428571,2.142857,2.000000,2.000000
sub-4fe3efa8,0.194444,0.152778,0.250000,0.291667,0.111111,2.000000,1.375000,2.000000,1.909091,2.000000
sub-503a9485,0.458333,0.354167,0.125000,0.041667,0.020833,3.142857,2.833333,1.500000,2.000000,1.000000
sub-51d4527b,0.300000,0.310000,0.180000,0.140000,0.070000,2.307692,2.583333,1.384615,1.400000,1.400000
sub-536444bd,0.142857,0.107143,0.285714,0.250000,0.214286,1.333333,1.500000,1.777778,2.333333,2.000000
sub-539c0a2c,0.214286,0.285714,0.250000,0.250000,0.000000,1.500000,1.777778,2.000000,2.000000,NaN
sub-53ca96bd,0.357143,0.190476,0.238095,0.214286,0.000000,2.500000,2.000000,1.666667,2.250000,NaN
sub-53ebe38a,0.025000,0.050000,0.425000,0.325000,0.175000,1.000000,1.000000,2.833333,2.166667,1.750000
sub-546b5793,0.214286,0.228571,0.228571,0.242857,0.085714,2.142857,1.600000,2.285714,1.888889,1.500000
sub-5487a0a4,0.096154,0.096154,0.307692,0.307692,0.192308,1.250000,1.250000,2.285714,2.000000,2.500000
sub-557edca4,0.064103,0.128205,0.320513,0.346154,0.141026,1.250000,1.428571,1.923077,2.250000,1.375000
sub-572ae124,0.286885,0.237705,0.155738,0.180328,0.139344,1.944444,2.230769,1.727273,1.466667,1.700000
sub-57799fa6,0.323077,0.307692,0.169231,0.153846,0.046154,2.100000,2.000000,1.375000,1.428571,1.000000
sub-57a99ec4,0.134146,0.109756,0.353659,0.365854,0.036585,1.571429,1.285714,2.900000,2.500000,1.500000
sub-58599b98,0.046875,0.078125,0.375000,0.359375,0.140625,1.000000,1.000000,2.666667,2.875000,1.500000
sub-58d30253,0.357143,0.380952,0.119048,0.119048,0.023810,3.000000,3.200000,1.666667,1.666667,1.000000
sub-59e8e368,0.067797,0.067797,0.338983,0.423729,0.101695,1.000000,1.333333,2.857143,2.777778,1.500000
sub-5aa627a7,0.239130,0.304348,0.195652,0.217391,0.043478,1.571429,2.333333,1.125000,2.000000,2.000000
sub-5ae55577,0.126126,0.162162,0.261261,0.270270,0.180180,2.000000,1.636364,2.636364,1.875000,1.666667
sub-5b0641bc,0.138298,0.117021,0.297872,0.297872,0.148936,1.857143,1.222222,2.545455,2.333333,1.555556
sub-5bb6dd44,0.190476,0.202381,0.226190,0.309524,0.071429,2.000000,2.125000,2.375000,2.166667,2.000000
sub-5c94d7fd,0.442308,0.413462,0.057692,0.067308,0.019231,2.421053,2.150000,1.200000,1.166667,1.000000
sub-5d19125e,0.225000,0.225000,0.212500,0.250000,0.087500,2.250000,2.571429,2.428571,2.222222,1.400000
sub-5d1f5dbc,0.056818,0.090909,0.261364,0.329545,0.261364,1.250000,1.333333,2.090909,2.416667,2.875000
sub-5d57b43d,0.364486,0.327103,0.093458,0.168224,0.046729,2.166667,2.333333,1.666667,1.800000,1.000000
sub-5d5af7d0,0.232143,0.178571,0.303571,0.196429,0.089286,2.166667,1.666667,2.125000,2.200000,1.666667
sub-5e4930e8,0.241379,0.250000,0.215517,0.181034,0.112069,2.333333,1.933333,2.272727,2.100000,1.625000
sub-5ebaa9b8,0.230769,0.173077,0.250000,0.326923,0.019231,2.400000,1.500000,2.166667,2.833333,1.000000
sub-5f4bcb1e,0.160000,0.152000,0.304000,0.216000,0.168000,1.666667,1.461538,1.900000,2.076923,1.500000
sub-5fc3275a,0.337209,0.372093,0.081395,0.081395,0.127907,2.900000,2.461538,1.166667,1.000000,1.833333
sub-60022f18,0.325301,0.313253,0.144578,0.108434,0.108434,2.076923,2.363636,1.500000,1.800000,1.500000
sub-60416b0f,0.186047,0.174419,0.279070,0.267442,0.093023,2.000000,1.875000,2.666667,2.555556,1.333333
sub-60f9a441,0.212389,0.221239,0.256637,0.221239,0.088496,2.000000,2.083333,2.416667,2.500000,1.250000
sub-61050925,0.211538,0.134615,0.211538,0.230769,0.211538,2.750000,1.750000,1.833333,4.000000,1.833333
sub-617dcfd9,0.220183,0.192661,0.284404,0.211009,0.091743,2.400000,2.100000,2.818182,2.555556,1.666667
sub-62cd11bb,0.098901,0.109890,0.340659,0.362637,0.087912,1.285714,1.250000,2.384615,2.538462,1.142857
sub-6366e0d1,0.345455,0.272727,0.200000,0.127273,0.054545,2.111111,2.307692,1.833333,1.400000,1.200000
sub-642987eb,0.413043,0.347826,0.065217,0.086957,0.086957,3.166667,2.666667,1.500000,2.000000,1.333333
sub-648f436c,0.404762,0.285714,0.142857,0.095238,0.071429,3.400000,4.000000,1.500000,1.333333,1.500000
sub-66f8a2ac,0.444444,0.351852,0.055556,0.037037,0.111111,3.000000,3.166667,1.000000,1.000000,1.500000
sub-673bb95f,0.270833,0.270833,0.125000,0.187500,0.145833,2.166667,2.600000,2.000000,1.800000,1.750000
sub-681777ef,0.217822,0.158416,0.277228,0.207921,0.138614,1.833333,1.333333,2.333333,1.615385,1.750000
sub-68fb75a6,0.245902,0.360656,0.196721,0.196721,0.000000,2.142857,3.666667,2.000000,2.000000,NaN
sub-6aea7f4e,0.250000,0.115385,0.307692,0.326923,0.000000,2.600000,1.714286,2.909091,3.400000,NaN
sub-6af20abb,0.235294,0.235294,0.137255,0.196078,0.196078,1.714286,2.000000,1.750000,2.000000,1.428571
sub-6b5e9346,0.223684,0.210526,0.236842,0.236842,0.092105,2.125000,2.000000,1.636364,2.000000,1.166667
sub-6bece886,0.272727,0.363636,0.181818,0.113636,0.068182,2.000000,2.000000,1.333333,1.000000,1.500000
sub-6d8bf370,0.444444,0.296296,0.055556,0.111111,0.092593,3.428571,2.285714,1.500000,1.500000,1.666667
sub-6ddb35f0,0.190083,0.214876,0.272727,0.206612,0.115702,1.916667,2.000000,2.062500,1.785714,2.000000
sub-6e2c5f17,0.219780,0.252747,0.274725,0.208791,0.043956,2.222222,2.555556,2.777778,2.111111,2.000000
sub-6e536f3e,0.197531,0.123457,0.271605,0.320988,0.086420,1.777778,1.111111,2.200000,2.166667,1.750000
sub-6e8ee48f,0.250000,0.153846,0.240385,0.201923,0.153846,1.857143,1.777778,1.666667,1.909091,2.285714
sub-6eac2893,0.214286,0.190476,0.238095,0.142857,0.214286,2.250000,2.000000,3.333333,1.500000,1.800000
sub-6f0d63a9,0.363636,0.318182,0.113636,0.159091,0.045455,3.200000,2.333333,1.666667,3.500000,1.000000
sub-6f4a64d6,0.291262,0.291262,0.155340,0.213592,0.048544,2.142857,1.875000,1.333333,1.833333,1.000000
sub-6fe4c23f,0.403846,0.365385,0.057692,0.038462,0.134615,3.000000,2.375000,1.000000,1.000000,1.750000
sub-7129811d,0.310345,0.344828,0.114943,0.114943,0.114943,2.250000,2.307692,1.000000,1.666667,2.500000
sub-71d507ab,0.173077,0.211538,0.269231,0.288462,0.057692,3.000000,2.750000,2.333333,2.500000,1.000000
sub-72419430,0.175439,0.192982,0.219298,0.289474,0.122807,1.666667,1.692308,1.923077,2.750000,2.333333
sub-72dec9fe,0.245283,0.245283,0.320755,0.169811,0.018868,1.857143,2.600000,2.833333,1.800000,1.000000
sub-72fff8ec,0.177778,0.155556,0.288889,0.177778,0.200000,2.000000,1.750000,2.166667,1.600000,1.500000
sub-733e1964,0.146341,0.268293,0.268293,0.317073,0.000000,1.500000,1.833333,2.200000,2.600000,NaN
sub-744e48f4,0.154930,0.225352,0.253521,0.281690,0.084507,1.571429,2.000000,2.250000,1.818182,1.200000
sub-74b9e95a,0.240000,0.173333,0.186667,0.293333,0.106667,2.250000,2.166667,2.333333,2.444444,1.333333
sub-74d3a45b,0.234783,0.226087,0.260870,0.243478,0.034783,1.928571,1.733333,1.875000,1.866667,1.333333
sub-74fc8a4c,0.146067,0.213483,0.179775,0.213483,0.247191,2.166667,2.375000,2.000000,1.900000,2.000000
sub-75590b12,0.120000,0.146667,0.360000,0.306667,0.066667,1.285714,1.833333,1.928571,1.769231,1.666667
sub-757a7368,0.319149,0.170213,0.276596,0.191489,0.042553,3.000000,2.000000,2.600000,3.000000,2.000000
sub-757bfead,0.298969,0.360825,0.144330,0.144330,0.051546,2.416667,2.500000,2.000000,1.750000,1.666667
sub-75b56173,0.125000,0.150000,0.350000,0.375000,0.000000,2.500000,1.500000,2.800000,2.500000,NaN
sub-7797c6e0,0.260000,0.280000,0.100000,0.200000,0.160000,1.857143,2.333333,1.666667,1.666667,1.600000
sub-78abd477,0.090909,0.103896,0.350649,0.337662,0.116883,1.166667,1.000000,2.076923,2.166667,2.250000
sub-78b98932,0.242718,0.233010,0.233010,0.233010,0.058252,2.500000,2.666667,2.181818,2.000000,1.000000
sub-7a6852fe,0.421687,0.325301,0.144578,0.048193,0.060241,2.692308,2.250000,1.333333,2.000000,1.250000
sub-7a6c9f84,0.123457,0.135802,0.358025,0.271605,0.111111,1.111111,1.833333,3.222222,2.000000,1.800000
sub-7b490831,0.129630,0.166667,0.222222,0.277778,0.203704,1.400000,1.500000,2.000000,2.500000,1.833333
sub-7b4fb0a4,0.180723,0.156627,0.216867,0.301205,0.144578,2.142857,1.625000,2.571429,2.083333,1.714286
sub-7c14f81f,0.361446,0.385542,0.120482,0.060241,0.072289,2.727273,2.461538,1.666667,1.250000,1.200000
sub-7c902397,0.178082,0.123288,0.232877,0.191781,0.273973,2.166667,1.285714,1.700000,2.333333,2.500000
sub-7cb89269,0.300000,0.342857,0.157143,0.142857,0.057143,2.100000,2.400000,1.571429,2.000000,1.333333
sub-7ce9f494,0.258427,0.269663,0.134831,0.213483,0.123596,3.285714,2.400000,1.714286,2.714286,1.375000
sub-7d2bc2fd,0.256098,0.243902,0.146341,0.256098,0.097561,2.100000,1.818182,1.714286,1.909091,1.333333
sub-7f71fc8c,0.117647,0.078431,0.294118,0.294118,0.215686,1.500000,1.333333,1.666667,3.000000,2.200000
sub-7fb70f97,0.419355,0.403226,0.064516,0.032258,0.080645,3.250000,2.777778,1.333333,1.000000,1.666667
sub-805eaf65,0.175824,0.164835,0.329670,0.307692,0.021978,1.333333,1.875000,2.727273,2.545455,1.000000
sub-80fd1fc5,0.130435,0.289855,0.173913,0.231884,0.173913,1.800000,2.500000,1.714286,1.777778,1.714286
sub-8141a2a4,0.391304,0.478261,0.086957,0.021739,0.021739,3.600000,3.142857,1.000000,1.000000,1.000000
sub-818d22db,0.260274,0.150685,0.219178,0.123288,0.246575,1.900000,1.571429,1.600000,1.285714,2.000000
sub-8196d6cb,0.088889,0.088889,0.177778,0.266667,0.377778,1.000000,1.333333,1.600000,2.000000,4.250000
sub-81a5ea6b,0.255556,0.277778,0.144444,0.177778,0.144444,1.916667,2.083333,2.166667,1.777778,1.625000
sub-8239533c,0.136986,0.068493,0.246575,0.342466,0.205479,1.250000,1.666667,2.250000,2.500000,2.142857
sub-82a5c122,0.272727,0.272727,0.068182,0.125000,0.261364,2.181818,2.181818,1.200000,1.833333,1.916667
sub-83566918,0.291262,0.281553,0.184466,0.145631,0.097087,2.142857,2.416667,1.900000,1.500000,1.666667
sub-83ca9ddb,0.402778,0.361111,0.097222,0.138889,0.000000,3.222222,2.363636,2.333333,2.000000,NaN
sub-83da2896,0.159292,0.141593,0.247788,0.265487,0.185841,1.636364,2.000000,2.545455,2.307692,2.100000
sub-86014e8c,0.112245,0.112245,0.275510,0.285714,0.214286,1.375000,1.833333,2.454545,1.866667,1.909091
sub-8614d836,0.240385,0.173077,0.211538,0.221154,0.153846,1.785714,2.000000,1.833333,1.769231,1.454545
sub-864ef605,0.157025,0.206612,0.231405,0.231405,0.173554,1.583333,1.785714,2.153846,2.000000,1.615385
sub-8678f9dc,0.225806,0.241935,0.258065,0.241935,0.032258,1.750000,2.500000,2.666667,2.142857,2.000000
sub-8682f3a4,0.281250,0.218750,0.265625,0.203125,0.031250,2.250000,1.400000,1.888889,1.857143,1.000000
sub-87bfd3f2,0.309091,0.145455,0.127273,0.181818,0.236364,2.428571,2.000000,1.750000,2.000000,2.166667
sub-87dcbb1f,0.188235,0.176471,0.223529,0.247059,0.164706,1.777778,1.500000,2.714286,2.100000,2.000000
sub-88869384,0.273585,0.273585,0.198113,0.150943,0.103774,2.230769,2.900000,1.750000,1.777778,1.571429
sub-8992c8ca,0.095238,0.023810,0.333333,0.380952,0.166667,2.000000,1.000000,2.333333,2.666667,1.400000
sub-89b4271c,0.120000,0.090000,0.400000,0.320000,0.070000,1.333333,1.500000,3.076923,2.133333,1.166667
sub-8a4b4481,0.275862,0.241379,0.258621,0.189655,0.034483,2.285714,1.750000,2.142857,1.833333,2.000000
sub-8aab319e,0.158730,0.206349,0.301587,0.285714,0.047619,1.428571,1.625000,1.900000,2.571429,1.500000
sub-8ab7dfa3,0.046512,0.023256,0.441860,0.465116,0.023256,1.000000,1.000000,2.923077,3.076923,1.000000
sub-8ba3922c,0.297619,0.357143,0.142857,0.083333,0.119048,2.272727,2.727273,1.500000,1.400000,1.666667
sub-8bcb6f08,0.271930,0.280702,0.228070,0.192982,0.026316,2.066667,2.285714,1.857143,2.200000,1.500000
sub-8cd782e3,0.057143,0.071429,0.357143,0.414286,0.100000,1.000000,1.666667,2.777778,2.900000,1.400000
sub-8d4c6dc4,0.106195,0.061947,0.371681,0.371681,0.088496,1.714286,1.400000,2.625000,3.230769,1.428571
sub-8d557571,0.267857,0.303571,0.125000,0.232143,0.071429,2.500000,2.428571,1.750000,2.166667,1.333333
sub-8dd4a00a,0.400000,0.266667,0.152381,0.142857,0.038095,2.333333,2.545455,1.600000,1.666667,1.333333
sub-8eec5555,0.250000,0.250000,0.145833,0.229167,0.125000,2.000000,2.400000,2.333333,3.666667,1.200000
sub-8f3c6a08,0.021277,0.085106,0.446809,0.382979,0.063830,1.000000,1.333333,4.200000,3.272727,1.000000
sub-8f4252fd,0.190083,0.173554,0.206612,0.247934,0.181818,1.916667,1.750000,1.923077,2.307692,1.833333
sub-8fe06d8c,0.184615,0.230769,0.230769,0.246154,0.107692,1.714286,2.142857,1.875000,2.000000,1.750000
sub-9038a3a0,0.370968,0.225806,0.161290,0.193548,0.048387,3.285714,2.333333,1.666667,1.714286,1.500000
sub-9088b617,0.183673,0.234694,0.255102,0.255102,0.071429,1.800000,1.642857,2.777778,2.083333,1.166667
sub-90a0827e,0.253968,0.238095,0.206349,0.222222,0.079365,1.600000,1.875000,1.857143,1.750000,1.666667
sub-90f92579,0.295775,0.366197,0.154930,0.169014,0.014085,2.625000,2.166667,1.833333,1.714286,1.000000
sub-92da5dcd,0.234234,0.171171,0.252252,0.297297,0.045045,2.000000,1.727273,2.800000,2.750000,1.250000
sub-92e46917,0.253333,0.266667,0.173333,0.066667,0.240000,2.111111,2.500000,1.857143,1.666667,1.800000
sub-94389e60,0.225225,0.153153,0.243243,0.261261,0.117117,2.083333,1.545455,2.076923,2.230769,1.300000
sub-94a7bebf,0.274194,0.274194,0.209677,0.177419,0.064516,2.125000,2.125000,1.625000,1.833333,2.000000
sub-94b11e8a,0.333333,0.280702,0.157895,0.122807,0.105263,2.714286,2.285714,1.500000,1.750000,1.500000
sub-9556911c,0.219298,0.166667,0.263158,0.175439,0.175439,1.666667,1.727273,2.307692,1.818182,1.666667
sub-9626e986,0.266667,0.209524,0.219048,0.200000,0.104762,2.800000,2.000000,1.916667,1.750000,1.375000
sub-963e06ab,0.178947,0.189474,0.200000,0.221053,0.210526,1.700000,2.250000,2.375000,2.100000,1.818182
sub-964fc7b2,0.178947,0.168421,0.284211,0.263158,0.105263,1.416667,1.600000,1.928571,2.272727,1.250000
sub-96511618,0.150000,0.216667,0.300000,0.250000,0.083333,1.285714,1.625000,2.000000,2.142857,1.666667
sub-9657bb4d,0.290909,0.163636,0.236364,0.181818,0.127273,1.777778,1.500000,1.857143,1.666667,1.750000
sub-96a10c83,0.346154,0.282051,0.179487,0.102564,0.089744,2.454545,2.200000,1.555556,1.333333,1.750000
sub-96cf594a,0.265625,0.296875,0.187500,0.156250,0.093750,2.428571,2.111111,2.000000,1.666667,1.000000
sub-977fad27,0.292135,0.314607,0.067416,0.191011,0.134831,2.166667,2.153846,1.000000,2.125000,2.000000
sub-98265ac6,0.320755,0.283019,0.094340,0.132075,0.169811,3.400000,2.500000,1.250000,1.750000,2.250000
sub-98496c1a,0.242424,0.287879,0.136364,0.151515,0.181818,2.285714,2.375000,1.500000,1.428571,2.000000
sub-9897890f,0.142857,0.142857,0.402597,0.272727,0.038961,1.375000,2.200000,2.818182,2.333333,1.500000
sub-98a8f381,0.250000,0.206522,0.217391,0.206522,0.119565,1.769231,1.727273,1.666667,2.111111,1.222222
sub-9981e966,0.133333,0.166667,0.350000,0.300000,0.050000,1.600000,1.666667,3.000000,2.571429,1.000000
sub-9a4da035,0.173077,0.134615,0.326923,0.307692,0.057692,1.800000,1.400000,2.428571,2.285714,1.000000
sub-9bd0bbee,0.324324,0.297297,0.121622,0.148649,0.108108,3.000000,2.000000,1.800000,1.833333,1.142857
sub-9c0707cd,0.250000,0.250000,0.204545,0.227273,0.068182,3.666667,1.833333,2.250000,1.666667,1.000000
sub-9d06c8e3,0.254386,0.201754,0.228070,0.263158,0.052632,2.071429,2.300000,2.000000,2.500000,1.000000
sub-9d372e34,0.390000,0.350000,0.080000,0.120000,0.060000,3.000000,2.692308,1.142857,2.000000,1.500000
sub-9de71122,0.111111,0.111111,0.388889,0.319444,0.069444,1.600000,1.333333,2.545455,2.300000,1.250000
sub-9ee19387,0.125000,0.140625,0.328125,0.375000,0.031250,1.142857,1.285714,2.333333,2.000000,2.000000
sub-9ee70b72,0.130841,0.158879,0.224299,0.336449,0.149533,1.750000,1.545455,2.400000,2.250000,2.000000
sub-9f041651,0.178218,0.207921,0.198020,0.217822,0.198020,1.636364,2.100000,1.666667,2.000000,2.222222
sub-a0d6621a,0.289720,0.289720,0.168224,0.205607,0.046729,2.214286,2.818182,1.800000,1.571429,1.250000
sub-a0e4b7d4,0.244898,0.132653,0.214286,0.244898,0.163265,1.846154,1.625000,2.100000,2.400000,2.285714
sub-a0e73bdd,0.111111,0.095238,0.349206,0.317460,0.126984,1.400000,1.500000,3.142857,2.500000,1.600000
sub-a0f6bdb9,0.292683,0.317073,0.146341,0.243902,0.000000,2.400000,2.166667,1.500000,1.666667,NaN
sub-a140220d,0.200000,0.254545,0.272727,0.127273,0.145455,1.833333,1.750000,2.500000,1.400000,1.600000
sub-a1e6bde2,0.191489,0.234043,0.223404,0.287234,0.063830,1.800000,2.000000,2.100000,2.454545,1.200000
sub-a1ea13f5,0.265957,0.329787,0.127660,0.170213,0.106383,2.083333,2.583333,1.333333,2.000000,1.250000
sub-a309ec12,0.160000,0.106667,0.306667,0.293333,0.133333,1.500000,1.333333,2.090909,2.444444,1.428571
sub-a3186766,0.205882,0.250000,0.191176,0.279412,0.073529,2.800000,2.125000,3.250000,4.750000,1.250000
sub-a32d1b4e,0.117647,0.211765,0.317647,0.270588,0.082353,1.666667,1.384615,1.800000,2.090909,1.166667
sub-a66ca01c,0.223214,0.169643,0.232143,0.258929,0.116071,1.923077,1.583333,1.857143,2.071429,1.181818
sub-a682716a,0.163636,0.090909,0.327273,0.272727,0.145455,1.500000,1.666667,2.250000,2.500000,2.666667
sub-a725ea5d,0.127660,0.170213,0.297872,0.340426,0.063830,1.500000,1.600000,2.800000,2.000000,1.500000
sub-a801f2fa,0.111111,0.259259,0.296296,0.185185,0.148148,3.000000,2.625000,3.000000,1.875000,2.000000
sub-a82a00af,0.118421,0.092105,0.289474,0.368421,0.131579,1.285714,1.400000,2.200000,2.800000,1.428571
sub-a8565b28,0.150000,0.090000,0.310000,0.320000,0.130000,1.363636,1.500000,2.583333,2.285714,1.444444
sub-a86170a4,0.317460,0.269841,0.206349,0.158730,0.047619,2.500000,2.428571,1.444444,2.000000,1.500000
sub-a8f42977,0.039216,0.156863,0.352941,0.352941,0.098039,1.000000,2.666667,2.250000,3.000000,1.666667
sub-a9213ec5,0.175000,0.200000,0.250000,0.250000,0.125000,1.400000,2.000000,2.000000,2.000000,1.666667
sub-a937a86d,0.281690,0.323944,0.140845,0.154930,0.098592,2.857143,2.555556,2.000000,1.833333,1.400000
sub-a991d3bd,0.252747,0.142857,0.197802,0.153846,0.252747,2.300000,1.857143,2.250000,1.750000,2.555556
sub-a9b4246b,0.176471,0.252101,0.277311,0.226891,0.067227,1.909091,2.142857,2.538462,1.928571,1.600000
sub-aa20b09a,0.200000,0.150000,0.183333,0.216667,0.250000,1.500000,2.250000,1.833333,1.444444,1.875000
sub-aa3fb7aa,0.215686,0.156863,0.313725,0.235294,0.078431,1.833333,1.600000,2.666667,2.400000,1.000000
sub-ab742b1c,0.213592,0.106796,0.155340,0.194175,0.330097,2.000000,2.200000,2.000000,2.000000,2.428571
sub-ab8bd3c9,0.312500,0.223214,0.232143,0.214286,0.017857,2.500000,1.785714,2.363636,1.846154,1.000000
sub-abfb766b,0.138889,0.194444,0.185185,0.268519,0.212963,1.666667,1.750000,2.222222,1.705882,2.090909
sub-ade8fd31,0.276596,0.234043,0.191489,0.170213,0.127660,2.166667,1.571429,1.500000,1.333333,2.000000
sub-af3cda87,0.292135,0.247191,0.202247,0.157303,0.101124,2.166667,2.000000,1.500000,2.000000,1.500000
sub-af59045b,0.123810,0.161905,0.285714,0.276190,0.152381,1.444444,1.700000,2.500000,2.071429,1.600000
sub-af645a4e,0.305085,0.279661,0.169492,0.110169,0.135593,2.769231,2.200000,1.666667,1.625000,2.666667
sub-b0a8f7df,0.226804,0.257732,0.206186,0.144330,0.164948,2.000000,1.923077,2.000000,1.555556,2.000000
sub-b0c38196,0.346774,0.354839,0.137097,0.080645,0.080645,3.307692,4.400000,1.888889,1.428571,1.428571
sub-b1fd8109,0.243902,0.073171,0.341463,0.317073,0.024390,2.500000,1.500000,2.333333,2.166667,1.000000
sub-b21a2cb3,0.347826,0.282609,0.130435,0.141304,0.097826,2.666667,1.857143,1.333333,1.625000,1.285714
sub-b29c748a,0.121622,0.162162,0.297297,0.256757,0.162162,1.285714,2.000000,2.444444,1.900000,1.714286
sub-b3157ca6,0.020000,0.040000,0.440000,0.400000,0.100000,1.000000,1.000000,3.666667,4.000000,1.250000
sub-b3cda6f7,0.306667,0.386667,0.133333,0.133333,0.040000,2.875000,2.900000,2.000000,1.250000,1.000000
sub-b5272ec2,0.134615,0.173077,0.307692,0.269231,0.115385,1.750000,2.250000,2.285714,2.333333,6.000000
sub-b54e81a8,0.095890,0.123288,0.383562,0.315068,0.082192,1.750000,2.250000,3.111111,3.833333,1.200000
sub-b596a31b,0.144578,0.132530,0.301205,0.289157,0.132530,1.500000,1.222222,2.083333,2.000000,1.222222
sub-b670c5fc,0.144444,0.233333,0.188889,0.133333,0.300000,1.625000,1.750000,1.545455,1.500000,2.454545
sub-b672fcd0,0.104167,0.104167,0.291667,0.250000,0.250000,1.250000,1.000000,2.000000,2.000000,3.000000
sub-b7e2e197,0.227273,0.295455,0.227273,0.136364,0.113636,2.000000,1.625000,1.666667,1.500000,1.250000
sub-b942eeca,0.245283,0.245283,0.141509,0.216981,0.150943,1.857143,1.857143,1.666667,2.300000,1.454545
sub-b95e8a03,0.413793,0.390805,0.091954,0.045977,0.057471,2.571429,2.428571,1.142857,1.333333,1.666667
sub-ba7713f4,0.152778,0.125000,0.277778,0.305556,0.138889,1.833333,1.500000,2.500000,2.444444,2.000000
sub-baf11154,0.240000,0.192000,0.176000,0.192000,0.200000,1.875000,1.500000,1.692308,2.181818,2.272727
sub-baf211c0,0.326733,0.217822,0.099010,0.148515,0.207921,3.300000,3.142857,1.666667,1.875000,1.909091
sub-bb333d59,0.421875,0.312500,0.078125,0.109375,0.078125,2.250000,2.857143,1.000000,1.400000,1.666667
sub-bb6a82dc,0.375000,0.475000,0.000000,0.100000,0.050000,2.500000,3.166667,NaN,1.333333,2.000000
sub-bc23e3c1,0.255319,0.297872,0.212766,0.212766,0.021277,2.400000,1.555556,2.000000,2.000000,1.000000
sub-bc2c800c,0.202247,0.146067,0.314607,0.280899,0.056180,1.636364,1.625000,2.545455,2.777778,1.250000
sub-bc821461,0.168675,0.228916,0.144578,0.120482,0.337349,2.000000,1.461538,1.500000,1.250000,2.800000
sub-bd647db1,0.096774,0.064516,0.376344,0.376344,0.086022,1.800000,1.500000,2.916667,3.888889,1.600000
sub-bda589a3,0.190476,0.166667,0.261905,0.178571,0.202381,2.285714,1.750000,1.833333,2.142857,1.700000
sub-bddbe9b1,0.293103,0.172414,0.172414,0.241379,0.120690,2.428571,1.428571,1.666667,1.555556,1.400000
sub-be472f92,0.369369,0.297297,0.180180,0.117117,0.036036,2.411765,2.357143,1.666667,1.300000,1.333333
sub-be5e2e88,0.116279,0.069767,0.441860,0.372093,0.000000,1.250000,1.000000,3.166667,2.285714,NaN
sub-bec29b78,0.325000,0.275000,0.200000,0.075000,0.125000,2.600000,2.750000,2.000000,1.000000,2.500000
sub-bf2f1abf,0.135135,0.067568,0.324324,0.405405,0.067568,1.428571,1.666667,2.666667,2.727273,1.666667
sub-bf7dc05b,0.203390,0.203390,0.220339,0.211864,0.161017,1.714286,2.000000,1.857143,1.562500,1.900000
sub-bfc56382,0.217391,0.226087,0.217391,0.200000,0.139130,2.272727,1.733333,2.272727,1.642857,1.777778
sub-bfd1c975,0.130000,0.140000,0.320000,0.260000,0.150000,1.625000,1.750000,2.133333,2.000000,1.875000
sub-bff3f42a,0.255814,0.232558,0.139535,0.186047,0.186047,1.833333,2.000000,2.000000,2.000000,1.333333
sub-c0107d53,0.168831,0.246753,0.168831,0.220779,0.194805,1.444444,1.727273,2.166667,2.125000,2.142857
sub-c0c465ec,0.244444,0.244444,0.266667,0.200000,0.044444,2.750000,2.200000,2.400000,2.250000,1.000000
sub-c11229d3,0.350877,0.298246,0.175439,0.157895,0.017544,2.857143,2.833333,2.000000,1.800000,1.000000
sub-c13afce4,0.254386,0.254386,0.149123,0.236842,0.105263,2.071429,2.230769,1.700000,1.928571,2.400000
sub-c26e5113,0.052632,0.092105,0.381579,0.381579,0.092105,1.000000,1.400000,3.625000,2.416667,1.400000
sub-c346bdba,0.234568,0.320988,0.148148,0.111111,0.185185,2.111111,2.363636,1.714286,1.800000,1.875000
sub-c3f70a80,0.175926,0.129630,0.231481,0.268519,0.194444,1.357143,1.750000,1.562500,2.071429,1.615385
sub-c414d437,0.182609,0.191304,0.217391,0.191304,0.217391,1.750000,2.444444,1.923077,2.000000,2.272727
sub-c463dc03,0.151515,0.212121,0.257576,0.227273,0.151515,2.000000,2.333333,2.125000,2.142857,2.000000
sub-c4b8687a,0.333333,0.350877,0.052632,0.105263,0.157895,2.375000,3.333333,1.500000,2.000000,1.800000
sub-c5b2fb19,0.312500,0.125000,0.208333,0.208333,0.145833,2.142857,1.500000,2.000000,1.666667,1.750000
sub-c60ccabc,0.041667,0.145833,0.375000,0.145833,0.291667,1.000000,1.166667,2.571429,2.333333,2.800000
sub-c7846210,0.142857,0.190476,0.261905,0.380952,0.023810,2.000000,1.600000,1.833333,2.285714,1.000000
sub-c7a5384e,0.219512,0.138211,0.219512,0.195122,0.227642,2.454545,1.416667,2.076923,2.666667,2.333333
sub-c9b3cad7,0.344444,0.300000,0.100000,0.122222,0.133333,2.384615,2.454545,1.500000,1.571429,1.500000
sub-c9f3e918,0.179487,0.222222,0.239316,0.273504,0.085470,1.750000,1.625000,1.750000,1.777778,1.250000
sub-ca61232f,0.313131,0.292929,0.171717,0.131313,0.090909,2.214286,2.230769,1.700000,1.857143,1.125000
sub-ca80cb45,0.225000,0.225000,0.241667,0.183333,0.125000,2.454545,2.250000,3.222222,2.000000,1.500000
sub-cb8c1f9c,0.215686,0.245098,0.225490,0.254902,0.058824,2.200000,2.500000,2.090909,2.363636,1.200000
sub-cbb18a08,0.125000,0.178571,0.303571,0.267857,0.125000,1.166667,1.666667,2.428571,2.142857,1.166667
sub-cd862a67,0.338983,0.338983,0.169492,0.135593,0.016949,2.500000,2.500000,1.250000,1.600000,1.000000
sub-cdbd5c56,0.196970,0.227273,0.227273,0.333333,0.015152,1.444444,2.142857,1.666667,2.200000,1.000000
sub-cf784004,0.181818,0.236364,0.272727,0.236364,0.072727,1.818182,2.166667,2.727273,2.600000,1.600000
sub-cfc1cf12,0.250000,0.258929,0.178571,0.196429,0.116071,2.000000,2.071429,2.500000,1.833333,1.444444
sub-d39e106e,0.097826,0.130435,0.336957,0.369565,0.065217,1.500000,1.500000,2.818182,2.833333,1.500000
sub-d3f05b80,0.271429,0.200000,0.285714,0.214286,0.028571,1.900000,1.555556,2.222222,1.875000,1.000000
sub-d40b85b8,0.187500,0.234375,0.296875,0.250000,0.031250,1.714286,2.142857,2.714286,2.000000,1.000000
sub-d54bd4f9,0.333333,0.222222,0.211111,0.211111,0.022222,2.000000,2.000000,2.111111,1.900000,1.000000
sub-d5d91775,0.177778,0.155556,0.266667,0.355556,0.044444,2.000000,1.750000,3.000000,2.666667,1.000000
sub-d67c3379,0.158537,0.158537,0.243902,0.304878,0.134146,1.857143,2.600000,2.000000,2.777778,1.222222
sub-d70cd6ec,0.316667,0.333333,0.133333,0.183333,0.033333,2.714286,2.222222,2.000000,1.375000,1.000000
sub-d7763339,0.102804,0.196262,0.233645,0.317757,0.149533,1.571429,2.333333,2.500000,2.615385,2.000000
sub-d84a5484,0.229508,0.245902,0.163934,0.245902,0.114754,2.000000,1.875000,1.428571,1.500000,1.400000
sub-d93beca8,0.221053,0.210526,0.242105,0.242105,0.084211,1.750000,2.000000,2.555556,2.555556,1.142857
sub-da36a231,0.232877,0.246575,0.260274,0.219178,0.041096,1.888889,2.250000,1.900000,1.600000,1.500000
sub-db19bd9d,0.170213,0.127660,0.319149,0.223404,0.159574,1.454545,1.714286,2.727273,2.625000,1.875000
sub-db1c726a,0.154762,0.250000,0.119048,0.214286,0.261905,2.166667,2.100000,1.428571,2.000000,2.200000
sub-dd291f43,0.320000,0.266667,0.133333,0.146667,0.133333,2.400000,2.857143,1.428571,1.833333,1.666667
sub-df5fab05,0.225000,0.250000,0.225000,0.175000,0.125000,1.500000,2.000000,1.800000,1.400000,1.250000
sub-e02145f4,0.318841,0.376812,0.130435,0.115942,0.057971,2.200000,2.888889,1.500000,1.600000,1.333333
sub-e12ed92d,0.183333,0.166667,0.266667,0.233333,0.150000,1.833333,1.666667,2.000000,2.000000,1.800000
sub-e1583be7,0.238095,0.166667,0.119048,0.261905,0.214286,2.500000,1.400000,1.666667,2.200000,3.000000
sub-e28d88b7,0.410256,0.418803,0.051282,0.068376,0.051282,2.400000,2.578947,1.500000,1.142857,1.000000
sub-e306dd64,0.330275,0.330275,0.128440,0.183486,0.027523,2.571429,3.000000,1.555556,2.000000,1.500000
sub-e4d1481a,0.110169,0.110169,0.296610,0.364407,0.118644,1.444444,2.600000,3.500000,3.307692,1.750000
sub-e4d491a6,0.388889,0.311111,0.088889,0.133333,0.077778,3.888889,2.545455,1.600000,1.714286,1.166667
sub-e5e374fd,0.176471,0.102941,0.294118,0.294118,0.132353,1.714286,2.333333,2.222222,2.500000,1.285714
sub-e60d4b07,0.244898,0.326531,0.163265,0.204082,0.061224,1.714286,3.200000,2.000000,2.000000,1.500000
sub-e6194980,0.373494,0.240964,0.132530,0.144578,0.108434,2.583333,2.222222,1.571429,1.500000,1.285714
sub-e74e4c5a,0.200000,0.150000,0.275000,0.300000,0.075000,2.000000,3.000000,2.200000,2.400000,1.500000
sub-e7f50875,0.209302,0.302326,0.023256,0.139535,0.325581,1.500000,2.600000,1.000000,1.500000,2.800000
sub-e84ecd2f,0.255102,0.214286,0.214286,0.214286,0.102041,1.923077,1.909091,2.333333,1.909091,2.000000
sub-e8e47f6c,0.362500,0.300000,0.112500,0.112500,0.112500,2.636364,2.666667,1.500000,1.285714,1.285714
sub-e8fd1865,0.330097,0.320388,0.097087,0.106796,0.145631,2.266667,2.750000,1.111111,1.571429,1.500000
sub-e91691a5,0.259740,0.298701,0.181818,0.194805,0.064935,1.818182,1.916667,1.555556,1.875000,1.000000
sub-ea1ba303,0.152000,0.240000,0.248000,0.240000,0.120000,1.461538,2.307692,2.214286,1.875000,1.250000
sub-ea23f97f,0.239130,0.282609,0.152174,0.195652,0.130435,2.750000,2.600000,1.750000,1.800000,1.500000
sub-ea35c087,0.406780,0.423729,0.050847,0.067797,0.050847,3.000000,4.166667,1.000000,2.000000,1.000000
sub-ea7266a6,0.075000,0.075000,0.325000,0.450000,0.075000,1.000000,1.000000,2.600000,3.000000,3.000000
sub-eaa9a1ea,0.333333,0.235294,0.156863,0.196078,0.078431,3.400000,1.714286,1.600000,2.000000,1.333333
sub-eb0ac895,0.250000,0.250000,0.173077,0.076923,0.250000,2.166667,1.625000,1.500000,1.333333,1.625000
sub-eb2c84ca,0.138889,0.111111,0.291667,0.402778,0.055556,1.111111,1.333333,2.333333,2.071429,1.333333
sub-ec129ac4,0.183673,0.142857,0.142857,0.163265,0.367347,1.800000,1.400000,1.400000,1.600000,2.571429
sub-ec78225b,0.291667,0.358333,0.158333,0.166667,0.025000,2.500000,3.071429,1.900000,1.666667,1.000000
sub-ec96d125,0.213333,0.133333,0.253333,0.240000,0.160000,1.777778,1.666667,1.900000,2.250000,2.400000
sub-ecc7b2ca,0.343284,0.298507,0.164179,0.149254,0.044776,2.555556,2.857143,1.571429,2.500000,1.500000
sub-ecf838ec,0.296875,0.296875,0.171875,0.140625,0.093750,2.111111,2.714286,1.375000,1.800000,1.200000
sub-ed3c7758,0.194444,0.222222,0.236111,0.250000,0.097222,2.333333,2.000000,2.428571,2.000000,1.166667
sub-ed49286a,0.176471,0.102941,0.352941,0.294118,0.073529,1.714286,1.400000,2.400000,2.222222,1.666667
sub-edbcd4df,0.266667,0.240000,0.213333,0.120000,0.160000,2.222222,1.800000,2.000000,1.800000,1.500000
sub-edbf0d4d,0.180000,0.240000,0.260000,0.260000,0.060000,1.636364,2.000000,2.166667,2.000000,1.200000
sub-eeeee0ce,0.118812,0.128713,0.247525,0.257426,0.247525,1.714286,1.444444,2.083333,2.166667,2.083333
sub-ef4645ca,0.185714,0.128571,0.157143,0.357143,0.171429,1.857143,1.500000,1.571429,2.272727,2.000000
sub-efabdd7e,0.246575,0.191781,0.260274,0.191781,0.109589,2.571429,2.000000,1.900000,2.333333,1.333333
sub-efbc90a5,0.363636,0.318182,0.181818,0.090909,0.045455,2.285714,2.800000,1.600000,1.333333,1.000000
sub-f0b6aedf,0.267857,0.339286,0.214286,0.125000,0.053571,1.875000,2.714286,1.333333,1.400000,1.500000
sub-f1876917,0.079365,0.079365,0.317460,0.412698,0.111111,1.250000,1.666667,2.500000,2.888889,1.400000
sub-f1ffb87e,0.278689,0.262295,0.163934,0.196721,0.098361,2.833333,2.285714,1.666667,2.000000,2.000000
sub-f2746a7f,0.110092,0.082569,0.293578,0.311927,0.201835,1.714286,1.500000,2.666667,2.615385,1.833333
sub-f3232eae,0.180000,0.220000,0.280000,0.320000,0.000000,1.500000,1.833333,2.000000,2.285714,NaN
sub-f3265f63,0.247525,0.277228,0.178218,0.178218,0.118812,2.272727,2.153846,1.636364,2.250000,2.000000
sub-f32b8017,0.350515,0.288660,0.164948,0.134021,0.061856,2.615385,3.111111,2.000000,1.857143,1.000000
sub-f3b907d8,0.292035,0.292035,0.168142,0.212389,0.035398,2.062500,2.357143,1.583333,2.000000,1.000000
sub-f3fa0c24,0.253521,0.239437,0.183099,0.211268,0.112676,2.000000,2.125000,1.857143,1.666667,1.333333
sub-f4a0ea73,0.292308,0.246154,0.184615,0.261538,0.015385,2.111111,2.000000,1.500000,1.888889,1.000000
sub-f5787346,0.173913,0.195652,0.260870,0.130435,0.239130,2.000000,3.000000,2.000000,2.000000,2.200000
sub-f5b31d52,0.338028,0.281690,0.169014,0.211268,0.000000,2.181818,2.000000,1.500000,2.142857,NaN
sub-f656cba9,0.150442,0.150442,0.256637,0.265487,0.176991,1.700000,2.125000,2.636364,2.500000,1.818182
sub-f66e7c91,0.063063,0.099099,0.396396,0.288288,0.153153,1.000000,1.375000,2.933333,2.909091,1.545455
sub-f6bb94d0,0.281690,0.225352,0.169014,0.197183,0.126761,2.222222,2.000000,1.333333,2.800000,2.250000
sub-f6c1fab2,0.294118,0.215686,0.196078,0.254902,0.039216,1.666667,1.571429,1.428571,1.857143,1.000000
sub-f7418043,0.361446,0.397590,0.084337,0.084337,0.072289,3.750000,3.300000,1.166667,1.000000,1.200000
sub-f75ea85d,0.166667,0.192982,0.271930,0.245614,0.122807,1.727273,2.000000,2.583333,2.153846,1.555556
sub-f82afde4,0.314286,0.385714,0.071429,0.100000,0.128571,2.444444,2.700000,1.250000,3.500000,1.500000
sub-f8d25943,0.094828,0.094828,0.413793,0.336207,0.060345,1.375000,1.222222,3.200000,2.785714,1.166667
sub-f953273b,0.340426,0.276596,0.063830,0.106383,0.212766,2.000000,3.250000,1.000000,1.666667,2.000000
sub-f957c1c8,0.231707,0.219512,0.195122,0.292683,0.060976,1.583333,1.800000,2.000000,2.000000,1.666667
sub-f981e3f5,0.078431,0.039216,0.313725,0.411765,0.156863,1.333333,1.000000,2.909091,3.230769,2.000000
sub-f9f6c4ed,0.290909,0.309091,0.109091,0.163636,0.127273,2.000000,2.125000,1.500000,1.500000,1.400000
sub-fa21e57e,0.320000,0.373333,0.106667,0.133333,0.066667,3.000000,3.111111,1.333333,2.000000,1.666667
sub-fa823b79,0.197531,0.234568,0.185185,0.234568,0.148148,1.777778,1.583333,1.875000,1.727273,1.714286
sub-fab13b8f,0.388060,0.328358,0.119403,0.029851,0.134328,3.714286,3.142857,1.333333,1.000000,2.250000
sub-fbcd9110,0.350000,0.316667,0.100000,0.166667,0.066667,2.333333,2.375000,1.500000,1.666667,1.333333
sub-fc05ba17,0.370787,0.314607,0.179775,0.123596,0.011236,3.000000,2.800000,2.000000,1.571429,1.000000
sub-fc16c19f,0.250000,0.475000,0.025000,0.075000,0.175000,3.333333,3.800000,1.000000,1.500000,1.750000
sub-fcb347e1,0.163265,0.102041,0.306122,0.285714,0.142857,2.000000,1.666667,3.750000,2.800000,1.750000
sub-fd1e3702,0.052632,0.052632,0.368421,0.460526,0.065789,1.333333,1.000000,2.333333,2.692308,1.000000
sub-fdc8479f,0.208333,0.239583,0.270833,0.197917,0.083333,1.818182,1.642857,2.600000,1.357143,1.600000
sub-fdd7a1be,0.117117,0.117117,0.333333,0.288288,0.144144,1.625000,1.625000,1.947368,2.285714,1.600000
sub-fe1c4177,0.322034,0.372881,0.118644,0.152542,0.033898,2.111111,2.200000,1.400000,1.800000,1.000000
