ID,fracocc_1,fracocc_2,fracocc_3,fracocc_4,fracocc_5,dwell_1,dwell_2,dwell_3,dwell_4,dwell_5
sub-002144a4,0.325581,0.302326,0.162791,0.093023,0.116279,4.666667,2.600000,1.750000,2.000000,2.500000
sub-01f9b016,0.182927,0.243902,0.182927,0.243902,0.146341,2.142857,2.222222,2.500000,2.222222,3.000000
sub-027054b4,0.246753,0.259740,0.207792,0.129870,0.155844,2.714286,2.500000,2.000000,2.000000,1.714286
sub-043cc212,0.100000,0.216667,0.316667,0.133333,0.233333,2.000000,2.600000,2.714286,1.600000,2.000000
sub-04d04ea4,0.208333,0.166667,0.208333,0.208333,0.208333,1.666667,1.600000,2.500000,2.500000,1.666667
sub-04ea294f,0.225806,0.241935,0.080645,0.209677,0.241935,2.000000,2.500000,1.250000,2.166667,2.142857
sub-05a3dcd8,0.239130,0.206522,0.173913,0.217391,0.163043,2.444444,2.375000,2.285714,2.500000,1.875000
sub-05e2a0c1,0.393443,0.327869,0.049180,0.114754,0.114754,3.428571,2.857143,1.000000,1.166667,1.166667
sub-06049101,0.224138,0.258621,0.172414,0.103448,0.241379,2.363636,2.727273,2.000000,1.500000,2.333333
sub-06247dd4,0.170732,0.243902,0.341463,0.024390,0.219512,1.750000,1.666667,2.800000,1.000000,1.500000
sub-067ed1e5,0.191489,0.212766,0.212766,0.170213,0.212766,3.000000,2.000000,1.428571,2.666667,2.000000
sub-0690e761,0.112150,0.140187,0.242991,0.345794,0.158879,2.000000,1.500000,2.600000,2.846154,1.888889
sub-0702da0a,0.234234,0.243243,0.198198,0.180180,0.144144,2.600000,2.454545,1.833333,2.000000,1.777778
sub-07639182,0.268293,0.243902,0.170732,0.024390,0.292683,1.833333,2.000000,1.750000,1.000000,2.400000
sub-07bb0c3d,0.217949,0.256410,0.115385,0.205128,0.205128,2.125000,2.500000,1.800000,1.454545,2.000000
sub-07f81fd1,0.324074,0.296296,0.111111,0.101852,0.166667,4.375000,2.666667,1.500000,1.375000,1.636364
sub-082bf2e9,0.177215,0.215190,0.291139,0.164557,0.151899,2.800000,2.833333,2.555556,2.600000,2.000000
sub-0843ac34,0.217391,0.246377,0.188406,0.101449,0.246377,2.142857,1.888889,1.857143,1.400000,2.125000
sub-0861ebb9,0.230769,0.273504,0.256410,0.102564,0.136752,3.000000,3.200000,2.500000,1.714286,2.666667
sub-0905f56e,0.185841,0.221239,0.203540,0.168142,0.221239,2.333333,3.125000,2.875000,1.900000,2.777778
sub-09ab4ffe,0.328767,0.369863,0.136986,0.082192,0.082192,4.000000,3.857143,2.500000,1.500000,2.000000
sub-09b2bd27,0.305556,0.305556,0.152778,0.138889,0.097222,3.142857,2.444444,1.375000,2.000000,2.333333
sub-0a01b9d9,0.238532,0.165138,0.229358,0.128440,0.238532,3.250000,2.250000,3.125000,2.333333,2.000000
sub-0a588feb,0.192982,0.245614,0.192982,0.192982,0.175439,2.750000,3.500000,1.833333,2.200000,2.000000
sub-0a6b75dd,0.093023,0.139535,0.162791,0.255814,0.348837,2.000000,2.000000,2.333333,1.833333,3.000000
sub-0a6d3b93,0.223301,0.203883,0.233010,0.145631,0.194175,2.875000,1.909091,1.846154,1.875000,1.818182
sub-0c8924f1,0.065217,0.108696,0.391304,0.217391,0.217391,1.500000,1.666667,3.000000,3.333333,2.000000
sub-0cb28382,0.241667,0.200000,0.233333,0.200000,0.125000,2.636364,2.181818,2.000000,1.846154,1.666667
sub-0d76c045,0.146341,0.146341,0.280488,0.195122,0.231707,1.714286,2.000000,2.300000,2.000000,2.714286
sub-0d8c474d,0.239583,0.166667,0.218750,0.177083,0.197917,2.555556,1.777778,3.000000,1.888889,1.900000
sub-0e38a13d,0.208333,0.270833,0.260417,0.125000,0.135417,2.222222,2.166667,2.500000,1.500000,2.600000
sub-0ece6939,0.210526,0.263158,0.221053,0.094737,0.210526,2.500000,2.777778,1.909091,1.285714,2.857143
sub-0eeacdcc,0.232558,0.116279,0.302326,0.069767,0.279070,2.000000,1.000000,2.600000,1.500000,2.400000
sub-0fd33fbd,0.245283,0.254717,0.216981,0.160377,0.122642,2.166667,1.928571,2.090909,2.125000,1.300000
sub-100ae6a8,0.354839,0.314516,0.145161,0.056452,0.129032,3.384615,3.000000,1.636364,1.400000,1.777778
sub-102dbf16,0.209302,0.209302,0.209302,0.209302,0.162791,2.250000,1.800000,1.800000,1.800000,1.400000
sub-10cc8e1a,0.211009,0.201835,0.183486,0.211009,0.192661,2.555556,2.000000,2.000000,2.555556,2.625000
sub-10ef2d14,0.326733,0.207921,0.148515,0.148515,0.168317,3.000000,2.333333,1.875000,2.142857,1.888889
sub-111c7d70,0.247934,0.214876,0.198347,0.165289,0.173554,2.727273,2.600000,2.181818,2.000000,3.000000
sub-11ac5d6f,0.269231,0.288462,0.134615,0.153846,0.153846,2.800000,2.500000,1.400000,2.000000,2.000000
sub-11c2856c,0.158879,0.196262,0.196262,0.158879,0.289720,1.700000,3.000000,2.333333,2.125000,3.875000
sub-11d0f29c,0.333333,0.210526,0.122807,0.228070,0.105263,3.166667,2.000000,1.750000,2.600000,1.500000
sub-1312d0ff,0.270492,0.295082,0.131148,0.114754,0.188525,3.000000,3.272727,2.000000,2.333333,2.090909
sub-1320dd84,0.180556,0.180556,0.180556,0.222222,0.236111,1.625000,1.857143,1.625000,2.000000,2.428571
sub-1332af4c,0.116667,0.133333,0.233333,0.150000,0.366667,2.333333,2.666667,2.000000,1.800000,2.444444
sub-15a4b244,0.207792,0.168831,0.194805,0.220779,0.207792,2.666667,2.166667,2.500000,2.125000,2.666667
sub-163d7ed3,0.186441,0.101695,0.237288,0.220339,0.254237,2.200000,1.200000,2.000000,1.625000,1.875000
sub-16433f95,0.225806,0.204301,0.215054,0.150538,0.204301,2.100000,1.583333,2.000000,1.750000,2.111111
sub-16aa832a,0.104167,0.145833,0.270833,0.125000,0.354167,1.666667,2.333333,2.600000,1.200000,2.833333
sub-17a0e410,0.313725,0.235294,0.176471,0.215686,0.058824,2.909091,2.000000,2.250000,2.200000,1.500000
sub-17a748b7,0.309524,0.297619,0.202381,0.059524,0.130952,3.714286,2.777778,2.833333,1.666667,1.833333
sub-17d6eab1,0.217391,0.260870,0.239130,0.108696,0.173913,2.500000,2.400000,1.833333,1.250000,1.600000
sub-189c4ed9,0.259740,0.298701,0.129870,0.116883,0.194805,2.500000,2.090909,1.666667,2.250000,1.875000
sub-18ebfa2a,0.358209,0.268657,0.044776,0.119403,0.208955,3.000000,2.571429,1.000000,2.000000,2.000000
sub-199064eb,0.031746,0.031746,0.301587,0.365079,0.269841,2.000000,2.000000,2.111111,2.875000,2.125000
sub-1a220630,0.225490,0.284314,0.254902,0.107843,0.127451,3.285714,2.636364,2.363636,1.833333,2.166667
sub-1a220b08,0.308333,0.291667,0.116667,0.133333,0.150000,3.700000,2.916667,1.750000,2.285714,2.250000
sub-1a554710,0.195652,0.173913,0.282609,0.130435,0.217391,1.800000,2.000000,2.600000,2.000000,2.500000
sub-1ab48098,0.186047,0.186047,0.255814,0.093023,0.279070,1.600000,2.000000,1.571429,2.000000,2.400000
sub-1abb75bb,0.158879,0.158879,0.280374,0.224299,0.177570,2.125000,3.400000,2.500000,2.400000,2.111111
sub-1ad3126c,0.238095,0.266667,0.133333,0.219048,0.142857,3.571429,3.111111,2.800000,2.875000,3.000000
sub-1b04c4e8,0.223214,0.232143,0.223214,0.142857,0.178571,3.571429,3.250000,2.777778,2.666667,2.500000
sub-1b158b53,0.300000,0.330000,0.190000,0.070000,0.110000,3.750000,3.666667,2.375000,1.166667,2.200000
sub-1b26a3a7,0.396552,0.189655,0.103448,0.120690,0.189655,3.285714,2.200000,1.500000,2.333333,1.571429
sub-1b3249e3,0.304762,0.200000,0.228571,0.171429,0.095238,3.200000,2.333333,2.666667,1.800000,1.428571
sub-1b4d987d,0.243590,0.269231,0.166667,0.166667,0.153846,2.375000,2.625000,2.600000,1.857143,1.714286
sub-1ba70ca4,0.181818,0.181818,0.163636,0.309091,0.163636,1.666667,2.000000,1.800000,2.833333,1.800000
sub-1df8b621,0.172840,0.111111,0.271605,0.160494,0.283951,1.750000,1.500000,2.200000,1.625000,2.875000
sub-1f1c771a,0.323529,0.279412,0.161765,0.147059,0.088235,2.000000,3.166667,1.571429,1.666667,1.500000
sub-1f3aff89,0.333333,0.296296,0.185185,0.185185,0.000000,3.000000,3.200000,1.666667,1.666667,NaN
sub-200e44cf,0.246753,0.298701,0.116883,0.181818,0.155844,2.111111,4.600000,1.500000,1.555556,1.500000
sub-2063f677,0.209877,0.234568,0.271605,0.197531,0.086420,2.428571,2.111111,1.833333,2.666667,1.750000
sub-209adc63,0.157895,0.178947,0.294737,0.273684,0.094737,2.500000,2.833333,2.800000,3.250000,1.800000
sub-20f2c2dc,0.100000,0.200000,0.200000,0.200000,0.300000,1.750000,2.000000,2.333333,2.000000,2.100000
sub-22521d13,0.146341,0.073171,0.146341,0.365854,0.268293,2.000000,1.500000,1.500000,3.000000,2.750000
sub-242e6201,0.185567,0.206186,0.268041,0.206186,0.134021,2.250000,2.500000,2.166667,2.000000,1.625000
sub-28b7fb5c,0.109890,0.164835,0.219780,0.296703,0.208791,2.000000,2.500000,2.000000,3.000000,2.111111
sub-28cb3ca5,0.119048,0.190476,0.333333,0.023810,0.333333,1.250000,1.000000,2.000000,1.000000,2.000000
sub-29113867,0.177966,0.203390,0.228814,0.194915,0.194915,2.100000,2.400000,2.250000,2.555556,2.300000
sub-2ad31d26,0.336364,0.227273,0.190909,0.136364,0.109091,2.642857,2.500000,2.100000,1.666667,1.714286
sub-2b0871d6,0.256198,0.314050,0.157025,0.173554,0.099174,4.428571,3.454545,2.714286,2.100000,1.714286
sub-2b2a6376,0.300000,0.275000,0.150000,0.200000,0.075000,4.000000,2.200000,3.000000,2.666667,1.000000
sub-2bc4d8d2,0.094340,0.037736,0.320755,0.132075,0.415094,1.666667,1.000000,2.125000,2.333333,2.444444
sub-2ca07b08,0.240741,0.212963,0.157407,0.194444,0.194444,2.363636,2.875000,1.700000,2.333333,2.333333
sub-2d4a2c97,0.207921,0.128713,0.237624,0.247525,0.178218,2.100000,1.444444,2.400000,2.083333,2.000000
sub-2dee6861,0.198347,0.231405,0.206612,0.165289,0.198347,2.400000,3.111111,2.500000,1.818182,2.000000
sub-2e76170f,0.094017,0.153846,0.341880,0.247863,0.162393,1.833333,1.800000,3.076923,2.230769,2.375000
sub-2e86e2e1,0.267241,0.258621,0.206897,0.163793,0.103448,2.583333,2.307692,2.181818,2.111111,1.500000
sub-300b9a4e,0.297297,0.256757,0.162162,0.175676,0.108108,2.200000,2.714286,2.000000,2.166667,2.000000
sub-322b1968,0.156863,0.137255,0.254902,0.117647,0.333333,1.333333,1.750000,2.166667,2.000000,2.125000
sub-32ba90c6,0.200000,0.170000,0.220000,0.240000,0.170000,1.818182,2.125000,2.200000,2.181818,1.416667
sub-336c6a14,0.175000,0.225000,0.225000,0.225000,0.150000,2.333333,1.500000,2.250000,2.250000,1.200000
sub-3460267b,0.244681,0.244681,0.191489,0.223404,0.095745,2.300000,2.300000,1.636364,1.909091,1.800000
sub-3550eb0f,0.327273,0.336364,0.109091,0.127273,0.100000,2.571429,2.846154,1.500000,1.750000,1.222222
sub-35bbf385,0.192982,0.219298,0.192982,0.149123,0.245614,2.444444,3.125000,2.200000,2.125000,3.111111
sub-3640fe52,0.275510,0.173469,0.244898,0.193878,0.112245,3.000000,1.888889,2.400000,2.375000,1.833333
sub-36519dd0,0.304348,0.321739,0.104348,0.191304,0.078261,3.181818,4.625000,2.000000,3.142857,1.285714
sub-37165862,0.166667,0.309524,0.214286,0.214286,0.095238,1.750000,2.166667,3.000000,1.500000,1.333333
sub-3848b58d,0.333333,0.311111,0.177778,0.088889,0.088889,2.500000,2.800000,1.600000,1.000000,1.333333
sub-38c5639c,0.145161,0.161290,0.354839,0.112903,0.225806,1.285714,1.666667,3.142857,1.750000,2.000000
sub-38f314cd,0.202381,0.214286,0.226190,0.214286,0.142857,1.700000,2.571429,2.714286,1.800000,1.500000
sub-39673a69,0.243478,0.252174,0.234783,0.113043,0.156522,2.333333,2.230769,2.700000,2.166667,1.636364
sub-3994de59,0.278689,0.245902,0.114754,0.114754,0.245902,2.833333,2.142857,1.750000,2.333333,1.875000
sub-3a0daaaf,0.359649,0.289474,0.114035,0.096491,0.140351,4.555556,3.000000,1.857143,1.833333,1.230769
sub-3a2dfb74,0.339286,0.375000,0.071429,0.116071,0.098214,3.800000,3.500000,1.600000,1.625000,1.833333
sub-3a78a22f,0.264151,0.169811,0.264151,0.245283,0.056604,2.333333,1.800000,2.800000,2.166667,1.000000
sub-3b3bd955,0.363636,0.250000,0.181818,0.068182,0.136364,2.666667,2.750000,2.000000,1.500000,2.000000
sub-3cfbfc02,0.093023,0.023256,0.372093,0.162791,0.348837,2.000000,1.000000,3.200000,1.750000,3.000000
sub-3d028654,0.228571,0.357143,0.085714,0.171429,0.157143,3.200000,3.125000,1.200000,1.714286,1.833333
sub-3d210a9b,0.240741,0.231481,0.240741,0.166667,0.120370,2.166667,2.777778,2.600000,1.636364,1.857143
sub-3eb8d3bf,0.097561,0.073171,0.268293,0.243902,0.317073,2.000000,1.500000,2.200000,1.666667,3.250000
sub-40293e84,0.411765,0.294118,0.117647,0.019608,0.156863,3.000000,1.875000,1.500000,1.000000,2.000000
sub-4032cf6b,0.181818,0.181818,0.227273,0.166667,0.242424,1.714286,2.000000,1.875000,1.833333,2.000000
sub-40f47868,0.314286,0.228571,0.171429,0.133333,0.152381,3.666667,2.666667,2.000000,1.750000,2.666667
sub-41220b0b,0.260870,0.260870,0.159420,0.231884,0.086957,3.000000,2.250000,2.200000,2.000000,3.000000
sub-41370528,0.327273,0.272727,0.127273,0.090909,0.181818,3.600000,2.307692,1.750000,1.428571,2.500000
sub-417434b4,0.206349,0.222222,0.206349,0.142857,0.222222,2.166667,2.800000,1.857143,1.800000,2.000000
sub-41856e5d,0.178947,0.189474,0.178947,0.231579,0.221053,2.428571,2.000000,2.125000,1.833333,2.333333
sub-41c3d142,0.340909,0.272727,0.136364,0.113636,0.136364,3.750000,3.428571,1.714286,1.666667,2.000000
sub-41fbc0f3,0.379747,0.417722,0.101266,0.012658,0.088608,3.333333,3.300000,2.000000,1.000000,1.166667
sub-4334c34a,0.336364,0.245455,0.172727,0.163636,0.081818,2.846154,3.375000,2.111111,2.571429,1.285714
sub-437761bd,0.462963,0.407407,0.037037,0.018519,0.074074,3.571429,3.666667,2.000000,1.000000,1.000000
sub-43ebfbbb,0.306931,0.267327,0.207921,0.089109,0.128713,2.583333,2.454545,2.333333,1.125000,2.166667
sub-445369ee,0.290698,0.337209,0.151163,0.093023,0.127907,2.083333,3.222222,1.857143,1.333333,1.375000
sub-4515049b,0.172414,0.051724,0.310345,0.293103,0.172414,2.500000,1.500000,3.000000,3.400000,2.000000
sub-451edb82,0.354167,0.375000,0.145833,0.041667,0.083333,3.400000,2.571429,1.750000,2.000000,1.333333
sub-45963cd9,0.336134,0.336134,0.109244,0.126050,0.092437,3.333333,3.076923,1.300000,2.142857,1.375000
sub-46c94944,0.231884,0.202899,0.246377,0.202899,0.115942,2.285714,2.000000,2.833333,2.000000,1.600000
sub-4705928b,0.130435,0.173913,0.239130,0.195652,0.260870,1.500000,2.000000,2.750000,1.800000,2.400000
sub-47b5cd5d,0.350000,0.350000,0.050000,0.150000,0.100000,3.500000,2.333333,1.000000,1.200000,1.333333
sub-47ff0b5d,0.090909,0.036364,0.363636,0.200000,0.309091,1.666667,1.000000,2.857143,2.200000,2.428571
sub-48301435,0.250000,0.290323,0.161290,0.161290,0.137097,2.818182,2.571429,2.222222,1.818182,1.888889
sub-4892df67,0.215054,0.258065,0.182796,0.182796,0.161290,2.000000,2.400000,2.125000,2.428571,1.500000
sub-48f34a50,0.186047,0.162791,0.197674,0.186047,0.267442,2.000000,2.333333,2.428571,2.000000,2.875000
sub-490a5440,0.078431,0.078431,0.254902,0.176471,0.411765,1.000000,1.333333,2.600000,2.250000,3.000000
sub-4a3363b4,0.272727,0.343434,0.131313,0.131313,0.121212,2.700000,2.615385,1.300000,2.166667,2.000000
sub-4baf4e00,0.400000,0.425000,0.000000,0.100000,0.075000,3.200000,3.400000,NaN,2.000000,1.000000
sub-4bfc7483,0.250000,0.230000,0.200000,0.170000,0.150000,2.500000,2.300000,2.000000,2.833333,1.363636
sub-4c9e5f08,0.232143,0.223214,0.205357,0.196429,0.142857,2.363636,2.777778,2.090909,2.750000,2.666667
sub-4ce20477,0.142857,0.142857,0.387755,0.102041,0.224490,1.750000,2.333333,3.800000,2.500000,2.200000
sub-4d3ebb1f,0.122807,0.228070,0.210526,0.192982,0.245614,1.400000,2.600000,2.000000,2.200000,2.000000
sub-4d7de89b,0.021739,0.065217,0.326087,0.239130,0.347826,1.000000,1.500000,3.000000,1.571429,2.285714
sub-4d82789f,0.191304,0.182609,0.260870,0.217391,0.147826,2.750000,3.000000,2.307692,2.500000,1.888889
sub-4e66fd00,0.172043,0.279570,0.150538,0.247312,0.150538,2.285714,2.600000,1.555556,3.285714,1.750000
sub-4eb39e66,0.118812,0.158416,0.326733,0.277228,0.118812,2.400000,2.000000,3.666667,3.111111,1.714286
sub-4ee3bec8,0.125000,0.017857,0.321429,0.178571,0.357143,1.750000,1.000000,2.000000,2.000000,2.857143
sub-4fe3efa8,0.236111,0.180556,0.250000,0.111111,0.222222,2.125000,1.625000,1.800000,1.600000,1.600000
sub-503a9485,0.125000,0.229167,0.291667,0.145833,0.208333,2.000000,2.200000,2.800000,1.750000,2.000000
sub-51d4527b,0.290000,0.260000,0.200000,0.080000,0.170000,4.833333,2.888889,3.333333,1.600000,1.700000
sub-536444bd,0.142857,0.125000,0.250000,0.178571,0.303571,1.333333,1.166667,2.333333,2.000000,2.833333
sub-539c0a2c,0.107143,0.178571,0.339286,0.160714,0.214286,1.200000,1.666667,2.375000,1.500000,2.000000
sub-53ca96bd,0.047619,0.023810,0.333333,0.119048,0.476190,1.000000,1.000000,2.800000,1.250000,2.857143
sub-53ebe38a,0.150000,0.250000,0.300000,0.100000,0.200000,1.500000,1.666667,2.000000,1.333333,1.600000
sub-546b5793,0.314286,0.328571,0.071429,0.085714,0.200000,2.750000,3.833333,1.250000,1.500000,2.000000
sub-5487a0a4,0.019231,0.000000,0.307692,0.173077,0.500000,1.000000,NaN,2.666667,1.500000,3.250000
sub-557edca4,0.205128,0.179487,0.141026,0.256410,0.217949,4.000000,2.333333,1.833333,2.857143,2.833333
sub-572ae124,0.163934,0.131148,0.237705,0.254098,0.213115,2.500000,2.000000,3.222222,2.583333,2.166667
sub-57799fa6,0.215385,0.200000,0.200000,0.215385,0.169231,2.000000,1.857143,2.166667,2.333333,2.200000
sub-57a99ec4,0.170732,0.231707,0.134146,0.231707,0.231707,2.000000,2.111111,2.750000,2.375000,2.714286
sub-58599b98,0.187500,0.250000,0.187500,0.218750,0.156250,2.400000,1.777778,1.714286,2.000000,1.666667
sub-58d30253,0.333333,0.071429,0.119048,0.309524,0.166667,2.800000,1.000000,1.250000,1.857143,1.400000
sub-59e8e368,0.220339,0.152542,0.220339,0.135593,0.271186,1.857143,1.800000,1.857143,2.000000,1.777778
sub-5aa627a7,0.326087,0.239130,0.086957,0.217391,0.130435,3.000000,2.750000,2.000000,1.666667,1.500000
sub-5ae55577,0.216216,0.162162,0.225225,0.180180,0.216216,2.000000,2.250000,2.500000,2.000000,2.666667
sub-5b0641bc,0.244681,0.212766,0.170213,0.191489,0.180851,2.300000,2.222222,2.285714,2.250000,2.125000
sub-5bb6dd44,0.142857,0.154762,0.261905,0.261905,0.178571,1.714286,1.625000,2.200000,2.444444,1.875000
sub-5c94d7fd,0.278846,0.250000,0.163462,0.182692,0.125000,2.230769,2.166667,2.125000,1.727273,1.857143
sub-5d19125e,0.025000,0.075000,0.350000,0.237500,0.312500,1.000000,1.500000,2.800000,2.714286,2.083333
sub-5d1f5dbc,0.193182,0.136364,0.170455,0.227273,0.272727,2.428571,2.400000,1.875000,2.857143,2.666667
sub-5d57b43d,0.168224,0.168224,0.280374,0.289720,0.093458,2.250000,1.636364,2.727273,3.875000,1.250000
sub-5d5af7d0,0.214286,0.250000,0.232143,0.107143,0.196429,2.400000,2.000000,2.166667,1.500000,1.833333
sub-5e4930e8,0.206897,0.224138,0.198276,0.198276,0.172414,2.000000,3.250000,2.090909,2.875000,2.222222
sub-5ebaa9b8,0.192308,0.192308,0.211538,0.173077,0.230769,2.000000,3.333333,1.833333,1.500000,2.400000
sub-5f4bcb1e,0.288000,0.256000,0.200000,0.136000,0.120000,3.600000,3.200000,4.166667,2.125000,1.875000
sub-5fc3275a,0.081395,0.104651,0.302326,0.186047,0.325581,1.166667,1.800000,2.600000,2.285714,2.545455
sub-60022f18,0.313253,0.349398,0.168675,0.060241,0.108434,2.888889,2.900000,1.750000,1.250000,1.800000
sub-60416b0f,0.209302,0.127907,0.313953,0.151163,0.197674,2.000000,1.571429,3.000000,1.625000,1.888889
sub-60f9a441,0.309735,0.300885,0.141593,0.176991,0.070796,3.181818,3.090909,2.666667,2.000000,2.000000
sub-61050925,0.211538,0.153846,0.192308,0.288462,0.153846,1.571429,2.666667,1.666667,2.142857,1.333333
sub-617dcfd9,0.211009,0.211009,0.211009,0.220183,0.146789,2.875000,2.875000,2.300000,3.428571,2.285714
sub-62cd11bb,0.175824,0.219780,0.153846,0.208791,0.241758,2.000000,2.000000,2.333333,3.166667,2.200000
sub-6366e0d1,0.300000,0.281818,0.154545,0.154545,0.109091,2.750000,2.818182,1.700000,1.888889,2.000000
sub-642987eb,0.086957,0.021739,0.347826,0.130435,0.413043,2.000000,1.000000,2.666667,1.500000,2.714286
sub-648f436c,0.261905,0.357143,0.190476,0.047619,0.142857,2.200000,2.500000,1.600000,1.000000,2.000000
sub-66f8a2ac,0.092593,0.055556,0.314815,0.333333,0.203704,1.666667,1.500000,3.400000,3.000000,2.200000
sub-673bb95f,0.250000,0.250000,0.145833,0.104167,0.250000,2.000000,2.400000,2.333333,1.250000,3.000000
sub-681777ef,0.316832,0.306931,0.138614,0.148515,0.089109,3.555556,4.428571,1.555556,2.142857,1.500000
sub-68fb75a6,0.196721,0.180328,0.196721,0.278689,0.147541,1.714286,1.571429,1.714286,2.428571,1.800000
sub-6aea7f4e,0.278846,0.240385,0.221154,0.153846,0.105769,3.222222,2.777778,2.875000,2.285714,1.375000
sub-6af20abb,0.078431,0.176471,0.156863,0.274510,0.313725,1.333333,1.800000,1.142857,2.800000,1.777778
sub-6b5e9346,0.276316,0.236842,0.197368,0.236842,0.052632,2.100000,2.250000,1.875000,2.571429,1.000000
sub-6bece886,0.068182,0.090909,0.386364,0.113636,0.340909,1.000000,1.333333,2.833333,1.000000,2.500000
sub-6d8bf370,0.037037,0.185185,0.222222,0.388889,0.166667,1.000000,1.666667,1.714286,2.333333,1.500000
sub-6ddb35f0,0.247934,0.181818,0.198347,0.181818,0.190083,2.727273,2.444444,2.181818,2.444444,2.090909
sub-6e2c5f17,0.241758,0.131868,0.274725,0.142857,0.208791,2.750000,4.000000,2.777778,2.166667,2.375000
sub-6e536f3e,0.197531,0.222222,0.197531,0.259259,0.123457,1.777778,1.636364,2.285714,1.909091,1.428571
sub-6e8ee48f,0.173077,0.153846,0.105769,0.326923,0.240385,2.000000,2.000000,2.750000,3.090909,2.777778
sub-6eac2893,0.190476,0.214286,0.119048,0.190476,0.285714,2.000000,1.800000,1.666667,4.000000,2.000000
sub-6f0d63a9,0.090909,0.227273,0.227273,0.136364,0.318182,1.333333,2.000000,2.000000,1.500000,2.800000
sub-6f4a64d6,0.339806,0.271845,0.155340,0.126214,0.106796,2.916667,2.333333,2.000000,1.857143,1.375000
sub-6fe4c23f,0.403846,0.365385,0.038462,0.038462,0.153846,3.000000,2.714286,2.000000,1.000000,1.333333
sub-7129811d,0.160920,0.137931,0.264368,0.160920,0.275862,2.000000,1.714286,2.300000,2.333333,2.400000
sub-71d507ab,0.326923,0.250000,0.153846,0.096154,0.173077,2.833333,2.166667,1.600000,1.666667,1.285714
sub-72419430,0.245614,0.219298,0.192982,0.157895,0.184211,2.800000,2.500000,2.750000,2.000000,2.100000
sub-72dec9fe,0.283019,0.207547,0.113208,0.150943,0.245283,2.500000,2.750000,2.000000,1.600000,2.166667
sub-72fff8ec,0.244444,0.288889,0.200000,0.088889,0.177778,1.571429,1.857143,1.500000,1.333333,1.333333
sub-733e1964,0.146341,0.146341,0.317073,0.195122,0.195122,2.000000,2.000000,2.600000,2.000000,2.666667
sub-744e48f4,0.225352,0.197183,0.253521,0.112676,0.211268,2.285714,1.750000,2.000000,2.000000,1.875000
sub-74b9e95a,0.386667,0.280000,0.093333,0.146667,0.093333,3.222222,3.000000,2.333333,1.833333,1.400000
sub-74d3a45b,0.278261,0.243478,0.113043,0.156522,0.208696,4.571429,3.111111,1.857143,2.250000,2.400000
sub-74fc8a4c,0.202247,0.224719,0.202247,0.134831,0.235955,1.800000,1.818182,2.000000,1.714286,1.750000
sub-75590b12,0.280000,0.293333,0.173333,0.186667,0.066667,1.909091,2.750000,1.625000,1.750000,2.500000
sub-757a7368,0.319149,0.361702,0.127660,0.148936,0.042553,2.500000,2.428571,2.000000,2.333333,2.000000
sub-757bfead,0.206186,0.144330,0.175258,0.175258,0.298969,1.818182,1.750000,2.125000,1.545455,2.636364
sub-75b56173,0.300000,0.375000,0.150000,0.025000,0.150000,3.000000,2.500000,1.500000,1.000000,1.500000
sub-7797c6e0,0.300000,0.280000,0.120000,0.200000,0.100000,3.000000,3.500000,1.500000,2.500000,2.500000
sub-78abd477,0.207792,0.129870,0.233766,0.285714,0.142857,2.000000,1.428571,2.000000,1.833333,1.833333
sub-78b98932,0.262136,0.233010,0.145631,0.223301,0.135922,2.250000,1.846154,1.875000,2.090909,1.400000
sub-7a6852fe,0.204819,0.301205,0.144578,0.289157,0.060241,2.428571,3.125000,2.000000,2.666667,1.666667
sub-7a6c9f84,0.259259,0.222222,0.160494,0.197531,0.160494,1.909091,2.571429,2.166667,2.285714,1.444444
sub-7b490831,0.240741,0.222222,0.092593,0.240741,0.203704,3.250000,2.400000,1.250000,1.857143,2.200000
sub-7b4fb0a4,0.265060,0.337349,0.144578,0.228916,0.024096,2.444444,2.545455,2.000000,1.900000,1.000000
sub-7c14f81f,0.277108,0.216867,0.216867,0.180723,0.108434,2.555556,2.250000,2.250000,1.875000,1.800000
sub-7c902397,0.205479,0.260274,0.150685,0.205479,0.178082,2.142857,2.375000,1.571429,2.142857,1.444444
sub-7cb89269,0.257143,0.228571,0.200000,0.200000,0.114286,2.571429,3.200000,1.750000,3.500000,2.000000
sub-7ce9f494,0.247191,0.191011,0.146067,0.269663,0.146067,2.750000,2.428571,1.444444,2.400000,2.166667
sub-7d2bc2fd,0.195122,0.158537,0.341463,0.231707,0.073171,2.285714,2.166667,2.800000,2.111111,1.500000
sub-7f71fc8c,0.137255,0.156863,0.254902,0.098039,0.352941,1.400000,2.666667,2.166667,1.250000,2.571429
sub-7fb70f97,0.225806,0.225806,0.241935,0.161290,0.145161,3.500000,2.333333,3.000000,2.000000,1.800000
sub-805eaf65,0.263736,0.219780,0.219780,0.098901,0.197802,2.400000,2.222222,2.000000,1.285714,1.636364
sub-80fd1fc5,0.275362,0.202899,0.202899,0.188406,0.130435,2.111111,2.000000,2.000000,1.625000,1.500000
sub-8141a2a4,0.173913,0.239130,0.217391,0.195652,0.173913,1.600000,1.833333,1.428571,2.250000,2.666667
sub-818d22db,0.150685,0.178082,0.246575,0.150685,0.273973,2.750000,2.600000,2.250000,1.833333,4.000000
sub-8196d6cb,0.111111,0.222222,0.355556,0.133333,0.177778,1.666667,1.666667,2.666667,1.500000,2.000000
sub-81a5ea6b,0.144444,0.122222,0.233333,0.200000,0.300000,1.625000,2.200000,2.625000,2.571429,2.454545
sub-8239533c,0.315068,0.232877,0.191781,0.082192,0.178082,2.555556,2.428571,2.000000,1.200000,1.625000
sub-82a5c122,0.306818,0.204545,0.170455,0.079545,0.238636,2.250000,2.571429,1.500000,1.400000,3.000000
sub-83566918,0.242718,0.310680,0.194175,0.165049,0.087379,2.777778,2.666667,2.222222,1.700000,1.800000
sub-83ca9ddb,0.097222,0.194444,0.250000,0.250000,0.208333,2.333333,1.750000,2.571429,2.571429,1.666667
sub-83da2896,0.309735,0.327434,0.097345,0.176991,0.088496,3.181818,3.083333,1.571429,2.222222,1.250000
sub-86014e8c,0.306122,0.244898,0.163265,0.193878,0.091837,2.727273,2.181818,1.777778,2.375000,1.800000
sub-8614d836,0.173077,0.067308,0.250000,0.317308,0.192308,2.571429,2.333333,2.888889,3.666667,2.500000
sub-864ef605,0.347107,0.305785,0.140496,0.107438,0.099174,3.000000,3.700000,1.888889,1.625000,1.500000
sub-8678f9dc,0.048387,0.145161,0.258065,0.225806,0.322581,1.500000,1.500000,2.285714,1.750000,2.857143
sub-8682f3a4,0.062500,0.093750,0.359375,0.093750,0.390625,1.333333,1.200000,2.555556,2.000000,2.500000
sub-87bfd3f2,0.290909,0.200000,0.181818,0.200000,0.127273,2.666667,2.750000,2.000000,1.571429,1.400000
sub-87dcbb1f,0.305882,0.388235,0.082353,0.105882,0.117647,3.250000,2.750000,1.000000,2.250000,1.666667
sub-88869384,0.169811,0.141509,0.245283,0.188679,0.254717,1.800000,1.666667,2.166667,1.818182,2.250000
sub-8992c8ca,0.190476,0.357143,0.214286,0.190476,0.047619,2.000000,2.142857,1.800000,2.000000,2.000000
sub-89b4271c,0.130000,0.200000,0.270000,0.240000,0.160000,1.625000,1.818182,2.250000,2.666667,2.000000
sub-8a4b4481,0.310345,0.258621,0.172414,0.206897,0.051724,3.600000,2.500000,2.000000,2.000000,1.500000
sub-8aab319e,0.238095,0.222222,0.158730,0.206349,0.174603,2.500000,2.000000,1.666667,2.600000,1.375000
sub-8ab7dfa3,0.383721,0.279070,0.116279,0.151163,0.069767,3.666667,2.666667,1.428571,2.166667,1.200000
sub-8ba3922c,0.285714,0.202381,0.166667,0.154762,0.190476,2.400000,2.833333,2.333333,2.600000,2.000000
sub-8bcb6f08,0.228070,0.201754,0.236842,0.114035,0.219298,2.166667,2.555556,2.076923,1.857143,1.785714
sub-8cd782e3,0.157143,0.257143,0.242857,0.214286,0.128571,1.833333,2.250000,2.833333,3.000000,1.500000
sub-8d4c6dc4,0.230088,0.283186,0.168142,0.168142,0.150442,3.250000,3.555556,2.111111,2.375000,1.888889
sub-8d557571,0.178571,0.178571,0.250000,0.125000,0.267857,1.666667,2.000000,2.000000,1.750000,2.500000
sub-8dd4a00a,0.238095,0.142857,0.219048,0.152381,0.247619,3.125000,1.875000,3.285714,2.666667,3.714286
sub-8eec5555,0.270833,0.104167,0.250000,0.104167,0.270833,1.857143,1.666667,2.000000,1.250000,2.166667
sub-8f3c6a08,0.329787,0.244681,0.202128,0.138298,0.085106,2.818182,2.875000,2.375000,2.166667,1.600000
sub-8f4252fd,0.280992,0.264463,0.173554,0.173554,0.107438,3.090909,3.200000,2.333333,2.333333,1.857143
sub-8fe06d8c,0.276923,0.230769,0.184615,0.153846,0.153846,1.800000,2.142857,1.333333,1.428571,1.666667
sub-9038a3a0,0.306452,0.241935,0.225806,0.064516,0.161290,3.166667,2.142857,2.000000,2.000000,2.500000
sub-9088b617,0.275510,0.295918,0.153061,0.204082,0.071429,3.375000,2.900000,2.142857,2.222222,1.400000
sub-90a0827e,0.222222,0.206349,0.190476,0.190476,0.190476,2.333333,2.600000,2.000000,2.000000,2.400000
sub-90f92579,0.197183,0.197183,0.197183,0.253521,0.154930,2.000000,2.800000,2.000000,3.600000,1.571429
sub-92da5dcd,0.378378,0.297297,0.090090,0.144144,0.090090,3.230769,2.750000,1.428571,2.000000,1.428571
sub-92e46917,0.146667,0.160000,0.226667,0.240000,0.226667,1.833333,2.000000,1.888889,2.250000,2.428571
sub-94389e60,0.306306,0.270270,0.171171,0.153153,0.099099,3.400000,2.500000,1.900000,1.545455,2.750000
sub-94a7bebf,0.112903,0.080645,0.290323,0.306452,0.209677,1.400000,1.666667,3.000000,2.375000,1.857143
sub-94b11e8a,0.280702,0.175439,0.122807,0.122807,0.298246,2.285714,2.500000,1.750000,1.750000,2.833333
sub-9556911c,0.105263,0.096491,0.219298,0.289474,0.289474,1.333333,1.833333,2.272727,3.300000,2.538462
sub-9626e986,0.257143,0.219048,0.171429,0.152381,0.200000,2.454545,2.555556,2.000000,2.666667,1.615385
sub-963e06ab,0.210526,0.231579,0.147368,0.263158,0.147368,2.222222,2.750000,1.750000,3.125000,2.800000
sub-964fc7b2,0.210526,0.126316,0.200000,0.273684,0.189474,1.818182,1.714286,1.727273,2.166667,2.571429
sub-96511618,0.266667,0.133333,0.316667,0.216667,0.066667,2.285714,1.600000,2.111111,2.166667,2.000000
sub-9657bb4d,0.309091,0.290909,0.072727,0.200000,0.127273,2.428571,2.666667,2.000000,1.571429,1.750000
sub-96a10c83,0.256410,0.243590,0.230769,0.038462,0.230769,1.818182,2.714286,1.636364,1.000000,2.250000
sub-96cf594a,0.203125,0.218750,0.140625,0.218750,0.218750,2.166667,2.333333,2.250000,2.333333,2.000000
sub-977fad27,0.202247,0.213483,0.303371,0.101124,0.179775,2.250000,2.111111,2.700000,1.500000,1.777778
sub-98265ac6,0.075472,0.037736,0.188679,0.396226,0.301887,1.333333,2.000000,2.500000,3.500000,2.285714
sub-98496c1a,0.106061,0.121212,0.166667,0.272727,0.333333,1.400000,1.600000,2.200000,2.000000,3.666667
sub-9897890f,0.246753,0.220779,0.168831,0.207792,0.155844,2.111111,1.888889,1.625000,2.285714,1.714286
sub-98a8f381,0.315217,0.217391,0.184783,0.130435,0.152174,2.900000,3.333333,2.125000,1.714286,1.750000
sub-9981e966,0.316667,0.200000,0.183333,0.166667,0.133333,2.714286,2.400000,1.571429,1.428571,1.333333
sub-9a4da035,0.173077,0.134615,0.250000,0.134615,0.307692,1.800000,1.400000,2.166667,1.400000,2.666667
sub-9bd0bbee,0.202703,0.270270,0.243243,0.175676,0.108108,1.875000,2.222222,2.000000,1.857143,2.666667
sub-9c0707cd,0.090909,0.113636,0.318182,0.363636,0.113636,2.000000,1.666667,3.500000,2.666667,1.666667
sub-9d06c8e3,0.192982,0.192982,0.157895,0.245614,0.210526,2.000000,2.444444,2.000000,2.545455,2.400000
sub-9d372e34,0.190000,0.240000,0.180000,0.230000,0.160000,2.111111,2.000000,1.800000,2.875000,2.285714
sub-9de71122,0.222222,0.222222,0.236111,0.152778,0.166667,2.666667,2.666667,2.125000,1.833333,2.400000
sub-9ee19387,0.265625,0.250000,0.218750,0.187500,0.078125,2.125000,2.666667,2.000000,2.000000,1.250000
sub-9ee70b72,0.336449,0.271028,0.186916,0.009346,0.196262,3.272727,2.230769,1.666667,1.000000,2.333333
sub-9f041651,0.237624,0.188119,0.168317,0.287129,0.118812,3.428571,2.111111,2.125000,2.636364,1.714286
sub-a0d6621a,0.280374,0.205607,0.149533,0.214953,0.149533,3.333333,2.444444,2.000000,2.555556,1.600000
sub-a0e4b7d4,0.275510,0.357143,0.091837,0.122449,0.153061,3.375000,3.181818,1.800000,1.500000,2.500000
sub-a0e73bdd,0.285714,0.269841,0.158730,0.190476,0.095238,2.571429,2.833333,2.500000,2.000000,1.200000
sub-a0f6bdb9,0.341463,0.317073,0.097561,0.097561,0.146341,2.800000,2.600000,1.333333,1.333333,2.000000
sub-a140220d,0.181818,0.163636,0.272727,0.163636,0.218182,1.666667,1.800000,1.875000,1.800000,2.400000
sub-a1e6bde2,0.287234,0.180851,0.191489,0.170213,0.170213,2.700000,1.888889,1.636364,1.777778,2.285714
sub-a1ea13f5,0.276596,0.223404,0.170213,0.117021,0.212766,2.600000,2.100000,1.333333,1.375000,2.222222
sub-a309ec12,0.373333,0.333333,0.133333,0.146667,0.013333,3.500000,3.125000,1.428571,1.833333,1.000000
sub-a3186766,0.205882,0.147059,0.191176,0.264706,0.191176,2.800000,2.500000,2.600000,2.250000,1.625000
sub-a32d1b4e,0.223529,0.188235,0.164706,0.223529,0.200000,2.714286,2.000000,1.555556,1.900000,2.833333
sub-a66ca01c,0.258929,0.241071,0.160714,0.196429,0.142857,2.416667,2.076923,2.250000,2.200000,1.777778
sub-a682716a,0.327273,0.363636,0.163636,0.054545,0.090909,2.250000,2.500000,1.800000,1.500000,1.666667
sub-a725ea5d,0.404255,0.382979,0.148936,0.063830,0.000000,2.714286,3.000000,2.333333,1.000000,NaN
sub-a801f2fa,0.296296,0.308642,0.135802,0.123457,0.135802,2.666667,2.272727,1.833333,1.111111,2.200000
sub-a82a00af,0.276316,0.328947,0.197368,0.065789,0.131579,2.100000,3.571429,1.875000,1.250000,1.666667
sub-a8565b28,0.220000,0.190000,0.180000,0.250000,0.160000,3.142857,2.375000,1.800000,3.125000,1.777778
sub-a86170a4,0.142857,0.111111,0.269841,0.222222,0.253968,1.800000,1.400000,1.888889,2.000000,2.000000
sub-a8f42977,0.313725,0.254902,0.117647,0.156863,0.156863,2.285714,1.625000,1.500000,1.333333,1.600000
sub-a9213ec5,0.075000,0.025000,0.325000,0.175000,0.400000,1.500000,1.000000,3.250000,2.333333,3.200000
sub-a937a86d,0.211268,0.225352,0.197183,0.140845,0.225352,1.875000,1.777778,2.333333,1.666667,2.666667
sub-a991d3bd,0.263736,0.285714,0.175824,0.087912,0.186813,4.000000,2.888889,2.000000,1.600000,2.833333
sub-a9b4246b,0.193277,0.218487,0.260504,0.218487,0.109244,3.285714,3.714286,5.166667,3.250000,2.166667
sub-aa20b09a,0.083333,0.083333,0.300000,0.300000,0.233333,1.000000,1.000000,2.571429,3.600000,2.333333
sub-aa3fb7aa,0.274510,0.215686,0.196078,0.176471,0.137255,2.333333,2.200000,2.000000,1.500000,1.750000
sub-ab742b1c,0.262136,0.262136,0.194175,0.116505,0.165049,3.000000,2.700000,2.222222,1.714286,1.888889
sub-ab8bd3c9,0.267857,0.348214,0.116071,0.125000,0.142857,3.333333,3.900000,2.166667,2.000000,3.200000
sub-abfb766b,0.333333,0.240741,0.101852,0.185185,0.138889,3.272727,2.166667,1.833333,2.222222,2.142857
sub-ade8fd31,0.063830,0.085106,0.340426,0.106383,0.404255,1.000000,1.333333,2.285714,1.666667,2.714286
sub-af3cda87,0.247191,0.191011,0.168539,0.247191,0.146067,2.444444,2.125000,1.875000,2.444444,1.857143
sub-af59045b,0.266667,0.238095,0.104762,0.180952,0.209524,2.800000,2.500000,1.571429,2.375000,2.200000
sub-af645a4e,0.177966,0.169492,0.245763,0.296610,0.110169,2.625000,2.857143,4.142857,3.181818,1.857143
sub-b0a8f7df,0.175258,0.144330,0.247423,0.257732,0.175258,2.125000,1.750000,2.666667,2.500000,2.125000
sub-b0c38196,0.314516,0.274194,0.104839,0.201613,0.104839,3.000000,3.090909,1.857143,2.500000,1.625000
sub-b1fd8109,0.146341,0.170732,0.219512,0.390244,0.073171,1.500000,1.750000,1.800000,2.666667,1.000000
sub-b21a2cb3,0.380435,0.293478,0.130435,0.108696,0.086957,3.181818,2.700000,2.000000,1.428571,1.333333
sub-b29c748a,0.175676,0.189189,0.189189,0.148649,0.297297,1.625000,2.000000,1.750000,1.375000,2.750000
sub-b3157ca6,0.440000,0.380000,0.060000,0.000000,0.120000,3.666667,3.800000,1.500000,NaN,1.500000
sub-b3cda6f7,0.240000,0.253333,0.226667,0.146667,0.133333,2.250000,2.375000,1.700000,1.571429,1.250000
sub-b5272ec2,0.173077,0.173077,0.211538,0.076923,0.365385,2.250000,1.800000,2.200000,2.000000,2.714286
sub-b54e81a8,0.246575,0.260274,0.150685,0.109589,0.232877,2.250000,2.375000,1.571429,1.333333,2.428571
sub-b596a31b,0.228916,0.180723,0.289157,0.204819,0.096386,2.375000,1.875000,2.666667,2.125000,1.333333
sub-b670c5fc,0.122222,0.122222,0.277778,0.233333,0.244444,1.375000,1.375000,2.272727,2.100000,1.833333
sub-b672fcd0,0.354167,0.250000,0.062500,0.187500,0.145833,4.250000,2.400000,1.500000,1.800000,2.333333
sub-b7e2e197,0.204545,0.204545,0.295455,0.068182,0.227273,1.800000,1.800000,2.166667,1.500000,2.000000
sub-b942eeca,0.235849,0.207547,0.198113,0.188679,0.169811,2.777778,2.750000,2.625000,2.500000,2.571429
sub-b95e8a03,0.195402,0.206897,0.275862,0.126437,0.195402,1.888889,2.000000,2.181818,1.375000,1.888889
sub-ba7713f4,0.277778,0.208333,0.152778,0.138889,0.222222,2.000000,2.142857,1.375000,2.000000,2.000000
sub-baf11154,0.296000,0.208000,0.152000,0.176000,0.168000,3.083333,2.888889,1.900000,2.444444,2.100000
sub-baf211c0,0.287129,0.326733,0.148515,0.128713,0.108911,2.900000,2.750000,1.666667,1.444444,2.200000
sub-bb333d59,0.203125,0.171875,0.203125,0.109375,0.312500,1.625000,2.200000,2.600000,1.400000,2.222222
sub-bb6a82dc,0.225000,0.150000,0.300000,0.325000,0.000000,1.800000,1.000000,2.000000,2.166667,NaN
sub-bc23e3c1,0.148936,0.234043,0.276596,0.255319,0.085106,1.750000,2.750000,2.166667,2.400000,1.333333
sub-bc2c800c,0.280899,0.393258,0.134831,0.101124,0.089888,3.571429,3.888889,1.714286,1.500000,2.000000
sub-bc821461,0.240964,0.168675,0.277108,0.265060,0.048193,2.857143,1.400000,2.555556,3.142857,2.000000
sub-bd647db1,0.204301,0.193548,0.258065,0.172043,0.172043,2.375000,2.250000,2.181818,2.285714,1.454545
sub-bda589a3,0.297619,0.250000,0.166667,0.178571,0.107143,2.500000,2.100000,1.555556,1.875000,2.250000
sub-bddbe9b1,0.224138,0.172414,0.189655,0.103448,0.310345,2.166667,2.000000,3.666667,1.200000,2.571429
sub-be472f92,0.162162,0.135135,0.207207,0.279279,0.216216,2.571429,1.500000,2.090909,2.583333,2.181818
sub-be5e2e88,0.348837,0.255814,0.116279,0.139535,0.139535,3.000000,2.750000,1.250000,2.000000,2.000000
sub-bec29b78,0.050000,0.050000,0.125000,0.325000,0.450000,1.000000,1.000000,1.666667,3.250000,3.600000
sub-bf2f1abf,0.297297,0.243243,0.175676,0.067568,0.216216,2.750000,2.250000,1.857143,1.666667,1.777778
sub-bf7dc05b,0.237288,0.245763,0.220339,0.144068,0.152542,2.800000,2.230769,2.363636,2.125000,3.000000
sub-bfc56382,0.269565,0.321739,0.156522,0.052174,0.200000,2.818182,2.846154,1.800000,1.200000,2.090909
sub-bfd1c975,0.180000,0.200000,0.120000,0.240000,0.260000,3.600000,3.333333,2.000000,3.000000,3.714286
sub-bff3f42a,0.441860,0.372093,0.023256,0.046512,0.116279,3.166667,2.666667,1.000000,1.000000,1.250000
sub-c0107d53,0.142857,0.077922,0.259740,0.246753,0.272727,1.833333,1.500000,2.500000,3.166667,2.625000
sub-c0c465ec,0.244444,0.377778,0.222222,0.044444,0.111111,2.750000,2.833333,2.000000,1.000000,1.666667
sub-c11229d3,0.315789,0.263158,0.140351,0.052632,0.228070,2.571429,2.500000,1.600000,1.500000,2.600000
sub-c13afce4,0.307018,0.245614,0.210526,0.078947,0.157895,2.916667,2.545455,2.000000,1.500000,1.636364
sub-c26e5113,0.184211,0.236842,0.210526,0.328947,0.039474,2.000000,1.800000,3.200000,2.777778,1.000000
sub-c346bdba,0.382716,0.246914,0.111111,0.160494,0.098765,3.100000,2.222222,1.285714,1.625000,1.600000
sub-c3f70a80,0.296296,0.314815,0.092593,0.157407,0.138889,2.909091,3.090909,1.111111,2.125000,1.875000
sub-c414d437,0.226087,0.252174,0.078261,0.252174,0.191304,2.166667,2.416667,1.500000,2.071429,2.444444
sub-c463dc03,0.106061,0.075758,0.166667,0.272727,0.378788,1.750000,1.250000,1.833333,2.000000,3.571429
sub-c4b8687a,0.280702,0.210526,0.192982,0.228070,0.087719,2.285714,2.400000,1.833333,1.857143,1.666667
sub-c5b2fb19,0.312500,0.291667,0.083333,0.145833,0.166667,3.000000,2.333333,1.333333,1.750000,1.600000
sub-c60ccabc,0.270833,0.229167,0.125000,0.250000,0.125000,2.166667,1.833333,2.000000,3.000000,1.500000
sub-c7846210,0.119048,0.071429,0.285714,0.380952,0.142857,1.666667,1.000000,3.000000,3.200000,1.500000
sub-c7a5384e,0.195122,0.162602,0.252033,0.243902,0.146341,4.000000,2.857143,3.100000,3.750000,2.250000
sub-c9b3cad7,0.244444,0.244444,0.177778,0.155556,0.177778,2.000000,2.444444,2.285714,2.000000,2.666667
sub-c9f3e918,0.179487,0.128205,0.273504,0.239316,0.179487,1.750000,1.666667,2.285714,2.800000,2.333333
sub-ca61232f,0.171717,0.202020,0.242424,0.272727,0.111111,2.428571,2.500000,2.400000,3.000000,1.833333
sub-ca80cb45,0.225000,0.216667,0.158333,0.250000,0.150000,2.250000,2.363636,1.727273,3.000000,1.800000
sub-cb8c1f9c,0.205882,0.225490,0.176471,0.245098,0.147059,2.333333,2.875000,2.000000,2.500000,1.875000
sub-cbb18a08,0.267857,0.303571,0.285714,0.071429,0.071429,2.500000,2.428571,1.777778,1.333333,1.333333
sub-cd862a67,0.186441,0.322034,0.220339,0.101695,0.169492,2.200000,2.111111,2.600000,1.200000,2.500000
sub-cdbd5c56,0.272727,0.318182,0.060606,0.181818,0.166667,2.250000,2.625000,1.333333,1.714286,1.571429
sub-cf784004,0.272727,0.290909,0.154545,0.127273,0.154545,2.727273,2.461538,2.125000,1.400000,1.545455
sub-cfc1cf12,0.285714,0.241071,0.205357,0.133929,0.133929,2.909091,2.700000,2.300000,2.142857,2.500000
sub-d39e106e,0.293478,0.260870,0.141304,0.152174,0.152174,2.700000,2.666667,1.857143,2.333333,1.750000
sub-d3f05b80,0.242857,0.242857,0.228571,0.142857,0.142857,2.833333,2.833333,2.285714,1.666667,1.250000
sub-d40b85b8,0.328125,0.281250,0.125000,0.125000,0.140625,3.000000,2.571429,2.666667,1.600000,1.800000
sub-d54bd4f9,0.333333,0.322222,0.166667,0.055556,0.122222,3.000000,3.222222,1.875000,1.250000,1.571429
sub-d5d91775,0.088889,0.133333,0.333333,0.200000,0.244444,1.333333,1.500000,3.000000,2.250000,3.666667
sub-d67c3379,0.256098,0.195122,0.158537,0.207317,0.182927,2.625000,2.285714,1.857143,1.888889,3.000000
sub-d70cd6ec,0.133333,0.233333,0.233333,0.250000,0.150000,2.000000,1.750000,1.555556,2.500000,1.800000
sub-d7763339,0.177570,0.205607,0.261682,0.233645,0.121495,2.111111,2.200000,2.545455,3.125000,1.625000
sub-d84a5484,0.081967,0.114754,0.196721,0.327869,0.278689,1.250000,1.750000,2.400000,2.857143,2.125000
sub-d93beca8,0.147368,0.178947,0.231579,0.210526,0.231579,1.750000,1.545455,2.000000,1.666667,2.000000
sub-da36a231,0.191781,0.178082,0.191781,0.178082,0.260274,1.750000,1.625000,1.555556,2.166667,2.111111
sub-db19bd9d,0.191489,0.202128,0.297872,0.106383,0.202128,1.800000,2.375000,2.333333,2.500000,2.375000
sub-db1c726a,0.178571,0.178571,0.285714,0.238095,0.119048,2.500000,1.875000,3.000000,2.500000,1.666667
sub-dd291f43,0.186667,0.120000,0.186667,0.293333,0.213333,2.333333,1.285714,1.555556,3.142857,2.000000
sub-df5fab05,0.300000,0.200000,0.200000,0.150000,0.150000,2.000000,2.000000,1.600000,1.500000,1.500000
sub-e02145f4,0.246377,0.231884,0.231884,0.101449,0.188406,2.833333,1.777778,2.000000,1.400000,1.857143
sub-e12ed92d,0.316667,0.316667,0.116667,0.066667,0.183333,2.375000,3.166667,1.750000,1.000000,1.571429
sub-e1583be7,0.142857,0.095238,0.238095,0.333333,0.190476,1.500000,2.000000,2.000000,2.000000,2.000000
sub-e28d88b7,0.256410,0.213675,0.179487,0.145299,0.205128,2.727273,2.500000,2.625000,2.428571,1.600000
sub-e306dd64,0.220183,0.247706,0.220183,0.165138,0.146789,2.666667,2.700000,3.000000,2.250000,1.600000
sub-e4d1481a,0.245763,0.262712,0.177966,0.203390,0.110169,2.636364,2.818182,2.333333,3.000000,1.625000
sub-e4d491a6,0.322222,0.333333,0.100000,0.100000,0.144444,2.900000,3.000000,1.285714,2.250000,1.857143
sub-e5e374fd,0.147059,0.161765,0.235294,0.220588,0.235294,1.666667,2.200000,2.000000,3.000000,2.000000
sub-e60d4b07,0.285714,0.204082,0.122449,0.265306,0.122449,2.000000,2.500000,1.500000,2.600000,2.000000
sub-e6194980,0.277108,0.265060,0.228916,0.096386,0.132530,2.090909,2.750000,1.583333,2.000000,1.571429
sub-e74e4c5a,0.275000,0.400000,0.150000,0.100000,0.075000,1.571429,2.285714,1.200000,1.333333,1.500000
sub-e7f50875,0.302326,0.418605,0.186047,0.093023,0.000000,2.600000,3.600000,1.600000,1.000000,NaN
sub-e84ecd2f,0.336735,0.234694,0.132653,0.153061,0.142857,3.000000,2.300000,1.625000,1.666667,2.000000
sub-e8e47f6c,0.225000,0.162500,0.187500,0.300000,0.125000,4.500000,1.857143,1.875000,2.666667,2.000000
sub-e8fd1865,0.291262,0.252427,0.213592,0.165049,0.077670,2.727273,2.363636,2.000000,1.700000,1.600000
sub-e91691a5,0.207792,0.155844,0.155844,0.311688,0.168831,2.000000,2.000000,2.400000,2.666667,1.857143
sub-ea1ba303,0.144000,0.168000,0.224000,0.136000,0.328000,2.250000,1.909091,2.545455,1.700000,2.733333
sub-ea23f97f,0.086957,0.000000,0.391304,0.217391,0.304348,1.000000,NaN,2.000000,2.000000,2.333333
sub-ea35c087,0.186441,0.152542,0.220339,0.186441,0.254237,1.833333,1.800000,2.166667,2.200000,2.142857
sub-ea7266a6,0.200000,0.150000,0.325000,0.025000,0.300000,2.000000,1.500000,2.600000,1.000000,2.000000
sub-eaa9a1ea,0.372549,0.274510,0.156863,0.098039,0.098039,2.714286,2.000000,1.600000,1.250000,1.666667
sub-eb0ac895,0.153846,0.057692,0.307692,0.115385,0.365385,1.600000,1.500000,2.666667,1.200000,3.800000
sub-eb2c84ca,0.236111,0.208333,0.180556,0.111111,0.263889,2.833333,1.875000,2.600000,2.000000,2.714286
sub-ec129ac4,0.142857,0.142857,0.163265,0.244898,0.306122,1.750000,1.750000,2.000000,2.400000,2.500000
sub-ec78225b,0.225000,0.216667,0.250000,0.133333,0.175000,2.700000,2.000000,2.727273,2.000000,2.333333
sub-ec96d125,0.293333,0.200000,0.200000,0.240000,0.066667,2.444444,2.500000,2.142857,3.000000,1.250000
sub-ecc7b2ca,0.164179,0.179104,0.283582,0.164179,0.208955,1.833333,2.400000,2.375000,1.833333,2.800000
sub-ecf838ec,0.187500,0.187500,0.218750,0.140625,0.265625,1.714286,2.000000,1.555556,1.800000,1.888889
sub-ed3c7758,0.138889,0.194444,0.222222,0.263889,0.180556,1.666667,2.333333,2.285714,2.111111,1.857143
sub-ed49286a,0.323529,0.338235,0.132353,0.029412,0.176471,2.444444,2.555556,1.800000,1.000000,2.400000
sub-edbcd4df,0.160000,0.240000,0.160000,0.253333,0.186667,3.000000,2.571429,1.714286,2.111111,2.800000
sub-edbf0d4d,0.330000,0.350000,0.120000,0.110000,0.090000,3.666667,3.181818,1.500000,1.833333,1.500000
sub-eeeee0ce,0.346535,0.346535,0.099010,0.148515,0.059406,3.500000,3.181818,2.000000,1.500000,1.500000
sub-ef4645ca,0.357143,0.342857,0.057143,0.157143,0.085714,3.571429,3.000000,1.000000,2.200000,1.500000
sub-efabdd7e,0.328767,0.191781,0.123288,0.150685,0.205479,3.000000,2.800000,1.500000,3.666667,1.875000
sub-efbc90a5,0.272727,0.272727,0.204545,0.113636,0.136364,4.000000,3.000000,1.800000,1.666667,2.000000
sub-f0b6aedf,0.232143,0.267857,0.142857,0.142857,0.214286,2.166667,2.142857,1.333333,1.600000,1.714286
sub-f1876917,0.269841,0.222222,0.206349,0.095238,0.206349,2.125000,2.000000,2.166667,1.200000,2.166667
sub-f1ffb87e,0.229508,0.377049,0.163934,0.114754,0.114754,2.333333,3.833333,2.000000,1.400000,1.750000
sub-f2746a7f,0.385321,0.385321,0.073394,0.073394,0.082569,3.230769,3.500000,1.333333,1.000000,1.285714
sub-f3232eae,0.300000,0.300000,0.140000,0.180000,0.080000,2.142857,1.666667,1.166667,1.800000,1.000000
sub-f3265f63,0.287129,0.297030,0.158416,0.108911,0.148515,2.900000,2.500000,1.777778,1.571429,1.666667
sub-f32b8017,0.082474,0.103093,0.288660,0.226804,0.298969,1.333333,1.428571,2.153846,2.200000,2.230769
sub-f3b907d8,0.238938,0.230088,0.230088,0.203540,0.097345,2.250000,1.733333,2.363636,2.300000,1.833333
sub-f3fa0c24,0.267606,0.253521,0.140845,0.225352,0.112676,2.714286,2.571429,2.500000,2.000000,2.000000
sub-f4a0ea73,0.107692,0.184615,0.276923,0.169231,0.261538,1.400000,3.000000,2.250000,1.571429,2.125000
sub-f5787346,0.217391,0.173913,0.304348,0.021739,0.282609,2.500000,2.000000,2.800000,1.000000,1.857143
sub-f5b31d52,0.380282,0.323944,0.084507,0.112676,0.098592,3.375000,2.300000,1.000000,2.000000,1.400000
sub-f656cba9,0.292035,0.265487,0.115044,0.159292,0.168142,3.300000,3.333333,1.444444,2.000000,2.111111
sub-f66e7c91,0.171171,0.126126,0.207207,0.261261,0.234234,2.714286,2.000000,2.090909,3.222222,2.888889
sub-f6bb94d0,0.140845,0.084507,0.281690,0.154930,0.338028,1.666667,2.000000,2.500000,1.833333,2.666667
sub-f6c1fab2,0.176471,0.156863,0.176471,0.196078,0.294118,1.800000,2.000000,1.285714,1.666667,2.500000
sub-f7418043,0.192771,0.265060,0.168675,0.216867,0.156627,2.000000,2.200000,2.333333,3.000000,1.444444
sub-f75ea85d,0.149123,0.166667,0.263158,0.219298,0.201754,2.428571,2.375000,3.750000,3.125000,2.555556
sub-f82afde4,0.242857,0.285714,0.085714,0.185714,0.200000,2.833333,2.500000,2.000000,2.166667,2.000000
sub-f8d25943,0.267241,0.301724,0.163793,0.094828,0.172414,3.100000,2.916667,1.727273,1.833333,1.666667
sub-f953273b,0.127660,0.148936,0.255319,0.234043,0.234043,1.200000,1.400000,2.000000,2.750000,2.750000
sub-f957c1c8,0.170732,0.182927,0.231707,0.146341,0.268293,2.333333,2.142857,1.900000,1.714286,2.750000
sub-f981e3f5,0.264706,0.274510,0.196078,0.078431,0.186275,3.000000,2.800000,2.500000,1.333333,3.166667
sub-f9f6c4ed,0.254545,0.309091,0.200000,0.218182,0.018182,2.333333,2.833333,1.833333,4.000000,1.000000
sub-fa21e57e,0.120000,0.053333,0.266667,0.200000,0.360000,2.250000,1.000000,2.857143,2.500000,3.375000
sub-fa823b79,0.259259,0.259259,0.086420,0.222222,0.172840,2.100000,2.625000,1.400000,2.000000,2.333333
sub-fab13b8f,0.253731,0.223881,0.268657,0.208955,0.044776,2.125000,2.500000,2.571429,2.000000,1.000000
sub-fbcd9110,0.083333,0.133333,0.283333,0.250000,0.250000,1.250000,1.333333,3.400000,2.142857,2.142857
sub-fc05ba17,0.303371,0.280899,0.168539,0.089888,0.157303,2.700000,2.083333,1.875000,1.333333,1.750000
sub-fc16c19f,0.150000,0.275000,0.000000,0.250000,0.325000,2.000000,2.750000,NaN,2.500000,3.250000
sub-fcb347e1,0.285714,0.326531,0.102041,0.265306,0.020408,3.500000,2.285714,1.666667,2.166667,1.000000
sub-fd1e3702,0.210526,0.184211,0.250000,0.131579,0.223684,2.666667,2.000000,2.375000,1.428571,2.428571
sub-fdc8479f,0.208333,0.166667,0.187500,0.250000,0.187500,2.500000,2.000000,3.000000,2.181818,2.250000
sub-fdd7a1be,0.198198,0.225225,0.225225,0.198198,0.153153,2.444444,2.500000,2.272727,1.833333,1.545455
sub-fe1c4177,0.279661,0.288136,0.186441,0.101695,0.144068,3.300000,3.400000,2.000000,1.500000,1.545455
